>CP009007
+1 +2 +3 +4 +5 +6 +7 +8 +9 +10 +11 +12 +13 +14 +15 +16 +17 +18 +19 +20 +21 +22 +23 +24 +25 +26 +27 +28 +29 +30 +31 +32 +33 +34 +35 +36 +37 +38 +39 +40 +42 +43 +44 +45 +46 +47 +48 +49 +50 +51 +52 +53 +54 +55 +56 +57 +58 +59 +63 +64 +65 +66 +67 +68 +69 +70 +71 +72 +73 +74 +75 +76 +77 +78 +79 +80 +81 +82 +83 +84 +85 +86 +87 +88 +89 +90 +91 +92 +93 +94 +95 +97 +98 +99 +100 +101 +102 +104 +105 +109 +110 +111 +112 +116 +117 +118 +119 +120 @
>CP009010
+1 +2 +3 +4 +5 +6 +7 +8 +9 +10 +11 +12 +13 +14 +15 +16 +17 +18 +19 +20 +21 +22 +23 +24 +25 +26 +27 +28 +29 +30 +31 +32 +33 +34 +35 +36 +37 +38 +39 +40 +42 +43 +44 +45 +46 +47 +48 +49 +50 +51 +52 +53 +54 +55 +56 +57 +58 +59 +63 +64 +65 +66 +67 +68 +69 +70 +71 +72 +73 +74 +75 +76 +77 +78 +79 +80 +81 +82 +83 +84 +85 +86 +87 +88 +89 +90 +91 +92 +93 +94 +95 +97 +98 +99 +100 +101 +102 +104 +105 +109 +110 +111 +112 +116 +117 +118 +119 +120 @
>CP020889
+81 +82 +83 +84 +85 +86 +87 -27 -26 -25 -24 -23 -22 -21 -20 -19 -18 +90 -17 -16 -15 -14 -13 -12 -11 +91 +92 +93 +94 +95 +97 +98 +99 +100 +101 +102 +118 +119 +120 +1 +2 -116 -112 -111 -110 -109 -105 -104 -117 +3 +4 +5 +6 +7 +8 +9 +10 -89 -88 +28 +29 +30 +31 +32 +33 +34 +35 +36 +37 +38 +39 +40 -74 -73 -72 -71 -70 -69 -68 -67 -66 -65 -64 -63 +50 +51 +52 +53 +54 +55 +56 -49 -48 -47 -46 -45 -44 -43 -42 +75 +76 +77 +78 +79 +80 @
>LN606820
+1 +2 +3 +4 +5 +6 +9 +10 +11 +12 +13 -8 -7 +14 +15 +16 +17 +18 +19 +20 +21 +22 +23 +24 +25 +26 +27 +28 +29 +30 +31 +32 +33 +34 +35 +36 +37 +38 +39 +40 +42 +43 +44 +45 +46 +47 +48 +49 +50 +51 +52 +53 +54 +55 +56 +57 +58 +59 +63 +64 +65 +66 +67 +68 +69 +70 +71 +72 +73 +74 +75 +76 +77 +78 +79 +80 +81 +82 +83 +84 +85 +86 +87 +88 +89 +90 +91 +92 +93 +94 +95 +97 +98 +99 +100 +101 +102 +104 +105 +109 +110 +111 +112 +116 +117 +118 +119 +120 @
>CP009022
+1 +2 +3 +4 +5 +6 +7 +8 +9 +10 +11 +12 +13 +14 +15 +16 +17 +18 +19 +20 +21 +22 +23 +24 +25 +26 +27 +28 +29 +30 +31 +32 +33 +34 +35 +36 +37 +38 +39 +40 +42 +43 +44 +45 +46 +47 +48 +49 +50 +51 +52 +53 +54 +55 +56 +57 +58 +59 +63 +64 +65 +66 +67 +68 +69 +70 +71 +72 +73 +74 +75 +76 +77 +78 +79 +80 +81 +82 +83 +84 +85 +86 +87 +88 +89 +90 +91 +92 +93 +94 +95 +97 +98 +99 +100 +101 +102 +104 +105 +109 +110 +111 +112 +116 +117 +118 +119 +120 @
>CP020885
+20 +21 +22 +23 +24 +25 +26 +27 +28 +29 +30 +31 +32 +33 +34 +35 +36 -88 -87 -86 -85 -84 -83 -82 -81 -80 -79 -78 -77 -76 -75 -74 -73 -72 -71 -70 -69 -68 -67 -66 -65 -64 -63 -59 +58 -57 -56 -55 -54 -53 -52 -51 -50 +89 -37 -49 -48 -47 -46 -45 -44 -43 -42 -40 -39 -38 +90 +91 +92 +93 +94 +95 +97 +98 +99 +100 +101 +102 +104 -105 +109 +110 +111 +112 +116 +117 +118 +119 +120 +1 +2 +3 +4 +5 +6 +7 +8 +9 +10 +11 +12 +13 +14 +15 +16 +17 +18 +19 @
>LN590509
+1 +2 +3 +4 +5 +6 -119 +9 +10 +11 +12 +13 +14 +15 +16 +17 +18 +19 +20 +21 +22 +23 +24 +25 +26 +27 +28 +29 +30 +31 +32 +33 +34 +35 +36 +38 +39 +40 +42 +43 +44 +45 +46 +47 +49 +50 +51 +52 +53 +65 +66 +67 -54 +68 +69 +70 +71 +72 +73 +74 +75 +76 +77 +78 +79 +80 +81 +82 +83 +84 +85 +86 +87 +88 +89 +90 +91 +92 +93 +94 +95 +97 +98 +99 +100 +101 +102 +104 +105 +109 +110 -8 -7 +111 +112 +116 +117 +118 +120 +48 @
>CP023285
+118 +119 +120 +1 +2 +3 +4 +5 +6 +7 +8 +9 +10 +11 +12 +13 +14 +15 +16 +17 +18 +19 +20 +21 +22 +23 +24 +25 +26 +27 +28 +29 +30 +31 +32 +33 +34 +35 +36 +37 +38 +39 +40 +42 +43 +44 +45 +46 +47 +48 +49 +50 +51 +52 +53 +54 +55 +56 +57 +58 +59 +63 +64 +65 +66 +67 +68 +69 +70 +71 +72 +73 +74 +75 +76 +77 +78 +79 +80 +81 +82 +83 +84 +85 +86 +87 +88 +89 +90 +91 +92 +93 +94 +95 +97 +98 +99 +100 +101 +102 +104 +105 +109 +110 +111 +112 +116 +117 @
>CP009025
+1 +2 +3 +4 +5 +6 +7 +8 +9 +10 +11 +12 +13 +14 +15 +16 +17 +18 +19 +20 +21 +22 +23 +24 +25 +26 +27 +28 +29 +30 +31 +32 +33 +34 +35 +36 +37 +38 +39 +40 +42 +43 +44 +45 +46 +47 +48 +49 +50 +51 +52 +53 +54 +55 +56 +57 +58 +59 +63 +64 +65 +66 +67 +68 +69 +70 +71 +72 +73 +74 +75 +76 +77 +78 +79 +80 +81 +82 +83 +84 +85 +86 +87 +88 +89 +90 +91 +92 +93 +94 +95 +97 +98 +99 +100 +101 +102 +104 +105 +109 +110 +111 +112 +116 +117 +118 +119 +120 @
>CP009028
+1 +2 +3 +4 +5 +6 +7 +8 +9 +10 +11 +12 +13 +14 +15 +16 +17 +18 +19 +20 +21 +22 +23 +24 +25 +26 +27 +28 +29 +30 +31 +32 +33 +34 +35 +36 +37 +38 +39 +40 +42 +43 +44 +45 +46 +47 +48 +49 +50 +51 +52 +53 +54 +55 +56 +57 +58 +59 +63 +64 +65 +66 +67 +68 +69 +70 +71 +72 +73 +74 +75 +76 +77 +78 +79 +80 +81 +82 +83 +84 +85 +86 +87 +88 +89 +90 +91 +92 +93 +94 +95 +97 +98 +99 +100 +101 +102 +104 +105 +109 +110 +111 +112 +116 +117 +118 +119 +120 @
>CP018847
-11 -10 -9 -8 -7 -6 -5 -4 -3 -2 -1 -120 -119 -118 -117 -116 -112 -111 -110 -109 -105 -104 -102 -101 -100 -99 -98 -97 -95 -94 -93 -92 -91 -90 -89 -88 -87 -86 -85 -84 -83 -82 -81 -80 -79 -78 -77 -76 -75 -74 -73 -72 -71 -70 -69 -68 -67 -66 -65 -64 -63 -59 -58 -57 -56 -55 -54 -53 -52 -51 -50 -49 -48 -47 -46 -45 -44 -43 -42 -40 -39 -38 -37 -36 -35 -34 -33 -32 -31 -30 -29 -28 -27 -26 -25 -24 -23 -22 -21 -20 -19 -18 -17 -16 -15 -14 -13 -12 @
>AE008923
+1 +2 +3 +4 +5 +6 +7 +8 +9 +10 +11 +12 +13 +14 +15 +16 +17 +18 +19 +20 +21 +22 +23 +24 +25 +26 +27 +28 +29 +30 +31 +32 +33 +34 +35 +36 +37 +38 +39 +40 +42 +43 +44 +45 +46 +47 +48 +49 +50 +51 +52 +53 +54 +55 +56 +57 +58 +59 +63 +64 +65 +66 +67 +68 +69 +70 +71 +72 +73 +74 +75 +76 +77 +78 +79 +80 +81 +82 +83 +84 +85 +86 +87 +88 +89 +90 +91 +92 +93 +94 +95 +97 +98 +99 +100 +101 +102 +104 +105 +109 +110 +111 +112 +116 +117 +118 +119 +120 @
>CP008995
+1 +2 +3 +4 +5 +6 +7 +8 +9 +10 +11 +12 +13 +14 +15 +16 +17 +18 +19 +20 +21 +22 +23 +24 +25 +26 +27 +28 +29 +30 +31 +32 +33 +34 +35 +36 +37 +38 +39 +40 +42 +43 +44 +45 +46 +47 +48 +49 +50 +51 +52 +53 +54 +55 +56 +57 +58 +59 +63 +64 +65 +66 +67 +68 +69 +70 +71 +72 +73 +74 +75 +76 +77 +78 +79 +80 +81 +82 +83 +84 +85 +86 +87 +88 +89 +90 +91 +92 +93 +94 +95 +97 +98 +99 +100 +101 +102 +104 +105 +109 +110 +111 +112 +116 +117 +118 +119 +120 @
>CP009037
+1 +2 -116 -112 -111 -110 -109 -105 -104 -117 +3 +4 +5 +6 +7 +8 +9 +10 +11 +12 +13 +14 +15 +16 +17 -90 -89 -88 +28 +29 +30 +31 +32 +33 +34 -76 -75 -56 -55 -54 -53 -52 -51 -50 +63 +64 +65 +66 +67 +68 +69 +70 +71 +72 +73 -43 -42 +57 +58 +59 -49 -48 -47 -46 -45 -44 +74 -40 -39 -38 -37 -36 -35 +77 +78 +79 +80 +81 +82 +83 +84 +85 +86 +87 -27 -26 -25 -24 -23 -22 -21 -20 -19 -18 +91 +92 +93 +94 +95 +97 +98 +99 +100 +101 +102 +118 +119 +120 @
>CP009040
+1 +2 -116 -112 -111 -110 -109 -105 -104 -117 +3 +4 +5 +6 +7 +8 +9 +10 +11 +12 +13 +14 +15 +16 +17 -90 -89 -88 +28 +29 +30 +31 +32 +33 +34 -76 -75 -56 -55 -54 -53 -52 -51 -50 +63 +64 +65 +66 +67 +68 +69 +70 +71 +72 +73 -43 -42 +57 +58 +59 -49 -48 -47 -46 -45 -44 +74 -40 -39 -38 -37 -36 -35 +77 +78 +79 +80 +81 +82 +83 +84 +85 +86 +87 -27 -26 -25 -24 -23 -22 -21 -20 -19 -18 +91 +92 +93 +94 +95 +97 +98 +99 +100 +101 +102 +118 +119 +120 @
>CP018854
+111 +112 +116 +117 +118 +119 +120 +1 +2 +3 +4 +5 +6 +7 +8 +9 +10 +11 +12 +13 +14 +15 +16 +17 +18 +19 +20 +21 +22 +23 +24 +25 +26 +27 +28 +29 +30 +31 +32 +33 +34 +35 +36 +37 +38 +39 +40 +42 +43 +44 +45 +46 +47 +48 +49 +50 +51 +52 +53 +54 +55 +56 +57 +58 +59 +63 +64 +65 +66 +67 +68 +69 +70 +71 +72 +73 +74 +75 +76 +77 +78 +79 +80 +81 +82 +83 +84 +85 +86 +87 +88 +89 +90 +91 +92 +93 +94 +95 +97 +98 +99 +100 +101 +102 +104 +105 +109 +110 @
>CP009013
+1 +2 +3 +4 +5 +6 +7 +8 +9 +10 +11 +12 +13 +14 +15 +16 +17 +18 +19 +20 +21 +22 +23 +24 +25 +26 +27 +28 +29 +30 +31 +32 +33 +34 +35 +36 +37 +38 +39 +40 +42 +43 +44 +45 +46 +47 +48 +49 +50 +51 +52 +53 +54 +55 +56 +57 +58 +59 +63 +64 +65 +66 +67 +68 +69 +70 +71 +72 +73 +74 +75 +76 +77 +78 +79 +80 +81 +82 +83 +84 +85 +86 +87 +88 +89 +90 +91 +92 +93 +94 +95 +97 +98 +99 +100 +101 +102 +104 +105 +109 +110 +111 +112 +116 +117 +118 +119 +120 @
>CP020882
-3 +117 +104 +105 +109 +110 +111 +112 +116 -2 -1 -120 -119 -118 -102 -101 -100 -99 -98 -97 -95 -94 -93 -92 -91 -89 -88 +28 +29 +30 +31 +32 +33 +34 +35 +36 +37 +38 +39 +40 -74 -73 -72 -71 -70 -69 -68 -67 -66 -65 -64 -63 +50 +51 +52 +53 +54 +55 +56 -49 -48 -47 -46 -45 -44 -43 -42 +75 +76 +77 +78 +79 +80 +81 +82 +83 +84 +85 +86 +87 -27 -26 -25 -24 -23 -22 -21 -20 -19 -18 +90 -17 -16 -15 -14 -13 -12 -11 -10 -9 -8 -7 -6 -5 -4 @
>CP018858
-84 -83 -82 -81 -80 -79 -78 -77 -76 -75 -74 -73 -72 -71 -70 -69 -68 -67 -66 -65 -64 -63 -59 -58 -57 -56 -55 -54 -53 -52 -51 -50 -49 -48 -47 -46 -45 -44 -43 -42 -40 -39 -38 -37 -36 -35 -34 -33 -32 -31 -30 -29 -28 -27 -26 -25 -24 -23 -22 -21 -20 -19 -18 -17 -16 -15 -14 -13 -12 -11 -10 -9 -8 -7 -6 -5 -4 -3 -2 -1 -120 -119 -118 -117 -116 -112 -111 -110 -109 -105 -104 -102 -101 -100 -99 -98 -97 -95 -94 -93 -92 -91 -90 -89 -88 -87 -86 -85 @
>CP009001
+1 +2 +3 +4 +5 +6 +7 +8 +9 +10 +11 +12 +13 +14 +15 +16 +17 +18 +19 +20 +21 +22 +23 +24 +25 +26 +27 +28 +29 +30 +31 +32 +33 +34 +35 +36 +37 +38 +39 +40 +42 +43 +44 +45 +46 +47 +48 +49 +50 +51 +52 +53 +54 +55 +56 +57 +58 +59 +63 +64 +65 +66 +67 +68 +69 +70 +71 +72 +73 +74 +75 +76 +77 +78 +79 +80 +81 +82 +83 +84 +85 +86 +87 +88 +89 +90 +91 +92 +93 +94 +95 +97 +98 +99 +100 +101 +102 +104 +105 +109 +110 +111 +112 +116 +117 +118 +119 +120 @
>CM007622
+48 +49 +50 +51 +52 +53 +54 +55 +56 +57 +58 +59 +63 +64 +65 +66 +67 +68 +69 +70 +71 +72 +73 +74 +75 +76 +77 +78 +79 +80 +81 +82 +83 +84 +85 +86 +87 +88 +89 +90 +91 +92 +93 +94 +95 +97 +98 +99 +100 +101 +102 +104 +105 +109 +110 +111 +112 +116 +117 +118 +119 +120 +1 +2 +3 +4 +5 +6 +7 +8 +9 +10 +11 +12 +13 +14 +15 +16 +17 +18 +19 +20 +21 +22 +23 +24 +25 +26 +27 +28 +29 +30 +31 +32 +33 +34 +35 +36 +38 +39 +40 +42 +43 +44 +45 +46 +47 @
>CP008989
+1 +2 +3 +4 +5 +6 +7 +8 +9 +10 +11 +12 +13 +14 +15 +16 +17 +18 +19 +20 +21 +22 +23 +24 +25 +26 +27 +28 +29 +30 +31 +32 +33 +34 +35 +36 +37 +38 +39 +40 +42 +43 +44 +45 +46 +47 +48 +49 +50 +51 +52 +53 +54 +55 +56 +57 +58 +59 +63 +64 +65 +66 +67 +68 +69 +70 +71 +72 +73 +74 +75 +76 +77 +78 +79 +80 +81 +82 +83 +84 +85 +86 +87 +88 +89 +90 +91 +92 +93 +94 +95 +97 +98 +99 +100 +101 +102 +104 +105 +109 +110 +111 +112 +116 +117 +118 +119 +120 @
>CP009019
+1 +2 +3 +4 +5 +6 +7 +8 +9 +10 +11 +12 +13 +14 +15 +16 +17 +18 +19 +20 +21 +22 +23 +24 +25 +26 +27 +28 +29 +30 +31 +32 +33 +34 +35 +36 +37 +38 +39 +40 +42 +43 +44 +45 +46 +47 +48 +49 +50 +51 +52 +53 +54 +55 +56 +57 +58 +59 +63 +64 +65 +66 +67 +68 +69 +70 +71 +72 +73 +74 +75 +76 +77 +78 +79 +80 +81 +82 +83 +84 +85 +86 +87 +88 +89 +90 +91 +92 +93 +94 +95 +97 +98 +99 +100 +101 +102 +104 +105 +109 +110 +111 +112 +116 +117 +118 +119 +120 @
>CP008992
+1 +2 +3 +4 +5 +6 +7 +8 +9 +10 +11 +12 +13 +14 +15 +16 +17 +18 +19 +20 +21 +22 +23 +24 +25 +26 +27 +28 +29 +30 +31 +32 +33 +34 +35 +36 +37 +38 +39 +40 +42 +43 +44 +45 +46 +47 +48 +49 +50 +51 +52 +53 +54 +55 +56 +57 +58 +59 +63 +64 +65 +66 +67 +68 +69 +70 +71 +72 +73 +74 +75 +76 +77 +78 +79 +80 +81 +82 +83 +84 +85 +86 +87 +88 +89 +90 +91 +92 +93 +94 +95 +97 +98 +99 +100 +101 +102 +104 +105 +109 +110 +111 +112 +116 +117 +118 +119 +120 @
>CP009031
+1 +2 -116 -112 -111 -110 -109 -105 -104 -117 +3 +4 +5 +6 +7 +8 +9 +10 +11 +12 +13 +14 +15 +16 +17 -90 -89 -88 +28 +29 +30 +31 +32 +33 +34 -76 -75 -56 -55 -54 -53 -52 -51 -50 +63 +64 +65 +66 +67 +68 +69 +70 +71 +72 +73 -43 -42 +57 +58 +59 -49 -48 -47 -46 -45 -44 +74 -40 -39 -38 -37 -36 -35 +77 +78 +79 +80 +81 +82 +83 +84 +85 +86 +87 -27 -26 -25 -24 -23 -22 -21 -20 -19 -18 +91 +92 +93 +94 +95 +97 +98 +99 +100 +101 +102 +118 +119 +120 @
>CP018850
+47 +48 +49 +50 +51 +52 +53 +54 +55 +56 +57 +58 +59 +63 +64 +65 +66 +67 +68 +69 +70 +71 +72 +73 +74 +75 +76 +77 +78 +79 +80 +81 +82 +83 +84 +85 +86 +87 +88 +89 +90 +91 +92 +93 +94 +95 +97 +98 +99 +100 +101 +102 +104 +105 +109 +110 +111 +112 +116 +117 +118 +119 +120 +1 +2 +3 +4 +5 +6 +7 +8 +9 +10 +11 +12 +13 +14 +15 +16 +17 +18 +19 +20 +21 +22 +23 +24 +25 +26 +27 +28 +29 +30 +31 +32 +33 +34 +35 +36 +37 +38 +39 +40 +42 +43 +44 +45 +46 @
>CP009016
+1 +2 +3 +4 +5 +6 +7 +8 +9 +10 +11 +12 +13 +14 +15 +16 +17 +18 +19 +20 +21 +22 +23 +24 +25 +26 +27 +28 +29 +30 +31 +32 +33 +34 +35 +36 +37 +38 +39 +40 +42 +43 +44 +45 +46 +47 +48 +49 +50 +51 +52 +53 +54 +55 +56 +57 +58 +59 +63 +64 +65 +66 +67 +68 +69 +70 +71 +72 +73 +74 +75 +76 +77 +78 +79 +80 +81 +82 +83 +84 +85 +86 +87 +88 +89 +90 +91 +92 +93 +94 +95 +97 +98 +99 +100 +101 +102 +104 +105 +109 +110 +111 +112 +116 +117 +118 +119 +120 @
>CP006857
+1 +2 +3 +4 +5 +6 +7 +8 +9 +10 +11 +12 +13 +14 +15 +16 +17 +18 +19 +20 +21 +22 +23 +24 +25 +26 +27 +28 +29 +30 +31 +32 +33 +34 +35 +36 +37 +38 +39 +40 +42 +43 +44 +45 +46 +47 +48 +49 +50 +51 +52 +53 +54 +55 +56 +57 +58 +59 +63 +64 +65 +66 +67 +68 +69 +70 +71 +72 +73 +74 +75 +76 +77 +78 +79 +80 +81 +82 +83 +84 +85 +86 +87 +88 +89 +90 +91 +92 +93 +94 +95 +97 +98 +99 +100 +101 +102 +104 +105 +109 +110 +111 +112 +116 +117 +118 +119 +120 @
>CP011827
+1 +2 +3 +4 +5 +6 +7 +8 +9 +10 +11 +12 +13 +14 +15 +16 +17 +18 +19 +20 +21 +22 +23 +24 +25 +26 +27 +28 +29 +30 +31 +32 +33 +34 +35 +36 +37 +38 +39 +40 +42 +43 +44 +45 +46 +47 +48 +49 +50 +51 +52 +53 +54 +55 +56 +57 +58 +59 +63 +64 +65 +66 +67 +68 +69 +70 +71 +72 +73 +74 +75 +76 +77 +78 +79 +80 +81 +82 +83 +84 +85 +86 +87 +88 +89 +90 +91 +92 +93 +94 +95 +97 +98 +99 +100 +101 +102 +104 +105 +109 +110 +111 +112 +116 +117 +118 +119 +120 @
>CP009034
+1 +2 -116 -112 -111 -110 -109 -105 -104 -117 +3 +4 +5 +6 +7 +8 +9 +10 +11 +12 +13 +14 +15 +16 +17 -90 -89 -88 +28 +29 +30 +31 +32 +33 +34 -76 -75 -56 -55 -54 -53 -52 -51 -50 +63 +64 +65 +66 +67 +68 +69 +70 +71 +72 +73 -43 -42 +57 +58 +59 -49 -48 -47 -46 -45 -44 +74 -40 -39 -38 -37 -36 -35 +77 +78 +79 +80 +81 +82 +83 +84 +85 +86 +87 -27 -26 -25 -24 -23 -22 -21 -20 -19 -18 +91 +92 +93 +94 +95 +97 +98 +99 +100 +101 +102 +118 +119 +120 @
>CP008998
+1 +2 +3 +4 +5 +6 +7 +8 +9 +10 +11 +12 +13 +14 +15 +16 +17 +18 +19 +20 +21 +22 +23 +24 +25 +26 +27 +28 +29 +30 +31 +32 +33 +34 +35 +36 +37 +38 +39 +40 +42 +43 +44 +45 +46 +47 +48 +49 +50 +51 +52 +53 +54 +55 +56 +57 +58 +59 +63 +64 +65 +66 +67 +68 +69 +70 +71 +72 +73 +74 +75 +76 +77 +78 +79 +80 +81 +82 +83 +84 +85 +86 +87 +88 +89 +90 +91 +92 +93 +94 +95 +97 +98 +99 +100 +101 +102 +104 +105 +109 +110 +111 +112 +116 +117 +118 +119 +120 @
>CP009004
+1 +2 +3 +4 +5 +6 +7 +8 +9 +10 +11 +12 +13 +14 +15 +16 +17 +18 +19 +20 +21 +22 +23 +24 +25 +26 +27 +28 +29 +30 +31 +32 +33 +34 +35 +36 +37 +38 +39 +40 +42 +43 +44 +45 +46 +47 +48 +49 +50 +51 +52 +53 +54 +55 +56 +57 +58 +59 +63 +64 +65 +66 +67 +68 +69 +70 +71 +72 +73 +74 +75 +76 +77 +78 +79 +80 +81 +82 +83 +84 +85 +86 +87 +88 +89 +90 +91 +92 +93 +94 +95 +97 +98 +99 +100 +101 +102 +104 +105 +109 +110 +111 +112 +116 +117 +118 +119 +120 @
>CM007619
-44 -43 -42 -40 -39 -38 -37 -36 -35 -34 -33 -32 -31 -30 -29 -28 -27 -26 -25 -24 -23 -22 -21 -20 -19 -18 -17 -16 -15 -14 -13 -12 -11 -10 -9 -8 -7 -6 -5 -4 -3 -2 -1 -120 -119 -118 -117 -116 -112 -111 -110 -109 -105 -104 -102 -101 -100 -99 -98 -97 -95 -94 -93 -92 -91 -90 -89 -88 -87 -86 -85 -84 -83 -82 -81 -80 -79 -78 -77 -76 -75 -74 -73 -72 -71 -70 -69 -68 -67 -66 -65 -64 -63 -59 -58 -57 -56 -55 -54 -53 -52 -51 -50 -49 -48 -47 -46 -45 @
>CP003778
+1 +2 -116 -112 -111 -110 -109 -105 -104 -117 +3 +4 +5 +6 +7 +8 +9 +10 +11 +12 +13 +14 +15 +16 +17 -90 -89 -88 +28 +29 +30 +31 +32 +33 +34 -76 -75 -56 -55 -54 -53 -52 -51 -50 +63 +64 +65 +66 +67 +68 +69 +70 +71 +72 +73 -43 -42 +57 +58 +59 -49 -48 -47 -46 -45 -44 +74 -40 -39 -38 -37 -36 -35 +77 +78 +79 +80 +81 +82 +83 +84 +85 +86 +87 -27 -26 -25 -24 -23 -22 -21 -20 -19 -18 +91 +92 +93 +94 +95 +97 +98 +99 +100 +101 +102 +118 +119 +120 @
