15	1
3	3
4	4
2	2
7	1
5	8
9	4
35	1
6	1
19	130
12	2
11	1
18	2
76	1
14	1
--------------------------------------------------------------------------------
CP012392.1	81.3124
CP016660.1	80.9532
FR774048.1	80.73
CP007524.1	82.1295
AL157959.1	82.3227
CP020401.2	76.1301
CP016647.1	80.7288
CP016646.1	80.9129
CP016654.1	80.5948
CP020402.2	79.1993
CP016680.1	80.9093
CP000381.1	81.5343
CP016672.1	80.9232
CP016883.1	81.0262
CP016682.1	80.9574
FM999788.1	80.1794
CP012694.1	81.9465
CP020422.2	79.1998
CP002422.1	79.4293
