>CP016647
+1 +2 +3 +4 +5 +6 +7 +8 +9 +10 +11 +12 +13 +14 +15 +16 +17 +19 +20 +21 +22 +23 +24 +25 +26 +27 +28 +29 +30 +31 +32 +33 +34 +35 +36 +38 +39 +40 +41 +42 +43 +46 +47 +48 +49 +50 +51 +52 +53 +54 +55 +56 +57 +58 +59 +60 +61 +62 +64 +65 +66 +67 +69 +70 +71 +72 +74 +75 +76 +77 +78 +79 +80 +81 +82 +83 +84 +85 +86 +87 +88 +89 +90 +91 +92 +93 +94 +95 +96 +97 +98 +99 +100 +101 +102 +103 +104 +105 +106 +107 +108 +112 +113 +114 +116 +117 +118 +119 +120 +121 +122 +123 +124 +125 +126 +128 +129 +130 +131 +132 +133 +134 +135 +136 +137 +138 +139 +140 +141 +142 @
>CP016646
+75 +76 +77 +78 +79 +80 +81 +82 +83 +84 +85 +86 +87 +88 +89 +90 +91 +92 +93 +94 +95 +96 +97 +98 +99 +100 +101 +102 +103 +104 +105 +106 +107 +108 +112 +113 +114 +116 +117 +118 +119 +120 +121 +122 +123 +124 +125 +126 +128 +129 +130 +131 +132 +133 +134 +135 +136 +137 +138 +139 +140 +141 +142 +1 +2 +3 +4 +5 +6 +7 +8 +9 +10 +11 +12 +13 +14 +15 +16 +17 +19 +20 +21 +22 +23 +24 +25 +26 +27 +28 +29 +30 +31 +32 +33 +34 +35 +36 +38 +39 +40 +41 +42 +43 +46 +47 +48 +49 +50 +51 +52 +53 +54 +55 +56 +57 +58 +59 +60 +61 +62 +64 +65 +66 +67 +69 +70 +71 +72 +74 @
>CP016654
+105 +106 +107 +108 +112 +113 +114 +116 +117 +118 +119 +120 +121 +122 +123 +124 +125 +126 +128 +129 +130 +131 +132 +133 +134 +135 +136 +137 +138 +139 +140 +141 +142 +1 +2 +3 +4 +5 +6 +7 +8 +9 +10 +11 +12 +13 +14 +15 +16 +17 +19 +20 +21 +22 +23 +24 +25 +26 +27 +28 +29 +30 +31 +32 +33 +34 +35 +36 +38 +39 +40 +41 +42 +43 +46 +47 +48 +49 +50 +51 +52 +53 +54 +55 +56 +57 +58 +59 +60 +61 +62 +64 +65 +66 +67 +69 +70 +71 +72 +74 +75 +76 +77 +78 +79 +80 +81 +82 +83 +84 +85 +86 +87 +88 +89 +90 +91 +92 +93 +94 +95 +96 +97 +98 +99 +100 +101 +102 +103 +104 @
>CP020402
+85 +86 +87 +88 +89 +90 +91 +92 +93 +94 +95 +96 +97 +98 +99 +100 +101 +102 +103 +104 +105 +106 +107 +108 -112 +113 +114 +116 +117 +118 +119 +120 +121 +122 +123 +124 +125 +126 +128 +129 +130 +131 +132 +133 +134 +135 +136 +137 +138 +139 +140 +141 -142 -81 -80 -79 -78 -77 -76 -75 -74 -72 -71 -70 -69 -67 -66 -65 -64 -62 -61 -60 -59 -58 -57 -56 -55 -54 -53 -52 -51 -50 -49 -48 -47 +34 +35 +36 +38 +39 +40 +41 +42 +43 +46 -33 -32 -31 -30 -29 -28 -27 -26 -25 -24 -23 -22 -21 -20 -19 -17 -16 -15 -14 -13 -12 -11 -10 -9 -8 -7 -6 -5 -4 -3 -2 -1 +82 +83 +84 @
>CP000381
-119 -118 -117 -116 -114 -113 +112 -108 +125 +126 +128 +129 +130 +131 +132 +133 +134 +135 +136 +137 +138 +139 +140 +141 +142 +1 +2 +3 +4 +5 +6 +7 +8 +9 +10 +11 +12 +13 +14 +15 +16 +17 +19 +20 +21 +22 +23 +24 +25 +26 +27 +28 +29 +30 +31 +32 +33 -46 -43 -42 -41 -40 -39 -38 -36 -35 -34 +47 +48 +49 +50 +51 +52 +53 +54 +55 +56 +57 +58 +59 +60 +61 +62 +64 +65 +66 +67 +69 +70 +71 +72 +74 +75 +76 +77 +78 +79 +80 +81 +82 +83 +84 +85 +86 +87 +88 +89 +90 +91 +92 +93 +94 +95 +96 +97 +98 +99 +100 +101 +102 +103 +104 +105 +106 +107 -124 -123 -122 -121 -120 @
>CP016680
-75 -74 -72 -71 -70 -69 -67 -66 -65 -64 -62 -61 -60 -59 -58 -57 -56 -55 -54 -53 -52 -51 -50 -49 -48 -47 -46 -43 -42 -41 -40 -39 -38 -36 -35 -34 -33 -32 -31 -30 -29 -28 -27 -26 -25 -24 -23 -22 -21 -20 -19 -17 -16 -15 -14 -13 -12 -11 -10 -9 -8 -7 -6 -5 -4 -3 -2 -1 -142 -141 -140 -139 -138 -137 -136 -135 -134 -133 -132 -131 -130 -129 -128 -126 -125 -124 -123 -122 -121 -120 -119 -118 -117 -116 -114 -113 -112 -108 -107 -106 -105 -104 -103 -102 -101 -100 -99 -98 -97 -96 -95 -94 -93 -92 -91 -90 -89 -88 -87 -86 -85 -84 -83 -82 -81 -80 -79 -78 -77 -76 @
>CP016672
-136 -135 -134 -133 -132 -131 -130 -129 -128 -126 -125 -124 -123 -122 -121 -120 -119 -118 -117 -116 -114 -113 -112 -108 -107 -106 -105 -104 -103 -102 -101 -100 -99 -98 -97 -96 -95 -94 -93 -92 -91 -90 -89 -88 -87 -86 -85 -84 -83 -82 -81 -80 -79 -78 -77 -76 -75 -74 -72 -71 -70 -69 -67 -66 -65 -64 -62 -61 -60 -59 -58 -57 -56 -55 -54 -53 -52 -51 -50 -49 -48 -47 -46 -43 -42 -41 -40 -39 -38 -36 -35 -34 -33 -32 -31 -30 -29 -28 -27 -26 -25 -24 -23 -22 -21 -20 -19 -17 -16 -15 -14 -13 -12 -11 -10 -9 -8 -7 -6 -5 -4 -3 -2 -1 -142 -141 -140 -139 -138 -137 @
>CP016883
+119 +120 +121 +122 +123 +124 +125 +126 +128 +129 +130 +131 +132 +133 +134 +135 +136 +137 +138 +139 +140 +141 +142 +1 +2 +3 +4 +5 +6 +7 +8 +9 +10 +11 +12 +13 +14 +15 +16 +17 +19 +20 +21 +22 +23 +24 +25 +26 +27 +28 +29 +30 +31 +32 +33 +34 +35 +36 +38 +39 +40 +41 +42 +43 +46 +47 +48 +49 +50 +51 +52 +53 +54 +55 +56 +57 +58 +59 +60 +61 +62 +64 +65 +66 +67 +69 +70 +71 +72 +74 +75 +76 +77 +78 +79 +80 +81 +82 +83 +84 +85 +86 +87 +88 +89 +90 +91 +92 +93 +94 +95 +96 +97 +98 +99 +100 +101 +102 +103 +104 +105 +106 +107 +108 +112 +113 +114 +116 +117 +118 @
>CP016682
-140 -139 -138 -137 -136 -135 -134 -133 -132 -131 -130 -129 -128 -126 -125 -124 -123 -122 -121 -120 -119 -118 -117 -116 -114 -113 -112 -108 -107 -106 -105 -104 -103 -102 -101 -100 -99 -98 -97 -96 -95 -94 -93 -92 -91 -90 -89 -88 -87 -86 -85 -84 -83 -82 -81 -80 -79 -78 -77 -76 -75 -74 -72 -71 -70 -69 -67 -66 -65 -64 -62 -61 -60 -59 -58 -57 -56 -55 -54 -53 -52 -51 -50 -49 -48 -47 -46 -43 -42 -41 -40 -39 -38 -36 -35 -34 -33 -32 -31 -30 -29 -28 -27 -26 -25 -24 -23 -22 -21 -20 -19 -17 -16 -15 -14 -13 -12 -11 -10 -9 -8 -7 -6 -5 -4 -3 -2 -1 -142 -141 @
>FM999788
-119 -118 -117 -116 -114 -113 +112 -108 -107 -106 -105 -104 -103 -102 -101 -100 -99 -98 -97 -96 -95 -94 -93 -92 -91 -90 -89 -88 -87 -86 -85 -84 -83 -82 -81 -80 -79 -78 -77 -76 -75 -74 -72 -71 -70 -69 -67 -66 -65 -64 -62 -61 -60 -59 -58 -57 -56 -55 -54 -53 -52 -51 -50 -49 -48 -47 +34 +35 +36 +38 +39 +40 +41 +42 +43 +46 -33 -32 -31 -30 -29 -28 -27 -26 -25 -24 -23 -22 -21 -20 -19 -17 -16 -15 -14 -13 -12 -11 -10 -9 -8 -7 -6 -5 -4 -3 -2 -1 -142 -141 -140 -139 -138 -137 -136 -135 -134 -133 -132 -131 -130 -129 -128 -126 -125 -124 -123 -122 -121 -120 @
>CP012694
+5 +6 +7 +8 +9 +10 +11 +12 +13 +14 +15 +16 +17 +19 +20 +21 +22 +23 +24 +25 +26 +27 +28 +29 +30 +31 +32 +33 -46 -43 -42 -41 -40 -39 -38 -36 -35 -34 +47 +48 +49 +50 +51 +52 +53 +54 +55 +56 +57 +58 +59 +60 +61 +62 +64 +65 +66 +67 +69 +70 +71 +72 +74 +75 +76 +77 +78 +79 +80 +81 +82 +83 +84 +85 +86 +87 +88 +89 +90 +91 +92 +93 +94 +95 +96 +97 +98 +99 +100 +101 +102 +103 +104 +105 +106 +107 +108 -112 +113 +114 -122 -121 -120 -119 -118 -117 -116 +123 +124 +125 +126 +128 +129 +130 +131 +132 +133 +134 +135 +136 +137 +138 +139 +140 +141 +142 +1 +2 +3 +4 @
>CP020422
-20 -19 -17 -16 -15 -14 -13 -12 -11 -10 -9 -8 -7 -6 -5 -4 -3 -2 -1 +82 +83 +84 +85 +86 +87 +88 +89 +90 +91 +92 +93 +94 +95 +96 +97 +98 +99 +100 +101 +102 +103 +104 +105 +106 +107 +108 -112 +113 +114 +116 +117 +118 +119 +120 +121 +122 +123 +124 +125 +126 +128 +129 +130 +131 +132 +133 +134 +135 +136 +137 +138 +139 +140 +141 -142 -81 -80 -79 -78 -77 -76 -75 -74 -72 -71 -70 -69 -67 -66 -65 -64 -62 -61 -60 -59 -58 -57 -56 -55 -54 -53 -52 -51 -50 -49 -48 -47 +34 +35 +36 +38 +39 +40 +41 +42 +43 +46 -33 -32 -31 -30 -29 -28 -27 -26 -25 -24 -23 -22 -21 @
>CP002422
-119 -118 -117 -116 -114 -113 +112 -108 -107 -106 -105 -104 -103 -102 -101 -100 -99 -98 -97 -96 -95 -94 -93 -92 -91 -90 -89 -88 -87 -86 -85 -84 -83 -82 +1 +2 +3 +4 +5 +6 +7 +8 +9 +10 +11 +12 +13 +14 +15 +16 +17 +19 +20 +21 +22 +23 +24 +25 +26 +27 +28 +29 +30 +31 +32 +33 -46 -43 -42 -41 -40 -39 -38 -36 -35 -34 +47 +48 +49 +50 +51 +52 +53 +54 +55 +56 +57 +58 +59 +60 +61 +62 +64 +65 +66 +67 +69 +70 +71 +72 +74 +75 +76 +77 +78 +79 +80 +81 +142 -141 -140 -139 -138 -137 -136 -135 -134 -133 -132 -131 -130 -129 -128 -126 -125 -124 -123 -122 -121 -120 @
>CP020401
+66 +67 +69 +70 +71 +72 +74 +75 +76 +82 +83 +84 +85 +86 +87 +88 +89 +90 +91 +92 +93 +94 -126 -125 -124 -123 -122 -121 -120 -119 -118 -117 -116 -114 -113 +112 -108 -107 -106 -105 -104 -103 -102 -101 -100 -99 -98 -97 -96 -95 +128 +129 +130 +131 +132 +133 +134 +135 +136 +137 +138 +139 +140 +141 -142 -81 -80 -79 -78 -77 +1 +2 +3 +4 +5 +6 +7 +8 +9 +10 +11 +12 +13 +14 +15 +16 +17 +19 +20 +21 +22 +23 +24 +25 +26 +27 +28 +29 +30 +31 +32 +33 -46 -43 -42 -41 -40 -39 -38 -36 -35 -34 +47 +48 +49 +50 +51 +52 +53 +54 +55 +56 +57 +58 +59 +60 +61 +62 +64 +65 @
>AL157959
+99 +100 +101 +102 +103 +104 +105 +106 +107 +108 -112 +113 +114 -122 -121 -120 -119 -118 -117 -116 +123 +124 +125 +126 +128 +129 +130 +131 +132 +133 +134 +135 +136 +137 +138 +139 +140 +141 +142 +1 +2 +3 +4 +5 +6 +7 +8 +9 +10 +11 +12 +13 +14 +15 +16 +17 +19 +20 +21 +22 +23 +24 +25 +26 +27 +28 +29 +30 +31 +32 +33 -46 -43 -42 -41 -40 -39 -38 -36 -35 -34 +47 +48 +49 +50 +51 +52 +53 +54 +55 +56 +57 +58 +59 +60 +61 +62 +64 +65 +66 +67 +69 +70 +71 +72 +74 +75 +76 +77 +78 +79 +80 +81 +82 +83 +84 +85 +86 +87 +88 +89 +90 +91 +92 +93 +94 +95 +96 +97 +98 @
>CP007524
+99 +100 +101 +102 +103 +104 +105 +106 +107 +108 -112 +113 +114 -122 -121 -120 -119 -118 -117 -116 +123 +124 +125 +126 +128 +129 +130 +131 +132 +133 +134 +135 +136 +137 +138 +139 +140 +141 +142 +1 +2 +3 +4 +5 +6 +7 +8 +9 +10 +11 +12 +13 +14 +15 +16 +17 +19 +20 +21 +22 +23 +24 +25 +26 +27 +28 +29 +30 +31 +32 +33 -46 -43 -42 -41 -40 -39 -38 -36 -35 -34 +47 +48 +49 +50 +51 +52 +53 +54 +55 +56 +57 +58 +59 +60 +61 +62 +64 +65 +66 +67 +69 +70 +71 +72 +74 +75 +76 +77 +78 +79 +80 +81 +82 +83 +84 +85 +86 +87 +88 +89 +90 +91 +92 +93 +94 +95 +96 +97 +98 @
>FR774048
-119 -118 -117 -116 +123 +124 +125 +126 +128 +129 +130 +131 +132 +133 +134 +135 +136 +137 +138 +139 +140 +141 +142 +1 +2 +3 +4 +5 +6 +7 +8 +9 +10 +11 +12 +13 +14 +15 +16 +17 +19 +20 +21 +22 +23 +24 +25 +26 +27 +28 +29 +30 +31 +32 +33 -46 -43 -42 -41 -40 -39 -38 -36 -35 -34 +47 +48 +49 +50 +51 +52 +53 +54 +55 +56 +57 +58 +59 +60 +61 +62 +64 +65 +66 +67 +69 +70 +71 +72 +74 +75 +76 +77 +78 +79 +80 +81 +82 +83 +84 +85 +86 +87 +88 +89 +90 +91 +92 +93 +94 +95 +96 +97 +98 +99 +100 +101 +102 +103 +104 +105 +106 +107 +108 +112 +113 +114 -122 -121 -120 @
>CP016660
-83 -82 -81 -80 -79 -78 -77 -76 -75 -74 -72 -71 -70 -69 -67 -66 -65 -64 -62 -61 -60 -59 -58 -57 -56 -55 -54 -53 -52 -51 -50 -49 -48 -47 -46 -43 -42 -41 -40 -39 -38 -36 -35 -34 -33 -32 -31 -30 -29 -28 -27 -26 -25 -24 -23 -22 -21 -20 -19 -17 -16 -15 -14 -13 -12 -11 -10 -9 -8 -7 -6 -5 -4 -3 -2 -1 -142 -141 -140 -139 -138 -137 -136 -135 -134 -133 -132 -131 -130 -129 -128 -126 -125 -124 -123 -122 -121 -120 -119 -118 -117 -116 -114 -113 -112 -108 -107 -106 -105 -104 -103 -102 -101 -100 -99 -98 -97 -96 -95 -94 -93 -92 -91 -90 -89 -88 -87 -86 -85 -84 @
>CP012392
-119 -118 -117 -116 -114 -113 -112 -108 -107 -106 -105 -104 -103 -102 -101 -100 -99 -98 -97 -96 -95 -94 -93 -92 -91 -90 -89 -88 -87 -86 -85 -84 -83 -82 -81 -80 -79 -78 -77 -76 -75 -74 -72 -71 -70 -69 -67 -66 -65 -64 -62 -61 -60 -59 -58 -57 -56 -55 -54 -53 -52 -51 -50 -49 -48 -47 +34 +35 +36 +38 +39 +40 +41 +42 +43 +46 -33 -32 -31 -30 -29 -28 -27 -26 -25 -24 -23 -22 -21 -20 -19 -17 -16 -15 -14 -13 -12 -11 -10 -9 -8 -7 -6 -5 -4 -3 -2 -1 -142 -141 -140 -139 -138 -137 -136 -135 -134 -133 -132 -131 -130 -129 -128 -126 -125 -124 -123 -122 -121 -120 @
