>CP016647
+1 +2 +3 +4 +5 +6 +7 +8 +9 +10 +11 +12 +13 +14 +15 +16 +17 +18 +19 +20 +21 +22 +23 +24 +25 +26 +27 +28 +29 +30 +31 +32 +33 +34 +35 +36 +37 +38 +39 +40 +41 +42 +43 +44 +45 +46 +47 +48 +49 +50 +51 +52 +53 +54 +55 +56 +57 +58 +59 +60 +61 +62 +63 +64 +65 +66 +67 +68 +69 +70 +71 +72 +73 +74 +75 +76 +77 +78 +79 +80 +81 +82 +83 +84 +85 +86 +87 +88 +89 +90 +91 +92 +93 +94 +73 +95 +96 +97 +98 +99 +100 +101 +102 +103 +104 +105 +106 +107 +108 +109 +110 +111 +112 +113 +73 +114 +115 +116 +117 +118 +119 +120 +121 +122 +123 +124 +125 +126 -73 +127 +128 +129 +130 +131 +132 +133 +134 +135 +136 +137 +115 +138 +139 +140 +141 +142
>CP016646
+1 +2 +3 +4 +5 +6 +7 +8 +9 +10 +11 +12 +13 +14 +15 +16 +17 +18 +19 +20 +21 +22 +23 +24 +25 +26 +27 +28 +29 +30 +31 +32 +33 +34 +35 +36 +37 +38 +39 +40 +41 +42 +43 +44 +45 +46 +47 +48 +49 +50 +51 +52 +53 +54 +55 +56 +57 +58 +59 +60 +61 +62 +63 +64 +65 +66 +67 +68 +69 +70 +71 +72 +73 +74 +75 +76 +77 +78 +79 +80 +81 +82 +83 +84 +85 +86 +87 +88 +89 +90 +91 +92 +93 +94 +73 +95 +96 +97 +98 +99 +100 +101 +102 +103 +104 +105 +106 +107 +108 +109 +110 +111 +112 +113 +73 +114 +116 +117 +118 +119 +120 +121 +122 +123 +124 +125 +126 -73 +127 +128 +129 +130 +131 +132 +133 +134 +135 +136 +137 +115 +138 +139 +140 +141 +142
>CP016654
+1 +2 +3 +4 +5 +6 +7 +8 +9 +10 +11 +12 +13 +14 +15 +16 +17 +18 +19 +20 +21 +22 +23 +24 +25 +26 +27 +28 +29 +30 +31 +32 +33 +34 +35 +36 +37 +38 +39 +40 +41 +42 +43 +44 +45 +46 +47 +48 +49 +50 +51 +52 +53 +54 +55 +56 +57 +58 +59 +60 +61 +62 +63 +64 +65 +66 +67 +68 +69 +70 +71 +72 +73 +74 +75 +76 +77 +78 +79 +80 +81 +82 +83 +84 +85 +86 +87 +88 +89 +90 +91 +92 +93 +94 +73 +95 +96 +97 +98 +99 +100 +101 +102 +103 +104 +105 +106 +107 +108 +109 +110 +111 +112 +113 +73 +114 +115 +116 +117 +118 +119 +120 +121 +122 +123 +124 +125 +126 -73 +127 +128 +129 +130 +131 +132 +133 +134 +135 +136 +137 +115 +138 +139 +140 +141 +142
>CP020402
+1 +2 +3 +4 +5 +6 +7 +8 +9 +10 +11 +12 +13 +14 +15 +16 +17 +18 +19 +20 +21 +22 +152 +23 +24 +25 +26 +27 +28 +29 +30 +31 +32 +33 +151 +46 +43 +42 +41 +40 +39 +38 +36 +35 +34 +47 +48 +49 +50 +51 +52 +53 +54 +55 +56 +57 +58 +59 +60 +61 +62 +63 +64 +65 +150 +66 +67 +149 +69 +70 +71 +72 +73 +74 +75 +76 +77 +78 +79 +80 +81 +148 +147 +146 +142 +141 +140 +139 +145 +138 +115 +137 +136 +135 +134 +133 +132 +131 +130 +129 +128 +144 +73 +126 +125 +124 +123 +122 +121 +120 +119 +118 +117 +116 +115 +114 +73 +113 +111 +112 +108 +143 +107 +106 +105 +104 +103 +102 +101 +100 +99 +98 +97 +96 +95 +73 +94 +93 +92 +91 +90 +89 +88 +87 +86 +85 +84 +83 +82 +155 +154 +153
>CP000381
+1 +2 +3 +4 +5 +6 +7 +8 +9 +10 +11 +12 +13 +14 +15 +16 +17 +18 +19 +20 +21 +22 +23 +24 +25 +26 +27 +28 +29 +30 +31 +32 +33 -46 -43 -42 -41 -40 -39 -38 -37 -36 -35 -34 +47 +48 +49 +50 +51 +52 +53 +54 +55 +56 +57 +58 +59 +60 +61 +62 +63 +64 +65 +66 +67 +68 +69 +70 +71 +72 +73 +74 +75 +76 +77 +78 +79 +80 +81 +82 +83 +84 +85 +86 +87 +88 +89 +90 +91 +92 +93 +94 +73 +95 +96 +97 +98 +99 +100 +101 +102 +103 +104 +105 +106 +107 -124 -123 -122 -121 -120 -119 -118 -117 -116 -115 -114 -73 -113 +156 +111 +112 -108 +125 +157 +158 +126 -73 +128 +129 +130 +131 +132 +133 +134 +135 +136 +137 +115 +138 +139 +140 +141 +142
>CP016680
+1 +2 +3 +4 +5 +6 +7 +8 +9 +10 +11 +12 +13 +14 +15 +16 +17 +18 +19 +20 +21 +22 +23 +24 +25 +26 +27 +28 +29 +30 +31 +32 +33 +34 +35 +36 +37 +38 +39 +40 +41 +42 +43 +44 +45 +46 +47 +48 +49 +50 +51 +52 +53 +54 +55 +56 +57 +58 +59 +60 +61 +62 +63 +64 +65 +66 +67 +68 +69 +70 +71 +72 +73 +74 +75 +76 +77 +78 +79 +80 +81 +82 +83 +84 +85 +86 +87 +88 +89 +90 +91 +92 +93 +94 +73 +95 +96 +97 +98 +99 +100 +101 +102 +103 +104 +105 +106 +107 +108 +109 +110 +111 +112 +113 +73 +114 +116 +117 +118 +119 +120 +121 +122 +123 +124 +125 +126 +73 +127 +128 +129 +130 +131 +132 +133 +134 +135 +136 +137 +115 +138 +139 +140 +141 +142
>CP016672
+1 +2 +3 +4 +5 +6 +7 +8 +9 +10 +11 +12 +13 +14 +15 +16 +17 +18 +19 +20 +21 +22 +23 +24 +25 +26 +27 +28 +29 +30 +31 +32 +33 +34 +35 +36 +37 +38 +39 +40 +41 +42 +43 +44 +45 +46 +47 +48 +49 +50 +51 +52 +53 +54 +55 +56 +57 +58 +59 +60 +61 +62 +63 +64 +65 +66 +67 +68 +69 +70 +71 +72 +73 +74 +75 +76 +77 +78 +79 +80 +81 +82 +83 +84 +85 +86 +87 +88 +89 +90 +91 +92 +93 +94 +73 +95 +96 +97 +98 +99 +100 +101 +102 +103 +104 +105 +106 +107 +108 +109 +110 +111 +112 +113 +73 +114 +116 +117 +118 +119 +120 +121 +122 +123 +124 +125 +126 +73 +127 +128 +129 +130 +131 +132 +133 +134 +135 +136 +137 +115 +138 +139 +140 +141 +142
>CP016883
+1 +2 +3 +4 +5 +6 +7 +8 +9 +10 +11 +12 +13 +14 +15 +16 +17 +18 +19 +20 +21 +22 +23 +24 +25 +26 +27 +28 +29 +30 +31 +32 +33 +34 +35 +36 +37 +38 +39 +40 +41 +42 +43 +44 +45 +46 +47 +48 +49 +50 +51 +52 +53 +54 +55 +56 +57 +58 +59 +60 +61 +62 +64 +65 +66 +67 +68 +69 +70 +71 +72 +73 +74 +75 +76 +77 +78 +79 +80 +81 +82 +83 +84 +85 +86 +87 +88 +89 +90 +91 +92 +93 +94 +73 +95 +96 +97 +98 +99 +100 +101 +102 +103 +104 +105 +106 +107 +108 +109 +110 +111 +112 +113 +73 +114 +115 +116 +117 +118 +119 +120 +121 +122 +123 +124 +125 +126 -73 +127 +128 +129 +130 +131 +132 +133 +134 +135 +136 +137 +115 +138 +139 +140 +141 +142
>CP016682
+1 +2 +3 +4 +5 +6 +7 +8 +9 +10 +11 +12 +13 +14 +15 +16 +17 +18 +19 +20 +21 +22 +23 +24 +25 +26 +27 +28 +29 +30 +31 +32 +33 +34 +35 +36 +37 +38 +39 +40 +41 +42 +43 +44 +45 +46 +47 +48 +49 +50 +51 +52 +53 +54 +55 +56 +57 +58 +59 +60 +61 +62 +63 +64 +65 +66 +67 +68 +69 +70 +71 +72 +73 +74 +75 +76 +77 +78 +79 +80 +81 +82 +83 +84 +85 +86 +87 +88 +89 +90 +91 +92 +93 +94 +73 +95 +96 +97 +98 +99 +100 +101 +102 +103 +104 +105 +106 +107 +108 +109 +110 +111 +112 +113 +73 +114 +115 +116 +117 +118 +119 +120 +121 +122 +123 +124 +125 +126 +73 +127 +128 +129 +130 +131 +132 +133 +134 +135 +136 +137 +115 +138 +139 +140 +141 +142
>FM999788
+1 +2 +3 +4 +5 +6 +7 +8 +9 +10 +11 +12 +13 +14 +15 +16 +17 +19 +20 +21 +22 +152 +23 +24 +25 +26 +27 +28 +29 +30 +31 +32 +33 +151 +46 +43 +42 +41 +40 +39 +38 +37 +36 +35 +34 +47 +48 +49 +50 +51 +52 +53 +54 +55 +56 +57 +58 +59 +60 +61 +62 +63 +64 +65 +150 +66 +67 +149 +69 +70 +71 +72 +73 +74 +75 +76 +77 +78 +79 +80 +81 +148 +147 +146 +153 +154 +155 +82 +83 +84 +85 +86 +87 +88 +89 +90 +91 +92 +93 +94 +73 +95 +96 +97 +98 +99 +100 +101 +102 +103 +104 +105 +106 +107 +143 +108 +112 +111 +156 +113 +73 +114 +115 +116 +117 +118 +119 +120 +121 +122 +123 +124 +125 +126 +73 +144 +128 +129 +130 +131 +132 +133 +134 +135 +136 +137 +115 +138 +145 +139 +140 +141 +142
>CP012694
+1 +2 +3 +4 +5 +159 +6 +7 +8 +9 +10 +11 +12 +13 +14 +15 +16 +17 +18 +19 +20 +21 +22 +23 +24 +25 +26 +27 +28 +29 +30 +31 +32 +33 -46 -45 -44 -43 -42 -41 -40 -39 -38 -36 -35 -34 +47 +48 +49 +50 +51 +52 +53 +54 +55 +56 +57 +58 +59 +60 +61 +62 +63 +64 +65 +66 +67 +68 +69 +70 +160 +161 +71 +72 +73 +74 +75 +76 +77 +78 +79 +80 +81 +82 +83 +84 +85 +86 +87 +88 +89 +90 +91 +92 +93 +94 +73 +95 +96 +97 +98 +99 +100 +101 +102 +103 +104 +105 +106 +107 +108 -112 +113 +73 +114 -122 -121 -120 -119 -118 -117 -116 -115 +123 +124 +125 +126 -73 +144 +128 +129 +130 +131 +132 +133 +134 +135 +136 +137 +115 +138 +139 +140 +141 +142
>CP020422
+1 +2 +3 +4 +5 +6 +7 +8 +9 +10 +11 +12 +13 +14 +15 +16 +17 +18 +19 +20 +21 +22 +152 +23 +24 +25 +26 +27 +28 +29 +30 +31 +32 +33 +151 +46 +43 +42 +41 +40 +39 +38 +36 +35 +34 +47 +48 +49 +50 +51 +52 +53 +54 +55 +56 +57 +58 +59 +60 +61 +62 +63 +64 +65 +150 +66 +67 +149 +69 +70 +71 +72 +73 +74 +75 +76 +77 +78 +79 +80 +81 +148 +147 +146 +142 +141 +140 +139 +145 +138 +115 +137 +136 +135 +134 +133 +132 +131 +130 +129 +128 +144 +73 +126 +125 +124 +123 +122 +121 +120 +119 +118 +117 +116 +115 +114 +73 +113 +111 +112 +108 +143 +107 +106 +105 +104 +103 +102 +101 +100 +99 +98 +97 +96 +95 +73 +94 +93 +92 +91 +90 +89 +88 +87 +86 +85 +84 +83 +82 +155 +154 +153
>CP002422
+1 +2 +3 +4 +5 +6 +7 +8 +9 +10 +11 +12 +13 +14 +15 +16 +17 +18 +19 +20 +21 +22 -152 +23 +24 +25 +26 +27 +28 +29 +30 +31 +32 +33 -151 -46 -43 -42 -41 -40 -39 -38 -36 -35 -34 +47 +48 +49 +50 +51 +52 +53 +54 +55 +56 +57 +58 +59 +60 +61 +62 +63 +64 +65 -150 +66 +67 -149 +69 +70 +71 +72 +73 +74 +75 +76 +77 +78 +79 +80 +81 -148 -146 +142 -141 -140 -139 -145 -138 -115 -137 -136 -135 -134 -133 -132 -131 -130 -129 -128 -144 +73 -126 -125 -124 -123 -122 -121 -120 -119 -118 -117 -116 -115 -114 -73 -113 +111 +112 -108 -143 -107 -106 -105 -104 -103 -102 -101 -100 -99 -98 -97 -96 -95 -73 -94 -93 -92 -91 -90 -89 -88 -87 -86 -85 -84 -83 -82 -154 -154 -153
>CP020401
+1 +2 +3 +4 +5 +6 +7 +8 +9 +10 +11 +12 +13 +14 +15 +16 +17 +18 +19 +20 +21 +22 -152 +23 +24 +25 +26 +27 +28 +29 +30 +31 +32 +33 -151 -46 -43 -42 -41 -40 -39 -38 -36 -35 -34 +47 +48 +49 +50 +51 +52 +53 +54 +55 +56 +57 +58 +59 +60 +61 +62 +63 +64 +65 -150 +66 +67 -149 +69 +70 +71 +72 +73 +74 +75 +76 +82 +83 +84 +85 +86 +87 +88 +89 +90 +91 +92 +93 +94 +73 -126 -125 -124 -123 -122 -121 -120 -119 -118 -117 -116 -115 -114 -73 -113 +156 +111 +112 -108 -143 -107 -106 -105 -104 -103 -102 -101 -100 -99 -98 -97 -96 -95 -73 +144 +128 +129 +130 +131 +132 +133 +134 +135 +136 +137 +115 +138 +145 +139 +140 +141 -142 +146 +147 +148 -81 -80 -79 -78 -77 -154 -154 -153
>AL157959
+1 +2 +3 +4 +5 +159 +6 +7 +8 +9 +10 +11 +12 +13 +14 +15 +16 +17 +18 +19 +20 +21 +22 +23 +24 +25 +26 +27 +28 +29 +30 +31 +32 +33 -46 -43 -42 -41 -40 -39 -38 -36 -35 -34 +47 +48 +49 +50 +51 +52 +53 +54 +55 +56 +57 +58 +59 +60 +61 +62 +63 +64 +65 +66 +67 +68 -158 -157 +69 +70 +160 +161 +71 +72 +73 +74 +75 +76 +77 +78 +79 +80 +81 +82 +83 +84 +85 +86 +87 +88 +89 +90 +91 +92 +93 +94 +73 +95 +96 +97 +98 +99 +100 +101 +102 +103 +104 +105 +106 +107 +108 -112 +162 +113 +73 +114 -122 -121 -120 -119 -118 -117 -116 -115 +123 +124 +125 +126 -73 +144 +128 +129 +130 +131 +132 +133 +134 +135 +136 +137 +115 +138 +139 +140 +141 +142
>CP007524
+1 +2 +3 +4 +5 +159 +6 +7 +8 +9 +10 +11 +12 +13 +14 +15 +16 +17 +18 +19 +20 +21 +22 +23 +24 +25 +26 +27 +28 +29 +30 +31 +32 +33 -46 -45 -44 -43 -42 -41 -40 -39 -38 -36 -35 -34 +47 +48 +49 +50 +51 +52 +53 +54 +55 +56 +57 +58 +59 +60 +61 +62 +63 +64 +65 +66 +67 +68 +69 +70 +160 +161 +71 +72 +73 +74 +75 +76 +77 +78 +79 +80 +81 +82 +83 +84 +85 +86 +87 +88 +89 +90 +91 +92 +93 +94 +73 +95 +96 +97 +98 +99 +100 +101 +102 +103 +104 +105 +106 +107 +108 -112 +162 +113 +73 +114 -122 -121 -120 -119 -118 -117 -116 -115 +123 +124 +125 +126 -73 +144 +128 +129 +130 +131 +132 +133 +134 +135 +136 +137 +115 +138 +139 +140 +141 +142
>FR774048
+1 +2 +3 +4 +5 +159 +6 +7 +8 +9 +10 +11 +12 +13 +14 +15 +16 +17 +18 +19 +20 +21 +22 +23 +24 +25 +26 +27 +28 +29 +30 +31 +32 +33 -46 -45 -44 -43 -42 -41 -40 -39 -38 -36 -35 -34 +47 +48 +49 +50 +51 +52 +53 +54 +55 +56 +57 +58 +59 +60 +61 +62 +63 +64 +65 +66 +67 +68 +69 +70 +160 +161 +71 +72 +73 +74 +75 +76 +77 +78 +79 +80 +81 +82 +83 +84 +85 +86 +87 +88 +89 +90 +91 +92 +93 +94 +73 +95 +96 +97 +98 +99 +100 +101 +102 +103 +104 +105 +106 +107 +108 -162 +112 +113 +73 +114 -122 -121 -120 -119 -118 -117 -116 -115 +123 +124 +125 +126 -73 +144 +128 +129 +130 +131 +132 +133 +134 +135 +136 +137 +115 +138 +139 +140 +141 +142
>CP016660
+1 +2 +3 +4 +5 +6 +7 +8 +9 +10 +11 +12 +13 +14 +15 +16 +17 +18 +19 +20 +21 +22 +23 +24 +25 +26 +27 +28 +29 +30 +31 +32 +33 +34 +35 +36 +37 +38 +39 +40 +41 +42 +43 +44 +45 +46 +47 +48 +49 +50 +51 +52 +53 +54 +55 +56 +57 +58 +59 +60 +61 +62 +63 +64 +65 +66 +67 +68 +69 +70 +71 +72 +73 +74 +75 +76 +77 +78 +79 +80 +81 +82 +83 +84 +85 +86 +87 +88 +89 +90 +91 +92 +93 +94 +73 +95 +96 +97 +98 +99 +100 +101 +102 +103 +104 +105 +106 +107 +108 +109 +110 +111 +112 +113 +73 +114 +115 +116 +117 +118 +119 +120 +121 +122 +123 +124 +125 +126 +73 +127 +128 +129 +130 +131 +132 +133 +134 +135 +136 +137 +115 +138 +139 +140 +141 +142
>CP012392
+1 +2 +3 +4 +5 +6 +7 +8 +9 +10 +11 +12 +13 +14 +15 +16 +17 +18 +19 +20 +21 +22 +23 +24 +25 +26 +27 +28 +29 +30 +31 +32 +33 +46 +45 +44 +43 +42 +41 +40 +39 +38 +37 +36 +35 +34 +47 +48 +49 +50 +51 +52 +53 +54 +55 +56 +57 +58 +59 +60 +61 +62 +63 +64 +65 +66 +67 +68 +69 +70 +71 +72 +73 +74 +75 +76 +77 +78 +79 +80 +81 +82 +83 +84 +85 +86 +87 +88 +89 +90 +91 +92 +93 +94 +73 +95 +96 +97 +98 +99 +100 +101 +102 +103 +104 +105 +106 +107 +143 +108 +109 +110 +111 +112 +113 +73 +114 +115 +116 +117 +118 +119 +120 +121 +122 +123 +124 +125 +126 +73 +127 +128 +129 +130 +131 +132 +133 +134 +135 +136 +137 +115 +138 +139 +140 +141 +142
