>CP017540_1
+1 +2 +3 +4 +5 +6 +7 +8 +9 +13 +14 +15 +16 +17 +18 +19 +21 +22 +24 +26 +27 +28 +29 +30 +31 +32 +33 +34 +35 -42 -41 -40 -39 +44 +45 +46 +47 +48 +50 +51 +52 +53 +54 +55 +56 +58 +59 +60 +62 +65 +66 +67 +68 +69 +70 +71 +72 +73 +74 +75 +76 +77 +78 +79 +80 +81 +82 +83 +84 +85 +86 +87 +88 +89 +90 +91 +92 +93 +94 +95 +96 +97 +98 +100 +101 +102 $
>CP017504_1
+1 +2 +3 +4 +5 +6 +7 +8 +9 +13 +14 +15 +16 +17 +18 +19 +21 +22 +24 +26 +27 +28 +29 +30 +31 +32 +33 +34 +35 +39 +40 -62 -60 -59 -58 -56 -55 -54 -53 -52 -51 -50 -48 -47 -46 -45 -44 -42 -41 +65 +66 +67 +68 +69 +70 +71 +72 +73 +74 +75 +76 +77 +78 +79 +80 +81 +82 +83 +84 +85 +86 +87 +88 +89 +90 +91 +92 +93 +94 +95 +96 +97 +98 +100 +101 +102 $
>CP006573_1
+1 +2 +3 +4 +5 +6 +7 +8 +9 +13 +14 +15 +16 +17 +18 +19 +21 +22 +24 +26 +27 +28 +29 +30 +31 +32 +33 +34 +35 +39 +40 +41 +42 +44 +45 +46 +47 +48 +50 +51 +52 +53 +54 +55 +56 +58 +59 +60 +62 +65 +66 +67 +68 +69 +70 +71 +72 +73 +74 +75 +76 +77 +78 +79 +80 +81 +82 +87 -88 +83 +84 +85 +86 +89 +90 +91 +94 +95 +96 +97 +98 +100 +92 +93 +101 +102 $
>CP006574_1
+1 +2 +3 +4 +5 +6 +7 +8 +9 +13 +14 +15 +16 +17 +18 +19 +21 +22 +24 +26 +27 +28 +29 +30 +31 +32 +33 +34 +35 +39 +40 +41 +42 +44 +45 +46 +47 +48 +50 +51 -62 -60 -59 -58 -56 -55 -54 -53 -52 +65 +66 +67 +68 +69 +70 +71 +72 +73 +74 +75 +76 +77 +78 +79 +80 +81 +82 +83 +84 +85 +86 +87 +88 +89 +90 +91 +92 +93 +94 +95 +96 +97 +98 +100 +101 +102 $
>CP017539_1
+1 +2 +3 +4 +5 +6 +7 +8 +9 +13 +14 +15 +16 +17 +18 +19 +91 +90 +89 +88 +87 +86 +85 +84 +83 +82 +81 +80 +79 +78 +77 +76 +75 +74 +73 +72 +71 +70 +69 +68 +67 +66 +65 +62 +60 +59 +58 +56 +53 +54 +55 +52 +51 +50 +48 +47 +46 +45 +44 +42 +41 +40 +39 +35 +34 +33 +32 +31 +30 +29 +28 +27 +26 +24 +22 +21 +92 +93 +94 +95 +96 +97 +98 +100 +101 +102 $
>CP017532_1
+1 +2 +3 +4 +5 +6 +7 +8 +9 +13 +14 +15 +16 +17 +18 +19 +21 +22 +24 +26 +27 +28 +29 +30 +31 +32 +33 +34 +35 +39 +40 +41 +42 +44 +45 +46 +47 +48 +50 +51 -62 -60 -59 -58 -56 -55 -54 -53 -52 +65 +66 +67 +68 +69 +70 +71 +72 +73 +74 +75 +76 +77 +78 +79 +80 +81 +82 +83 +84 +85 +86 +87 +88 +89 +90 +91 +92 +93 +97 +98 +100 +94 +95 +96 +101 +102 $
>CP017505_1
+1 +2 +3 +4 +5 +6 +7 +8 +9 +13 +14 +15 +16 +17 +18 +19 +21 +22 +24 +26 +27 +28 +29 +30 +31 +32 +33 +34 +35 +39 +40 +41 +42 +44 +45 +46 +47 +48 +50 +51 +52 +53 +54 +55 +56 +58 +59 +60 +62 +65 +66 +67 +68 +69 +70 +71 +72 +73 +74 +75 +76 +77 +78 +79 +80 +81 +82 +83 +84 +85 +86 +87 +88 +89 +90 +91 +92 +93 +94 +95 +96 +97 +98 +100 +101 +102 $
>CP023044_1
+1 +2 +3 +4 +5 +6 +7 +8 +9 +13 +14 +15 +16 +17 +18 +19 +21 +22 +24 +26 +27 +28 +29 +30 +31 +32 +33 +34 +35 +39 +40 +41 +42 +44 +45 +46 +47 +48 +50 +51 +52 +53 +54 +55 +56 +58 +59 +60 +62 +65 +66 +67 +68 +69 +70 +71 +72 +73 +74 +75 +76 +77 +78 +79 +80 +81 +82 +83 +84 +85 +86 +87 +88 +89 +90 +91 +92 +93 +94 +95 +96 +97 +98 +100 +101 +102 $
>CP005972_1
+1 +2 +3 +4 +5 +6 +7 +8 +9 +93 +92 +91 +90 +89 +88 +87 +86 +85 +84 +83 +82 +81 +80 +79 +78 +77 +76 +75 +74 +73 +72 +71 +70 +69 +68 +67 +66 +65 +62 +60 +59 +58 +56 +55 +54 +53 +52 +51 +50 +48 +47 +46 +45 +44 +42 +41 +40 +39 +35 +34 +33 +32 +31 +30 +29 +28 +27 +26 +24 +22 +21 +19 +18 +17 +16 +15 +14 +13 +94 +95 +96 +97 +98 +100 +101 +102 $
>CP005383_1
+1 +2 +3 +4 +5 +6 +7 +8 +9 +13 +14 +15 +16 +17 +18 +19 +21 +22 +24 +26 +27 +28 +29 +30 +31 +32 +33 +34 +35 +39 +40 -62 -60 -59 -58 -56 -55 -54 -53 -52 -51 -50 -48 -47 -46 -45 -44 -42 -41 +65 +66 +67 +68 +69 +70 +71 +72 +73 +74 +75 +76 +77 +78 +79 +80 +81 +82 +83 +84 +85 +86 +87 +88 +89 +90 +91 +92 +93 +94 +95 +96 +97 +98 +100 +101 +102 $
>CP017491_1
+1 +2 +3 +4 +5 +6 +7 +8 +9 +13 +14 +15 +16 +17 +18 +19 +21 +22 +24 +26 +27 +28 +29 +30 +31 +32 +33 +34 +35 +39 +40 +41 +42 +44 +45 +46 +47 +48 +50 +51 +52 +53 +54 +55 +56 +58 +59 +60 +62 +65 +66 +67 +68 +69 +70 +71 +72 +73 +74 +75 +76 +77 +78 +79 +80 +81 +82 +83 +84 +85 +86 +87 +88 +89 +90 +91 +92 +93 +94 +95 +96 +97 +98 +100 +101 +102 $
>CP011099_1
+1 +2 +3 +4 +5 +6 +7 +8 +9 +13 +14 +15 +16 +17 +18 +19 +21 +22 +24 +26 +27 +28 +29 +30 +31 +32 +33 +34 +35 +39 +40 +41 +42 +44 +45 +46 +47 +48 +50 +51 +52 +53 +54 +55 +56 +58 +59 +60 +62 +65 +66 +67 +68 +69 +70 +71 +72 +73 +74 +75 +76 +77 +78 +79 +80 +81 +82 +83 +84 +85 +86 +87 +88 +89 +90 +91 +92 +93 +94 +95 +96 +97 +98 +100 +101 +102 $
>CP017533_1
+1 +2 +3 +4 +5 +6 +7 +8 +9 +13 +14 +15 +16 +17 +18 +19 +21 +22 +24 +26 +27 +28 +29 +30 +31 +32 +33 +34 +35 +39 +40 +41 +42 +44 +45 +46 +47 +48 +50 +51 +52 -55 -54 -53 +56 +58 +59 +60 +62 +65 +66 +67 +68 +69 +70 +71 +72 +73 +74 +75 +76 +77 +78 +79 +80 +81 +82 +83 +84 +85 +86 +87 +88 +89 +90 +91 +92 +93 +94 +95 +96 +97 +98 +100 +101 +102 $
>CP017534_1
+1 +2 +3 +4 +5 +6 +7 +8 +9 +13 +14 +15 +16 +17 +18 +19 +21 +22 +24 +26 +27 +28 +29 +30 +31 +32 +33 +34 +35 +39 +40 +52 +53 +54 +55 +56 +58 +59 +60 +62 -51 -50 -48 -47 -46 -45 -44 -42 -41 +65 +66 +67 +68 +69 +70 +71 +72 +73 +74 +75 +76 +77 +78 +79 +80 +81 +82 +83 +84 +85 +86 +87 +88 +89 +90 +91 +92 +93 +94 +95 +96 +97 +98 +100 +101 +102 $
>CP017544_1
+1 +2 +3 +4 +5 +6 +7 +8 +9 +13 +14 +15 +16 +17 +18 +19 +21 +22 +24 +26 +27 +28 +29 +30 +31 +32 +33 +34 +35 +39 +40 +52 +53 +54 +55 +56 +58 +59 +60 +62 -51 -50 -48 -47 -46 -45 -44 -42 -41 +65 +66 +67 +68 +69 +70 +71 +72 +73 +74 +75 +76 +77 +78 +79 +80 +81 +82 +83 +84 +85 +86 +87 +88 +89 +90 +91 +92 +93 +94 +95 +96 +97 +98 +100 +101 +102 $
>CP026857_1
+1 +2 +3 +4 +5 +6 +7 +8 +9 +13 +14 +15 +16 +17 +18 +19 +21 +22 +24 +26 +27 +28 +29 +30 +31 +32 +33 +34 +39 +40 +41 +42 +35 +44 +45 +46 +47 +48 +50 +51 +66 +65 +62 +60 +59 +58 +56 +55 +54 +53 +52 +67 +68 +69 +70 +71 +72 +73 +74 +75 +76 +77 +78 +79 +80 +81 +82 +83 +84 +85 +86 +87 +88 +89 +90 +91 +92 +93 +94 +96 +95 +97 +98 +100 +101 +102 $
>CP004753_2
+1 +2 +3 +4 +5 +6 +7 +8 +9 +13 +14 +15 +16 +17 +18 +19 +21 +22 +24 +26 +27 +28 +29 +30 +31 +32 +33 +34 +35 +39 +40 +41 +42 +44 +45 +46 +47 +48 +50 +51 +52 +53 +54 +55 +56 +58 +59 +60 +62 +65 +66 +67 +68 +69 +70 +71 +72 +73 +74 +75 +76 +77 +78 +79 +80 +81 +82 +83 +84 +85 +86 +87 +88 +89 +90 +91 +92 +93 +94 +95 +96 +97 +98 +100 +101 +102 $
>CP017520_1
+1 +2 +3 +4 +5 +6 +7 +8 +9 +13 +14 +15 +16 +17 +18 +19 +21 +22 +24 +26 +27 +28 +29 +30 +31 +32 +33 +34 +35 -42 -41 -40 -39 +44 +45 +46 +47 +48 +50 +51 -62 -60 -59 -58 -56 -55 -54 -53 -52 +65 +66 +67 +68 +69 +70 +71 +72 +73 +74 +75 +76 +77 +78 +79 +80 +81 +82 +83 +84 +85 +86 +87 +88 +89 +90 +91 +92 +93 +94 +95 +96 +97 +98 +100 +101 +102 $
>CP023043_1
+1 +2 +3 +4 +5 +6 +7 +8 +9 +13 +14 +15 +16 +17 +18 +19 +21 +22 +24 +26 +27 +28 +29 +30 +31 +32 +33 +34 +35 +39 +40 +41 +42 +44 +45 +46 +47 +48 +50 +51 +52 +53 +54 +55 +56 +58 +59 +60 +62 +65 +66 +67 +68 +69 +70 +71 +72 +73 +74 +75 +76 +77 +78 +79 +80 +81 +82 +83 +84 +85 +86 +87 +88 +89 +90 +91 +92 +93 +94 +95 +96 +97 +98 +100 +101 +102 $
>CP017524_1
+1 +2 +3 +4 +5 +6 +7 +8 +9 +13 +14 +15 +16 +17 +18 +19 +21 +22 +24 +26 +27 +28 +29 +30 +31 +32 +33 +34 +35 +39 +40 +41 +42 +44 +45 +46 +47 +48 +50 +51 +52 +53 +54 +55 +56 +58 +59 +60 +62 +65 +66 +67 +68 +69 +70 +71 +72 +73 +74 +75 +76 +77 +78 +79 +80 +81 +82 +83 +84 +85 +86 +87 +88 +89 +90 +91 +92 +93 +94 +95 +96 +97 +98 +100 +101 +102 $
>CP017550_1
+1 +2 +3 +4 +5 +6 +7 +8 +9 +13 +14 +15 +16 +17 +18 +19 -91 -90 -89 -88 -87 -86 -85 -84 -83 -82 -81 -80 -79 -78 -77 -76 -75 -74 -73 -72 -71 -70 -69 -68 -67 -66 -65 +41 +42 +44 +45 +46 +47 +48 +50 +51 -62 -60 -59 -58 -56 -55 -54 -53 -52 -40 -39 -35 -34 -33 -32 -31 -30 -29 -28 -27 -26 -24 -22 -21 +92 +93 +94 +95 +96 +97 +98 +100 +101 +102 $
>CP017506_1
+1 +2 +3 +4 +5 +6 +7 +8 +9 +13 +14 +15 +16 +17 +18 +19 +21 +22 +24 +26 +27 +28 +29 +30 +31 +32 +33 +34 +35 +39 +40 +41 +42 +44 +45 +46 +47 +48 +50 +51 +52 +53 +54 +55 +56 +58 +59 +60 +62 +65 +66 +67 +68 +69 +70 +71 +72 +73 +74 +75 +76 +77 +78 +79 +80 +81 +82 +83 +84 +85 +86 +87 +88 +89 +90 +91 +92 +93 +94 +95 +96 +97 +98 +100 +101 +102 $
>CP017549_1
+1 +2 +3 +4 +5 +6 +7 +8 +9 +13 +14 +15 +16 +17 +18 +19 +21 +22 +24 +26 +27 +28 +29 +30 +31 +32 +33 +34 +35 +39 +40 +41 +42 +44 +45 +46 +47 +48 +50 +51 +52 -55 -54 -53 +56 +58 +59 +60 +62 +65 +66 +67 +68 +69 +70 +71 +72 +73 +74 +75 +76 +77 +78 +79 +80 +81 +82 +83 +84 +85 +86 +87 +88 +89 +90 +91 +92 +93 +94 +95 +96 +97 +98 +100 +101 +102 $
>CP017548_1
+1 +2 +3 +4 +5 +6 +7 +8 +9 +13 +14 +15 +16 +17 +18 +19 +21 +22 +24 +26 +27 +28 +29 +30 +31 +32 +33 +34 +35 +39 +40 +52 +53 +54 +55 +56 +58 +59 +60 +62 -51 -50 -48 -47 -46 -45 -44 -42 -41 +65 +66 +67 +68 +69 +70 +71 +72 +73 +74 +75 +76 +77 +78 +79 +80 +81 +82 +83 +84 +85 +86 +87 +88 +89 +90 +91 +92 +93 +94 +95 +96 +97 +98 +100 +101 +102 $
>CP017501_1
+1 +2 +3 +4 +5 +6 +7 +8 +9 +13 +14 +15 +16 +17 +18 +19 +21 +22 +24 +26 +27 +28 +29 +30 +31 +32 +33 +34 +35 +39 +40 +41 +42 +44 +45 +46 +47 +48 +50 +51 +52 +53 +54 +55 +56 +58 +59 +60 +62 +65 +66 +67 +68 +69 +70 +71 +72 +73 +74 +75 +76 +77 +78 +79 +80 +81 +82 +83 +84 +85 +86 +87 +88 +89 +90 +91 +92 +93 +94 +95 +96 +97 +98 +100 +101 +102 $
>CP017535_1
+1 +2 +3 +4 +5 +6 +7 +8 +9 +13 +14 +15 +16 +17 +18 +19 +21 +22 +24 +26 +27 +28 +29 +30 +31 +32 +33 +34 +35 -42 -41 -40 -39 +44 +45 +46 +47 +48 +50 +51 +52 +53 +54 +55 +56 +58 +59 +60 +62 +65 +66 +67 +68 +69 +70 +71 +72 +73 +74 +75 +76 +77 +78 +79 +80 +81 +82 +83 +84 +85 +86 +87 +88 +89 +90 +91 +92 +93 +94 +95 +96 +97 +98 +100 +101 +102 $
>CP017536_1
+1 +2 +3 +4 +5 +6 +7 +8 +9 +13 +14 +15 +16 +17 +18 +19 +21 +22 +24 +26 +27 +28 +29 +30 +31 +32 +33 +34 +35 +39 +40 +52 +53 +54 +55 +56 +58 +59 +60 +62 -51 -50 -48 -47 -46 -45 -44 -42 -41 +65 +66 +67 +68 +69 +70 +71 +72 +73 +74 +75 +76 +77 +78 +79 +80 +81 +82 +83 +84 +85 +86 +87 +88 +89 +90 +91 +92 +93 +94 +95 +96 +97 +98 +100 +101 +102 $
>CP017528_1
+1 +2 +3 +4 +5 +6 +7 +8 +9 +13 +14 +15 +16 +17 +18 +19 +21 +22 +24 +26 +27 +28 +29 +30 +31 +32 +33 +34 +35 +39 +40 +41 +42 +44 +45 +46 +47 +48 +50 +51 +52 +53 +54 +55 +56 +58 +59 +60 +62 +65 +66 +67 +68 +69 +70 +71 +72 +73 +74 +75 +76 +77 +78 +79 +80 +81 +82 +83 +84 +85 +86 +87 +88 +89 +90 +91 +92 +93 +94 +95 +96 +97 +98 +100 +101 +102 $
>CP017530_1
+1 +2 +3 +4 +5 +6 +7 +8 +9 +13 +14 +15 +16 +17 +18 +19 -91 -90 -89 -88 -87 -86 -85 -84 -83 -82 -81 -80 -79 -78 -77 -76 -75 -74 -73 -72 -71 -70 -69 -68 -67 -66 -65 +52 +53 +54 +55 +56 +58 +59 +60 +62 -51 -50 -48 -47 -46 -45 -44 -42 -41 -40 -39 -35 -34 -33 -32 -31 -30 -29 -28 -27 -26 -24 -22 -21 +92 +93 +94 +95 +96 +97 +98 +100 +101 +102 $
>CP017543_1
+1 +2 +3 +4 +5 +6 +7 +8 +9 +13 +14 +15 +16 +17 +18 +19 +21 +22 +24 +26 +27 +28 +29 +30 +31 +32 +33 +34 +35 +39 +40 -62 -60 -59 -58 -56 -55 -54 -53 -52 -51 -50 -48 -47 -46 -45 -44 -42 -41 +65 +66 +67 +68 +69 +70 +71 +72 +73 +74 +75 +76 +77 +78 +79 +80 +81 +82 +83 +84 +85 +86 +87 +88 +89 +90 +91 +92 +93 +94 +95 +96 +97 +98 +100 +101 +102 $
>CP017538_1
+1 +2 +3 +4 +5 +6 +7 +8 +9 +13 +14 +15 +16 +17 +18 +19 +21 +22 +24 +26 +27 +28 +29 +30 +31 +32 +33 +34 +35 +39 +40 +52 +53 +54 +55 +56 +58 +59 +60 +62 +51 +50 +48 +47 +46 +45 +44 +42 +41 +65 +66 +67 +68 +69 +70 +71 +72 +73 +74 +75 +76 +77 +78 +79 +80 +81 +82 +83 +84 +85 +86 +87 +88 +89 +90 +91 +92 +93 +94 +95 +96 +97 +98 +100 +101 +102 $
>CP026858_1
+1 +2 +3 +4 +5 +6 +7 +8 +9 +98 +100 +13 +14 +15 +16 +17 +18 +19 +21 +44 +22 +24 +26 +27 +28 +29 +30 +31 +32 +33 +34 +35 +39 +40 +41 +42 +45 +46 +47 +48 +66 +65 +62 +60 +59 +58 +56 +55 +54 +53 +52 +51 +50 +67 +68 +69 +70 +71 +72 +73 +74 +75 +76 +77 +78 +79 +80 +81 +82 +83 +84 +85 +86 +87 +88 +89 +90 +91 +92 +93 +94 +95 +96 +97 +101 +102 $
>CP011098_1
+1 +2 +3 +4 +5 +6 +7 +8 +9 +13 +14 +15 +16 +17 +18 +19 +21 +22 +24 +26 +27 +28 +29 +30 +31 +32 +33 +34 +35 +39 +40 +41 +42 +44 +45 +46 +47 +48 +50 +51 +52 +53 +54 +55 +56 +58 +59 +60 +62 +65 +66 +67 +68 +69 +70 +71 +72 +73 +74 +75 +76 +77 +78 +79 +80 +81 +82 +83 +84 +85 +86 +87 +88 +89 +90 +91 +92 +93 +94 +95 +96 +97 +98 +100 +101 +102 $
>CP017537_1
+1 +2 +3 +4 +5 +6 +7 +8 +9 +13 +14 +15 +16 +17 +18 +19 +21 +22 +24 +26 +27 +28 +29 +30 +31 +32 +33 +34 +35 +39 +40 -62 -60 -59 -58 -56 -55 -54 -53 -52 -51 -50 -48 -47 -46 -45 -44 -42 -41 +65 +66 +67 +68 +69 +70 +71 +72 +73 +74 +75 +76 +77 +78 +79 +80 +81 +82 +83 +84 +85 +86 +87 +88 +89 +90 +91 +92 +93 +94 +95 +96 +97 +98 +100 +101 +102 $
>CP017531_1
+1 +2 +3 +4 +5 +6 +7 +8 +9 +13 +14 +15 +16 +17 +18 +19 +21 +22 +24 +26 +27 +28 +29 +30 +31 +32 +33 +34 +35 +39 +40 +41 +42 +44 +45 +46 +47 +48 +50 +51 +52 -55 -54 -53 +56 +58 +59 +60 +62 +65 +66 +67 +68 +69 +70 +71 +72 +73 +74 +75 +76 +77 +78 +79 +80 +81 +82 +83 +84 +85 +86 +87 +88 +89 +90 +91 +94 +95 +96 +97 +98 +100 +92 +93 +101 +102 $
>CP017551_1
+1 +2 +3 +4 +5 +6 +7 +8 +9 +13 +14 +15 +16 +17 +18 +19 +21 +22 +24 +26 +27 +28 +29 +30 +31 +32 +33 +34 +35 +39 +40 -62 -60 -59 -58 -56 -55 -54 -53 -52 -51 -50 -48 -47 -46 -45 -44 -42 -41 +65 +66 +67 +68 +69 +70 +71 +72 +73 +74 +75 +76 +77 +78 +79 +80 +81 +82 +83 +84 +85 +86 +87 +88 +89 +90 +91 +92 +93 +94 +95 +96 +97 +98 +100 +101 +102 $
>CP006957_2
+1 +2 +3 +4 +5 +6 +7 +8 +9 +13 +14 +15 +16 +17 +18 +19 +21 +22 +24 +80 +79 +78 +77 +76 +75 +74 +73 +72 +71 +70 +69 +68 +67 +66 +65 +44 +45 +46 +47 +48 +50 +51 +52 +53 +54 +55 +56 +58 +59 +60 +62 +42 +41 +40 +39 +35 +34 +33 +32 +29 +30 +31 +28 +27 +26 +81 +82 +87 +89 +86 +85 +84 +83 +88 +90 +91 +94 +95 +96 +92 +93 +97 +98 +100 +101 +102 $
>CP004752_2
+1 +2 +3 +4 +5 +6 +7 +8 +9 +13 +14 +15 +16 +17 +18 +19 +21 +22 +24 +26 +27 +28 +29 +30 +31 +32 +33 +34 +35 +39 +40 +41 +42 +44 +45 +46 +47 +48 +50 +51 +52 +53 +54 +55 +56 +58 +59 +60 +62 +65 +66 +67 +68 +69 +70 +71 +72 +73 +74 +75 +76 +77 +78 +79 +80 +81 +82 +83 +84 +85 +86 +87 +88 +89 +90 +91 +92 +93 +94 +95 +96 +97 +98 +100 +101 +102 $
>CP017519_1
+1 +2 +3 +4 +5 +6 +7 +8 +9 +13 +14 +15 +16 +17 +18 +19 +21 +22 +24 +26 +27 +28 +29 +30 +31 +32 +33 +34 +35 +39 +40 -62 -60 -59 -58 -56 -55 -54 -53 -52 -51 -50 -48 -47 -46 -45 -44 -42 -41 +65 +66 +67 +68 +69 +70 +71 +72 +73 +74 +75 +76 +77 +78 +79 +80 +81 +82 +83 +84 +85 +86 +87 +88 +89 +90 +91 +92 +93 +94 +95 +96 +97 +98 +100 +101 +102 $
>CP023047_1
+1 +2 +3 +4 +5 +6 +7 +8 +9 +13 +14 +15 +16 +17 +18 +19 +21 +22 +24 +26 +27 +28 +29 +30 +31 +32 +33 +34 +35 +39 +40 +41 +42 +44 +45 +46 +47 +48 +50 +51 +52 +53 +54 +55 +56 +58 +59 +60 +62 +65 +66 +67 +68 +69 +70 +71 +72 +73 +74 +75 +76 +77 +78 +79 +80 +81 +82 +83 +84 +85 +86 +87 +88 +89 +90 +91 +92 +93 +94 +95 +96 +97 +98 +100 +101 +102 $
>CP017523_1
+1 +2 +3 +4 +5 +6 +7 +8 +9 +13 +14 +15 +16 +17 +18 +19 +21 +22 +24 +26 +27 +28 +29 +30 +31 +32 +33 +34 +35 +39 +40 +41 +42 +44 +45 +46 +47 +48 +50 +51 +52 -55 -54 -53 +56 +58 +59 +60 +62 +65 +66 +67 +68 +69 +70 +71 +72 +73 +74 +75 +76 +77 +78 +79 +80 +81 +82 +83 +84 +85 +86 +87 +88 +89 +90 +91 +92 +93 +94 +95 +96 +97 +98 +100 +101 +102 $
>CP006619_1
+1 +2 +3 +4 +5 +6 +7 +8 +9 +13 +14 +15 +16 +17 +18 +19 +21 +22 +24 +26 +27 +28 +29 +30 +31 +32 +33 +34 +35 +39 +40 -62 -60 -59 -58 -56 -55 -54 -53 -52 -51 -50 -48 -47 -46 -45 -44 -42 -41 +65 +66 +67 +68 +69 +70 +71 +72 +73 +74 +75 +76 +77 +78 +79 +80 +81 +82 +83 +84 +85 +86 +87 +88 +89 +90 +91 +92 +93 +94 +95 +96 +97 +98 +100 +101 +102 $
>CP023046_1
+1 +2 +3 +4 +5 +6 +7 +8 +9 +13 +14 +15 +16 +17 +18 +19 +21 +22 +24 +26 +27 +28 +29 +30 +31 +32 +33 +34 +35 +39 +71 +70 +69 +68 +67 +65 +66 +62 +60 +59 +58 +56 +55 +54 +53 +52 +51 +50 +48 +47 +46 +45 +44 +42 +41 +40 +72 +73 +74 +75 +76 +77 +78 +79 +80 +81 +82 +83 +84 +85 +86 +87 +88 +89 +90 +91 +92 +93 +94 +95 +96 +97 +98 +100 +101 +102 $
