>CP020828.1
+1 +2 +3 +4 +5 +6 +7 +12 +13 +14 +15 +16 +17 +18 +21 +22 +23 +24 +25 +26 +27 +28 +29 +30 +31 +32 +33 +34 +35 +36 +37 +38 +39 +40 +41 +42 +43 +44 +45 +46 +48 +49 +50 +51 +52 +53 +54 +55 +56 +57 +58 +59 +60 +61 +62 +63 +65 +66 +67 +68 +69 +70 +71 +72 +73 +74 +75 +76 +77 +78 +79 +80 +81 +83 +84 +85 +86 +87 +88 +90 +91 +92 +93 +94 +95 +100 +101 +102 +103 +104 +105 +106 +107 +108 +109 +110 +111 +113 +114 +115 +116 +117 +118 +119 +120 +121 +122 +123 @
>CP038642.1
-88 -87 -86 -85 -84 -83 -81 -80 -79 -78 -77 -76 -75 -74 -73 -72 -71 -70 -69 -68 -67 -66 -65 -63 -62 -61 -60 -59 -58 -57 -56 -55 -54 -53 -52 -51 -50 -49 -48 -46 -45 -44 -43 -42 -41 -40 -39 -38 -37 -36 -35 -34 -33 -32 -31 -30 -29 -28 -27 -26 -25 -24 -23 -22 -21 -18 -17 -16 -15 -14 -12 +113 +114 +115 +116 +117 +118 +119 +120 +121 +122 +123 +1 +2 +3 +4 +5 +6 +7 -111 -110 -109 -108 -107 -106 -105 -104 -103 -102 -101 -100 -95 -94 -93 -92 -91 -90 @
>CP019617.1
+1 +2 +3 +4 +5 +6 +7 +12 +13 +14 +15 +16 +17 +18 +21 +22 +23 +24 +25 +26 +27 +28 +29 +30 +31 +32 +33 +34 +35 +36 +37 +38 +39 +40 +41 +42 +43 +44 +45 +46 +48 +49 +50 +51 +52 +53 +54 +55 +56 +57 +58 +59 +60 +61 +62 +63 +65 +66 +67 +68 +69 +70 +71 +72 +73 +74 +75 +76 +77 +78 +79 +80 +81 +83 +84 +85 +86 +87 +88 +90 +91 +92 +93 +94 +95 +100 +101 +102 +103 +104 +105 +106 +107 +108 +109 +110 +111 +113 +114 +115 +116 +117 +118 +119 +120 +121 +122 +123 @
>CP020833.1
+1 +2 +3 +4 +5 +6 +7 +12 +13 +14 +15 +16 +17 +18 +21 +22 +23 +24 +25 +26 +27 +28 +29 +30 +31 +32 +33 +34 +35 +36 +37 +38 +39 +40 +41 +42 +43 +44 +45 +46 +48 +49 +50 +51 +52 +53 +54 +55 +56 +57 +58 +59 +60 +61 +62 +63 +66 +67 +68 +69 +70 +71 +72 +73 +74 +75 +76 +77 +78 +79 +80 +81 +83 +84 +85 +86 +87 +88 +90 +91 +92 +93 +94 +95 +100 +101 +102 +103 +104 +105 +106 +107 +108 +109 +110 +111 +113 +114 +115 +116 +117 +118 +119 +120 +121 +122 +123 @
>CP032669.1
+1 +2 +3 +4 +5 +6 +7 +12 +13 +14 +15 +16 +17 +18 +21 +22 +23 +24 +25 +26 +27 +28 +29 +30 +31 +32 +33 +34 +35 +36 +37 +38 +39 +40 +41 +42 +43 +44 +45 +46 +48 +49 +50 +51 +52 +53 +54 +55 +56 +57 +58 +59 +60 +61 +62 +63 +65 +66 +67 +68 +69 +70 +71 +72 +73 +74 +75 +76 +77 +78 +79 +80 +81 +83 +84 +85 +86 +87 +88 +90 +91 +92 +93 +94 +95 +100 +101 +102 +103 +104 +105 +106 +107 +108 +109 +110 +111 +113 +114 +115 +116 +117 +118 +119 +120 +121 +122 +123 @
>CP006594.1
+103 +104 +105 +106 +107 +108 +109 +110 +111 +113 +114 +115 +116 +117 +118 +119 +120 +121 +122 +123 +1 +2 +3 +4 +5 +6 +7 -85 -84 -83 -81 -80 -79 -78 -77 -76 -75 -74 -73 -72 -71 -70 -69 -68 -67 -66 -65 -63 -62 -61 -60 -59 -58 -57 -56 -55 -54 -53 -52 -51 -50 -49 -48 -46 -45 -44 -43 -42 -41 -40 -39 -38 -37 -36 -35 -34 -33 -32 -31 -30 -29 -28 -27 -26 -25 -24 -23 -22 -21 -18 -17 -16 -15 -14 -13 -12 +86 +87 +88 +90 +91 +92 +93 +94 +95 +100 +101 +102 @
>CP006597.1
+61 +62 +63 +65 +66 +67 +68 +69 +70 +71 +72 +73 +74 +75 +76 +77 +78 +79 +80 +81 +83 +84 +85 +86 +87 +88 +90 +91 +92 +93 +94 +95 +100 +101 +102 +103 +104 +105 +106 +107 +108 +109 +110 +111 +113 +114 +115 +116 +117 +118 +119 +120 +121 +122 +123 +1 +2 +3 +4 +5 +6 +7 +12 +13 +14 +15 +16 +17 +18 +21 +22 +23 +24 +25 +26 +27 +28 +29 +30 +31 +32 +33 +34 +35 +36 +37 +38 +39 +40 +41 +42 +43 +44 +45 +46 +48 +49 +50 +51 +52 +53 +54 +55 +56 +57 +58 +59 +60 @
>CP030808.1
+12 +13 +14 +15 +16 +17 +18 +21 +22 +23 +24 +25 +26 +27 +28 +29 +30 +31 +32 +33 +34 +35 +36 +37 +38 +39 +40 +41 +42 +43 +44 +45 +46 +48 +49 +50 +51 +52 +53 +54 +55 +56 +57 +58 +59 +60 +61 +62 +63 +65 +66 +67 +68 +69 +70 +71 +72 +73 +74 +75 +76 +77 +78 +79 +80 +81 +83 +84 +85 +86 +87 +88 +90 +91 +92 +93 +94 +95 +100 +101 +102 +103 +104 +105 +106 +107 +108 +109 +110 +111 +113 +114 +115 +116 +117 +118 +119 +120 +121 +122 +123 +1 +2 +3 +4 +5 +6 +7 @
>CP028183.1
+1 +2 +3 +4 +5 +6 +7 +12 +13 +14 +15 +16 +17 +18 +21 +22 +23 +24 +25 +26 +27 +28 +29 +30 +31 +32 +33 +34 +35 +36 +37 +38 +39 +40 +41 +42 +43 +44 +45 +46 +48 +49 +50 +51 +52 +53 +54 +55 +56 +57 +58 +59 +60 +61 +62 +63 +65 +66 +67 +68 +69 +70 +71 +72 +73 +74 +75 +76 +77 +78 +79 +80 +81 +83 +84 +85 +86 +87 +88 +90 +91 +92 +93 +94 +95 +100 +101 +102 +103 +104 +105 +106 +107 +108 +109 +110 +111 +113 +114 +115 +116 +117 +118 +119 +120 +121 +122 +123 @
>HG813249.1
+113 +114 +115 +116 +117 +118 +119 +120 +121 +122 +123 +1 +2 +3 +4 +5 +6 +7 +12 +13 +14 +15 +16 +17 +18 +21 +22 +23 +24 +25 +26 +27 +28 +29 +30 +31 +32 +33 +34 +35 +36 +37 +38 +39 +40 +41 +42 +43 +44 +45 +46 +48 +49 +50 +51 +52 +53 +54 +55 +56 +57 +58 +59 +60 +61 +62 +63 -111 -110 -109 -108 -107 -106 -105 -104 +65 +66 +67 +68 +69 +70 +71 +72 +73 +74 +75 +76 +77 +78 +79 +80 +81 +83 +84 +85 +86 +87 +88 +90 +91 +92 +93 +94 +95 +100 +101 +102 +103 @
>CP046361.1
+1 +2 +3 +4 +5 +6 +7 +12 +13 +14 +15 +16 +17 +18 +21 +22 +23 +24 +25 +26 +27 +28 +29 +30 +31 +32 +33 +34 +35 +36 +37 +38 +39 +40 +41 +42 +43 +44 +45 +46 +48 +49 +50 +51 +52 +53 +54 +55 +56 +57 +58 +59 +60 +61 +62 +63 +65 +66 +67 +68 +69 +70 +71 +72 +73 +74 +75 +76 +77 +78 +79 +80 +81 +83 +84 +85 +86 +87 +88 +90 +91 +92 +93 +94 +95 +100 +101 +102 +103 +104 +105 +106 +107 +108 +109 +110 +111 +113 +114 +115 +116 +117 +118 +119 +120 +121 +122 +123 @
>CP002001.1
+1 +2 +3 +4 +5 +6 +7 +12 +13 +14 +15 +16 +17 +18 +21 +22 +23 +24 +25 +26 +27 +28 +29 +30 +31 +32 +33 +34 +35 +36 +37 +38 +39 +40 +41 +42 +43 +44 +45 +46 +48 +49 +50 +51 +52 +53 +54 +55 +56 +57 +58 +59 +60 +61 +62 +63 +65 +66 +67 +68 +69 +70 +71 +72 +73 +74 +75 +76 +77 +78 +79 +80 +81 +83 +84 +85 +86 +87 +88 +90 +91 +92 +93 +94 +95 +100 +101 +102 +103 +104 +105 +106 +107 +108 +109 +110 +111 +113 +114 +115 +116 +117 +118 +119 +120 +121 +122 +123 @
>CP020831.1
+1 +2 +3 +4 +5 +6 +7 +12 +13 +14 +15 +16 +17 +18 +21 +22 +23 +24 +25 +26 +27 +28 +29 +30 +31 +32 +33 +34 +35 +36 +37 +38 +39 +40 +41 +42 +43 +44 +45 +46 +48 +49 +50 +51 +52 +53 +54 +55 +56 +57 +58 +59 +60 +61 +62 +63 +65 +66 +67 +68 +69 +70 +71 +72 +73 +74 +75 +76 +77 +78 +79 +80 +81 +83 +84 +85 +86 +87 +88 +90 +91 +92 +93 +94 +95 +100 +101 +102 +103 +104 +105 +106 +107 +108 +109 +110 +111 +113 +114 +115 +116 +117 +118 +119 +120 +121 +122 +123 @
>CP021174.1
+1 +2 +3 +4 +5 +6 +7 +12 +13 +14 +15 +16 +17 +18 +21 +22 +23 +24 +25 +26 +27 +28 +29 +30 +31 +32 +33 +34 +35 +36 +37 +38 +39 +40 +41 +42 +43 +44 +45 +46 +48 +49 +50 +51 +52 +53 +54 +55 +56 +57 +58 +59 +60 +61 +62 +63 +65 +66 +67 +68 +69 +70 +71 +72 +73 +74 +75 +76 +77 +78 +79 +80 +81 +83 +84 +85 +86 +87 +88 +90 +91 +92 +93 +94 +95 +100 +101 +102 +103 +104 +105 +106 +107 +108 +109 +110 +111 +113 +114 +115 +116 +117 +118 +119 +120 +121 +122 +123 @
>CP030834.1
+4 +5 +6 +7 +12 +13 +14 +15 +16 +17 +18 +21 +22 +23 +24 +25 +26 +27 +28 +29 +30 +31 +32 +33 +34 +35 +36 +37 +38 +39 +40 +41 +42 +43 +44 +45 +46 +48 +49 +50 +51 +52 +53 +54 +55 +56 +57 +58 +59 +60 +61 +62 +63 +65 +66 +67 +68 +69 +70 +71 +72 +73 +74 +75 +76 +77 +78 +79 +80 +81 +83 +84 +85 +86 +87 +88 +90 +91 +92 +93 +94 +95 +100 +101 +102 +103 +104 +105 +106 +107 +108 +109 +110 +111 +113 +114 +115 +116 +117 +118 +119 +120 +121 +122 +123 +1 +2 +3 @
>FM211688.1
+1 +2 +3 +4 +5 +6 +7 +12 +13 +14 +15 +16 +17 +18 +22 +23 +24 +25 +26 +27 +28 +29 +30 +31 +32 +33 +34 +35 +36 +37 +38 +39 +40 +41 +42 +43 +44 +45 +46 +48 +49 +50 +51 +52 +53 +54 +55 +56 +57 +58 +59 +60 +61 +62 +63 +65 +66 +67 +68 +69 +70 +71 +72 +73 +74 +75 +76 +77 +78 +79 +80 +81 +83 +84 +85 +86 +87 +88 +90 +91 +92 +93 +94 +95 +100 +101 +102 +103 +104 +105 +106 +107 +108 +109 +110 +111 +113 +114 +115 +116 +117 +118 +119 +120 +121 +122 +123 @
>CP046362.1
+1 +2 +3 +4 +5 +6 +7 +12 +13 +14 +15 +16 +17 +18 +21 +22 +23 +24 +25 +26 +27 +28 +29 +30 +31 +32 +33 +34 +35 +36 +37 +38 +39 +40 +41 +42 +43 +44 +45 +46 +48 +49 +50 +51 +52 +53 +54 +55 +56 +57 +58 +59 +60 +61 +62 +63 +65 +66 +67 +68 +69 +70 +71 +72 +73 +74 +75 +76 +77 +78 +79 +80 +81 +83 +84 +85 +86 +87 +88 +90 +91 +92 +93 +94 +95 +100 +101 +102 +103 +104 +105 +106 +107 +108 +109 +110 +111 +113 +114 +115 +116 +117 +118 +119 +120 +121 +122 +123 @
>CP048401.1
+1 +2 +3 +4 +5 +6 +7 +12 +13 +14 +15 +16 +17 +18 +22 +23 +24 +25 +26 +27 +28 +29 +30 +31 +32 +33 +34 +35 +36 +37 +38 +39 +40 +41 +42 +43 +44 +45 +46 +48 +49 +50 +51 +52 +53 +54 +55 +56 +57 +58 +59 +60 +61 +62 +63 +65 +66 +67 +68 +69 +70 +71 +72 +73 +74 +75 +76 +77 +78 +79 +80 +81 +83 +84 +85 +86 +87 +88 +90 +91 +92 +93 +94 +95 +100 +101 +102 +103 +104 +105 +106 +107 +108 +109 +110 +111 +113 +114 +115 +116 +117 +118 +119 +120 +121 +122 +123 @
>CP041213.1
+1 +2 +3 +4 +5 +6 +7 +12 +13 +14 +15 +16 +17 +18 +21 +22 +23 +24 +25 +26 +27 +28 +29 +30 +31 +32 +33 +34 +35 +36 +37 +38 +39 +40 +41 +42 +43 +44 +45 +46 +48 +49 +50 +51 +52 +53 +54 +55 +56 +57 +58 +59 +60 +61 +62 +63 +65 +66 +67 +68 +69 +70 +71 +72 +73 +74 +75 +76 +77 +78 +79 +80 +81 +83 +84 +85 +86 +87 +88 +90 +91 +92 +93 +94 +95 +100 +101 +102 +103 +104 +105 +106 +107 +108 +109 +110 +111 +113 +114 +115 +116 +117 +118 +119 +120 +121 +122 +123 @
>CP013722.1
-72 -71 -70 -69 -68 -67 -66 -65 -63 -62 -61 -60 -59 -58 -57 -56 -55 -54 -53 -52 -51 -50 -49 -48 -46 -45 -44 -43 -42 -41 -40 -39 -38 -37 -36 -35 -34 -33 -32 -31 -30 -29 -28 -27 -26 -25 -24 -23 -22 -21 -18 -17 -16 -15 -14 -13 -12 -7 -6 -5 -4 -3 -2 -1 -123 -122 -121 -120 -119 -118 -117 -116 -115 -114 -113 -111 -110 -109 -108 -107 -106 -105 -104 -103 -102 -101 -100 -95 -94 -93 -92 -91 -90 -88 -87 -86 -85 -84 -83 -81 -80 -79 -78 -77 -76 -75 -74 -73 @
>CP030810.1
+12 +13 +14 +15 +16 +17 +18 +21 +22 +23 +24 +25 +26 +27 +28 +29 +30 +31 +32 +33 +34 +35 +36 +37 +38 +39 +40 +41 +42 +43 +44 +45 +46 +48 +49 +50 +51 +52 +53 +54 +55 +56 +57 +58 +59 +60 +61 +62 +63 +65 +66 +67 +68 +69 +70 +71 +72 +73 +74 +75 +76 +77 +78 +79 +80 +81 +83 +84 +85 +86 +87 +88 +90 +91 +92 +93 +94 +95 +100 +101 +102 +103 +104 +105 +106 +107 +108 +109 +110 +111 +113 +114 +115 +116 +117 +118 +119 +120 +121 +122 +123 +1 +2 +3 +4 +5 +6 +7 @
>CP009242.1
+1 +2 +3 +4 +5 +6 +7 +12 +13 +14 +15 +16 +17 +18 +22 +23 +24 +25 +26 +27 +28 +29 +30 +31 +32 +33 +34 +35 +36 +37 +38 +39 +40 +41 +42 +43 +44 +45 +46 +48 +49 +50 +51 +52 +53 +54 +55 +56 +57 +58 +59 +60 +61 +62 +63 +65 +66 +67 +68 +69 +70 +71 +72 +73 +74 +75 +76 +77 +78 +79 +80 +81 +83 +84 +85 +86 +87 +88 +90 +91 +92 +93 +94 +95 +100 +101 +102 +103 +104 +105 +106 +107 +108 +109 +110 +111 +113 +114 +115 +116 +117 +118 +119 +120 +121 +122 +123 @
>FR733646.1
+1 +2 +3 +4 +5 +6 +7 +12 +13 +14 +15 +16 +17 +18 +21 +22 +23 +24 +25 +26 +27 +28 +29 +30 +31 +32 +33 +34 +35 +36 +37 +38 +39 +40 +41 +42 +43 +44 +45 +46 +48 +49 +50 +51 +52 +53 +54 +55 +56 +57 +58 +59 +60 +61 +62 +63 +65 +66 +67 +68 +69 +70 +71 +72 +73 +74 +75 +76 +77 +78 +79 +80 +81 +83 +84 +85 +86 +87 +88 +90 +91 +92 +93 +94 +95 +100 +101 +102 +103 +104 +105 +106 +107 +108 +109 +110 +111 +113 +114 +115 +116 +117 +118 +119 +120 +121 +122 +123 @
>CP045969.1
+1 +2 +3 +4 +5 +6 +7 +12 +13 +14 +15 +16 +17 +18 +21 +22 +23 +24 +25 +26 +27 +28 +29 +30 +31 +32 +33 +34 +35 +36 +37 +38 +39 +40 +41 +42 +43 +44 +45 +46 +48 +49 +50 +51 +52 +53 +54 +55 +56 +57 +58 +59 +60 +61 +62 +63 +65 +66 +67 +68 +69 +70 +71 +72 +73 +74 +75 +76 +77 +78 +79 +80 +81 +83 +84 +85 +86 +87 +88 +90 +91 +92 +93 +94 +95 +100 +101 +102 +103 +104 +105 +106 +107 +108 +109 +110 +111 +113 +114 +115 +116 +117 +118 +119 +120 +121 +122 +123 @
>CP030809.1
+4 +5 +6 +7 +12 +13 +14 +15 +16 +17 +18 +21 +22 +23 +24 +25 +26 +27 +28 +29 +30 +31 +32 +33 +34 +35 +36 +37 +38 +39 +40 +41 +42 +43 +44 +45 +46 +48 +49 +50 +51 +52 +53 +54 +55 +56 +57 +58 +59 +60 +61 +62 +63 +65 +66 +67 +68 +69 +70 +71 +72 +73 +74 +75 +76 +77 +78 +79 +80 +81 +83 +84 +85 +86 +87 +88 +90 +91 +92 +93 +94 +95 +100 +101 +102 +103 +104 +105 +106 +107 +108 +109 +110 +111 +113 +114 +115 +116 +117 +118 +119 +120 +121 +122 +123 +1 +2 +3 @
>FR720325.1
+1 +2 +3 +4 +5 +6 +7 +12 +13 +14 +15 +16 +17 +18 +21 +22 +23 +24 +25 +26 +27 +28 +29 +30 +31 +32 +33 +34 +35 +36 +37 +38 +39 +40 +41 +42 +43 +44 +45 +46 +48 +49 +50 +51 +52 +53 +54 +55 +56 +57 +58 +59 +60 +61 +62 +63 +65 +66 +67 +68 +69 +70 +71 +72 +73 +74 +75 +76 +77 +78 +79 +80 +81 +83 +84 +85 +86 +87 +88 +90 +91 +92 +93 +94 +95 +100 +101 +102 +103 +104 +105 +106 +107 +108 +109 +110 +111 +113 +114 +115 +116 +117 +118 +119 +120 +121 +122 +123 @
>CP006591.1
+34 +35 +36 +37 +38 +39 +40 +41 +42 +43 +44 +45 +46 +48 +49 +50 +51 +52 +53 +54 +55 +56 +57 +58 +59 +60 +61 +62 +63 +65 +66 +67 +68 +69 +70 +71 +72 +73 +74 +75 +76 +77 +78 +79 +80 +81 +83 +84 +85 +86 +87 +88 +90 +91 +92 +93 +94 +95 +100 +101 +102 +103 +104 +105 +106 +107 +108 +109 +110 +111 +113 +114 +115 +116 +117 +118 +119 +120 +121 +122 +123 +1 +2 +3 +4 +5 +6 +7 +12 +13 +14 +15 +16 +17 +18 +21 +22 +23 +24 +25 +26 +27 +28 +29 +30 +31 +32 +33 @
>CP020827.1
+1 +2 +3 +4 +5 +6 +7 +12 +13 +14 +15 +16 +17 +18 +21 +22 +23 +24 +25 +26 +27 +28 +29 +30 +31 +32 +33 +34 +35 +36 +37 +38 +39 +40 +41 +42 +43 +44 +45 +46 +48 +49 +50 +51 +52 +53 +54 +55 +56 +57 +58 +59 +60 +61 +62 +63 +65 +66 +67 +68 +69 +70 +71 +72 +73 +74 +75 +76 +77 +78 +79 +80 +81 +83 +84 +85 +86 +87 +88 +90 +91 +92 +93 +94 +95 +100 +101 +102 +103 +104 +105 +106 +107 +108 +109 +110 +111 +113 +114 +115 +116 +117 +118 +119 +120 +121 +122 +123 @
>CM003382.1
+1 +2 +3 +4 +5 +6 +7 +12 +13 +14 +15 +16 +17 +18 +21 +22 +23 +24 +25 +26 +27 +28 +29 +30 +31 +32 +33 +34 +35 +36 +37 +38 +39 +40 +41 +42 +43 +44 +45 +46 +48 +49 +50 +51 +52 +53 +54 +55 +56 +57 +58 +59 +60 +61 +62 +63 +65 +66 +67 +68 +69 +70 +71 +72 +73 +74 +75 +76 +77 +78 +79 +80 +81 +83 +84 +85 +86 +87 +104 +105 +88 +90 +91 +92 +93 +94 +95 +100 +101 +102 +103 +106 +107 +108 +109 +110 +111 +113 +114 +115 +116 +117 +118 +119 +120 +121 +122 +123 @
>CP033737.1
-2 -1 -123 -122 -121 -120 -119 -118 -117 -116 -115 -114 -113 -111 -110 -109 -108 -107 -106 -105 -104 -103 -102 -101 -100 -95 -94 -93 -92 -91 -90 -88 -87 -86 -85 -84 -83 -81 -80 -79 -78 -77 -76 -75 -74 -73 -72 -71 -70 -69 -68 -67 -66 -65 -63 -62 -61 -60 -59 -58 -57 -56 -55 -54 -53 -52 -51 -50 -49 -48 -46 -45 -44 -43 -42 -41 -40 -39 -38 -37 -36 -35 -34 -33 -32 -31 -30 -29 -28 -27 -26 -25 -24 -23 -22 -21 -18 -17 -16 -15 -14 -12 -7 -6 -5 -4 -3 @
>CP032671.1
+1 +2 +3 +4 +5 +6 +7 +12 +13 +14 +15 +16 +17 +18 +21 +22 +23 +24 +25 +26 +27 +28 +29 +30 +31 +32 +33 +34 +35 +36 +37 +38 +39 +40 +41 +42 +43 +44 +45 +46 +48 +49 +50 +51 +52 +53 +54 +55 +56 +57 +58 +59 +60 +61 +62 +63 +65 +66 +67 +68 +69 +70 +71 +72 +73 +74 +75 +76 +77 +78 +79 +80 +81 +83 +84 +85 +86 +87 +88 +90 +91 +92 +93 +94 +95 +100 +101 +102 +103 +104 +105 +106 +107 +108 +109 +110 +111 +113 +114 +115 +116 +117 +118 +119 +120 +121 +122 +123 @
>LT985476.1
+1 +2 +3 +4 +5 +6 +7 +12 +13 +14 +15 +16 +17 +18 +21 +22 +23 +24 +25 +26 +27 +28 +29 +30 +31 +32 +33 +34 +35 +36 +37 +38 +39 +40 +41 +42 +43 +44 +45 +46 +48 +49 +50 +51 +52 +53 +54 +55 +56 +57 +58 +59 +60 +61 +62 +63 +65 +66 +67 +68 +69 +70 +71 +72 +73 +74 +75 +76 +77 +78 +79 +80 +81 +83 +84 +85 +86 +87 +88 +90 +91 +92 +93 +94 +95 +100 +101 +102 +103 +104 +105 +106 +107 +108 +109 +110 +111 +113 +114 +115 +116 +117 +118 +119 +120 +121 +122 +123 @
>CP045970.1
+1 +2 +3 +4 +5 +6 +7 +12 +13 +14 +15 +16 +17 +18 +21 +22 +23 +24 +25 +26 +27 +28 +29 +30 +31 +32 +33 +34 +35 +36 +37 +38 +39 +40 +41 +42 +43 +44 +45 +46 +48 +49 +50 +51 +52 +53 +54 +55 +56 +57 +58 +59 +60 +61 +62 +63 +65 +66 +67 +68 +69 +70 +71 +72 +73 +74 +75 +76 +77 +78 +79 +80 +81 +83 +84 +85 +86 +87 +88 +90 +91 +92 +93 +94 +95 +100 +101 +102 +103 +104 +105 +106 +107 +108 +109 +110 +111 +113 +114 +115 +116 +117 +118 +119 +120 +121 +122 +123 @
>CP002004.1
+1 +2 +3 +4 +5 +6 +7 +12 +13 +14 +15 +16 +17 +18 +21 +22 +23 +24 +25 +26 +27 +28 +29 +30 +31 +32 +33 +34 +35 +36 +37 +38 +39 +40 +41 +42 +43 +44 +45 +46 +48 +49 +50 +51 +52 +53 +54 +55 +56 +57 +58 +59 +60 +61 +62 +63 +65 +66 +67 +68 +69 +70 +71 +72 +73 +74 +75 +76 +77 +78 +79 +80 +81 +83 +84 +85 +86 +87 +88 +90 +91 +92 +93 +94 +95 +100 +101 +102 +103 +104 +105 +106 +107 +108 +109 +110 +111 +113 +114 +115 +116 +117 +118 +119 +120 +121 +122 +123 @
>CP002816.1
+1 +2 +3 +4 +5 +6 +7 +12 +13 +14 +15 +16 +17 +18 +22 +23 +24 +25 +26 +27 +28 +29 +30 +31 +32 +33 +34 +35 +36 +37 +38 +39 +40 +41 +42 +43 +44 +45 +46 +48 +49 +50 +51 +52 +53 +54 +55 +56 +57 +58 +59 +60 +61 +62 +63 +65 +66 +67 +68 +69 +70 +71 +72 +73 +74 +75 +76 +77 +78 +79 +80 +81 +83 +84 +85 +86 +87 +88 +90 +91 +92 +93 +94 +95 +100 +101 +102 +103 +104 +105 +106 +107 +108 +109 +110 +111 +113 +114 +115 +116 +117 +118 +119 +120 +121 +122 +123 @
>CP025560.1
+1 +2 +3 +4 +5 +6 +7 +12 +13 +14 +15 +16 +17 +18 +21 +22 +23 +24 +25 +26 +27 +28 +29 +30 +31 +32 +33 +34 +35 +36 +37 +38 +39 +40 +41 +42 +43 +44 +45 +46 +48 +49 +50 +51 +52 +53 +54 +55 +56 +57 +58 +59 +60 +61 +62 +63 +65 +66 +67 +68 +69 +70 +71 +72 +73 +74 +75 +76 +77 +78 +79 +80 +81 +83 +84 +85 +86 +87 +88 +90 +91 +92 +93 +94 +95 +100 +101 +102 +103 +104 +105 +106 +107 +108 +109 +110 +111 +113 +114 +115 +116 +117 +118 +119 +120 +121 +122 +123 @
>CP027029.1
+12 +13 +14 +15 +16 +17 +18 +21 +22 +23 +24 +25 +26 +27 +28 +29 +30 +31 +32 +33 +34 +35 +36 +37 +38 +39 +40 +41 +42 +43 +44 +45 +46 +48 +49 +50 +51 +52 +53 +54 +55 +56 +57 +58 +59 +60 +61 +62 +63 +65 +66 +67 +68 +69 +70 +71 +72 +73 +74 +75 +76 +77 +78 +79 +80 +81 +83 +84 +85 +86 +87 +88 +90 +91 +92 +93 +94 +95 +104 +105 +106 +107 +108 +109 +110 +111 +113 +114 +115 +116 +117 +118 +119 +120 +121 +122 +123 +1 +2 +3 +4 +5 +6 +7 +100 +101 +102 +103 @
>CP019623.1
+1 +2 +3 +4 +5 +6 +7 +12 +13 +14 +15 +16 +17 +18 +21 +22 +23 +24 +25 +26 +27 +28 +29 +30 +31 +32 +33 +34 +35 +36 +37 +38 +39 +40 +41 +42 +43 +44 +45 +46 +48 +49 +50 +51 +52 +53 +54 +55 +56 +57 +58 +59 +60 +61 +62 +63 +65 +66 +67 +68 +69 +70 +71 +72 +73 +74 +75 +76 +77 +78 +79 +80 +81 +83 +84 +85 +86 +87 +88 +90 +91 +92 +93 +94 +95 +100 +101 +102 +103 +104 +105 +106 +107 +108 +109 +110 +111 +113 +114 +115 +116 +117 +118 +119 +120 +121 +122 +123 @
