>CP022559_1
+1 +2 +3 +4 +5 +6 +7 +8 +9 -14 -13 -12 -11 -10 +15 +16 +17 +18 +19 +20 +21 +22 +23 +24 +25 +26 +27 +28 +29 +30 +31 +32 +33 +34 +35 +36 +37 +38 +39 +40 +41 +42 +44 +45 +46 +47 +48 +49 +50 +51 +52 +53 +54 +55 +56 +57 +58 +59 +60 +61 +62 +63 +64 +65 +66 +67 +68 +69 +70 +126 +71 +72 +73 +74 +75 +76 +77 +78 +82 +83 +84 +85 +86 +87 +88 +89 +90 +91 +92 +93 +127 +128 +129 +95 +96 +97 +98 +99 +100 +101 +102 +103 +104 +105 +106 +107 +108 +109 +110 +111 +112 +113 +114 $
>CP012220_1
+1 +2 +3 +4 +5 +6 +7 +8 +9 -14 -13 -12 -11 -10 +138 +15 +16 +17 +18 +19 +20 +21 +22 +23 +24 +25 +26 +27 +28 +29 +30 +31 +32 +140 +33 +34 +35 +36 +37 +38 +39 +40 +41 +42 +44 +45 +46 +47 -48 +49 +50 +51 +52 +53 +54 +55 +56 +57 +58 +59 +60 +61 +62 +63 +64 +65 +66 +67 +68 +69 +70 +71 +72 +73 +74 +75 +76 +77 +78 +82 +141 +83 +84 +85 +86 +87 +88 +89 +90 +91 +92 +93 +95 +96 +97 +98 +99 +100 +101 +102 +103 +105 +106 +107 +108 +109 +110 +111 +112 +113 $
>CP022077_1
+1 +2 +3 +4 +5 +6 +7 +8 +9 +10 +11 +12 +13 +14 +15 +16 +17 +18 +19 +20 +21 +22 +23 +24 +25 +26 +27 +28 +29 +30 +31 +32 +33 +34 +35 +36 +37 +38 +39 +40 +41 +42 +44 +45 +46 +47 +48 +49 +50 +51 +52 +53 +54 +55 +56 +57 +58 +59 +60 +61 +62 +63 +64 +65 +66 +67 +68 +69 +70 +126 +71 +72 +73 +74 +75 +76 +77 +78 +82 +83 +84 +85 +86 +87 +88 +89 +90 +91 +92 +93 +127 +128 +129 +95 +96 +97 +98 +99 +100 +101 +102 +103 +104 +105 +106 +107 +108 +109 +110 +111 +112 +113 +114 $
>CP023343_1
+1 +2 +3 +4 +5 +6 +7 +8 +9 -14 -13 -12 -11 -10 +15 +16 +17 +152 +18 +19 +20 +21 +22 +23 +24 +25 +26 +27 +28 +123 +29 +30 +31 +32 +116 +33 +34 +35 +36 +37 +38 +39 +40 +41 +42 +44 +45 +46 +47 +48 +49 +50 +51 +52 +53 +54 +55 +56 +57 +58 +59 +60 +61 +62 +63 +64 +65 +66 +67 +68 +69 +70 +71 +72 +73 +74 +75 +76 +77 +78 +82 +95 +96 +97 +98 +99 +100 +101 +102 +103 +105 +106 +107 +108 +109 +110 +111 +112 +113 +114 $
>CP022439_1
+1 +2 +3 +4 +5 +6 +7 +8 +9 -14 -13 -12 -11 -10 +15 +16 +17 +18 +19 +20 +21 +22 +23 +24 +25 +26 +27 +28 +29 +30 +31 +32 +33 +34 +35 +36 +37 +38 +39 +40 +41 +42 +44 +45 +46 +47 +48 +49 +50 +51 +52 +53 +54 +55 +56 +57 +58 +59 +60 +61 +62 +63 +64 +65 +66 +67 +68 +69 +70 +126 +71 +72 +73 +74 +75 +76 +77 +78 +82 +83 +84 +85 +86 +87 +88 +89 +90 +91 +92 +93 +127 +128 +129 +95 +96 +97 +98 +99 +100 +101 +102 +103 +104 +105 +106 +107 +108 +109 +110 +111 +112 +113 +114 $
>CP000814_1
+1 +2 +3 +115 +4 +5 +6 +7 +8 +9 -14 -13 -12 -11 -10 +15 +16 +17 +18 +19 +20 +21 +22 +23 +24 +25 +26 +27 +28 +29 +30 +31 +32 +116 +33 +34 +35 +36 +37 +38 +39 +40 +93 +41 +42 +44 +45 +46 +47 +48 +49 +50 +51 +52 +53 +54 +55 +56 +57 +58 +59 +60 +61 +62 +63 +64 +65 +66 +67 +68 +69 +70 +117 +71 +72 +73 +74 +75 +76 +77 +78 +82 +84 +85 +86 +87 +88 +89 +90 +91 +92 +142 +125 +95 +96 +97 +98 +99 +100 +101 +102 +103 +105 +106 +107 +108 +109 +110 +111 +112 +113 $
>CP017229_1
+1 +2 +3 +115 +4 +5 +6 +7 +8 +9 -14 -13 -12 -11 -10 +15 +16 +17 +18 +19 +20 +21 +22 +23 +24 +25 +26 +27 +28 +29 +30 +31 +32 +116 +33 +34 +35 +36 +37 +38 +39 +40 +41 +42 +44 +45 +46 +47 +48 +49 +50 +51 +52 +53 +54 +55 +56 +57 +58 +59 +60 +61 +62 +63 +64 +65 +66 +67 +68 +69 +70 +71 +72 +73 +74 +75 +76 +77 +78 +82 +84 +85 +86 +87 +88 +89 +90 +91 +92 +93 +181 +95 +173 +182 +96 +97 +98 +99 +100 +101 +102 +103 +105 +106 +107 +108 +109 +110 +111 +112 +113 +162 $
>CP012214_1
+1 +2 +3 -14 -13 -12 -11 -10 +138 +4 +5 +6 +7 +8 +9 +15 +16 +17 +18 +19 +20 +21 +22 +23 +24 +25 +26 +27 +28 +29 +30 +31 +32 +33 +34 +35 +36 +37 +38 +39 +40 +41 +42 +44 +45 +46 +47 +48 +49 +50 +51 +52 +53 +54 +55 +56 +57 +58 +59 +60 +61 +62 +63 +64 +65 +66 +67 +68 +69 +70 +71 +72 +73 +74 +75 +76 +77 +78 +82 +83 +84 +85 +86 +87 +88 +89 +90 +91 +92 +93 +139 +95 +96 +97 +98 +99 +100 +101 +102 +103 +105 +106 +107 +108 +109 +110 +111 +112 +113 +114 $
>CP001900_1
+1 +2 +3 +115 +4 +5 +6 +7 +8 +9 -14 -13 -12 -11 -10 +15 +16 +17 +18 +19 +20 +21 +22 +23 +24 +25 +26 +27 +28 +29 +30 +31 +32 +116 +33 +34 +35 +36 +37 +38 +39 +40 +93 +41 +42 +44 +45 +46 +47 +48 +49 +50 +51 +52 +53 +54 +55 +56 +57 +58 +59 +60 +61 +62 +63 +64 +65 +66 +67 +68 +69 +70 +117 +71 +72 +73 +74 +75 +76 +77 +78 +82 +84 +85 +86 +87 +88 +89 +90 +91 +92 +186 +187 +125 +95 +96 +97 +98 +99 +100 +101 +102 +103 +105 +106 +107 +108 +109 +110 +111 +112 +113 $
>CP023543_1
+1 +2 +3 +4 +5 +6 +7 +8 +9 -14 -13 -12 -11 -10 +15 +16 +17 +152 +18 +19 +20 +21 +22 +23 +24 +25 +26 +27 +28 +29 +30 +31 +32 +33 +34 +35 +36 +37 +38 +39 -137 -136 -135 -134 +40 +41 +42 +44 +45 +46 +47 +48 +49 +50 +51 +52 +53 +54 +55 +56 +57 +58 +59 +60 +61 +62 +63 +64 -137 -136 -135 -134 +65 +66 +67 +68 +69 +70 +126 +71 +72 +73 +74 +75 +76 +77 +78 +82 +83 +84 +85 +86 +87 +88 +89 +90 +91 +92 +93 +158 +188 +157 +95 +96 +97 +98 +99 +100 +101 +102 +103 +189 +105 +106 +107 +108 +109 +110 +111 +112 +113 +114 $
>CP028911_1
+1 +2 +3 +115 +4 +5 +6 +7 +8 +9 -14 -13 -12 -11 -10 +15 +16 +17 +152 +18 +19 +20 +21 +22 +23 +24 +25 +26 +27 +28 +29 +30 +31 +32 +33 +34 +35 +36 +37 +38 +39 +40 +41 +42 +44 +45 +46 +47 +48 +49 +50 +51 +52 +53 +54 +55 +56 +57 +58 +59 +60 +61 +62 +63 +64 +65 +66 +67 +68 +69 +70 +71 +72 +73 +74 +75 +76 +77 +78 +82 +83 +84 +85 +86 +87 +88 +89 +90 +91 +92 +93 +139 +95 +96 +97 +98 +99 +100 +101 +102 +103 +105 +106 +107 +108 +109 +110 +111 +112 +113 $
>CP007751_1
+1 +2 +3 +4 +5 +6 +7 +8 +9 -14 -13 -12 -11 -10 +15 +16 +17 +18 +19 +20 +21 +22 +23 +24 +25 +26 +27 +28 +29 +30 +31 +32 +33 +34 +35 +36 +37 +38 +39 +40 +41 +42 +44 +45 +46 +47 +48 +49 +50 +51 +52 +53 +54 +55 +56 +57 +58 +59 +60 +61 +62 +63 +64 +65 +66 +67 +68 +69 +70 +126 +71 +72 +73 +74 +75 +76 +77 +78 +79 +80 +81 +82 +83 +84 +85 +86 +87 +88 +89 +90 +91 +92 +93 +127 +128 +129 +95 +96 +97 +98 +99 +100 +101 +102 +103 +104 +105 +106 +107 +108 +109 +110 +111 +112 +113 +114 $
>CP006688_1
+1 +2 +3 +4 +5 +6 +7 +8 +9 -14 -13 -12 -11 -10 +15 +16 +17 +18 +19 +20 +21 +22 +23 +24 +25 +26 +27 +28 +29 +30 +31 +32 +33 +34 +35 +36 +37 +38 +39 +40 +41 +42 +44 +45 +46 +47 +48 +49 +50 +51 +52 +53 +54 +55 +56 +57 +58 +59 +60 +61 +62 +63 +64 +65 +66 +67 +68 +69 +70 +126 +71 +72 +73 +74 +75 +76 +77 +78 +82 +83 +84 +85 +86 +87 +88 +89 +90 +91 +92 +93 +127 +128 +129 +95 +96 +97 +98 +99 +100 +101 +102 +103 +104 +105 +106 +107 +108 +109 +110 +111 +112 +113 +114 $
>CP007188_1
+1 +2 +3 +4 +5 +6 +7 +8 +9 -136 -135 -14 -13 -12 -11 -10 -136 -135 -134 +15 +16 +17 +18 +19 +20 +21 +22 +23 +24 +25 +26 +27 +28 +29 +30 +31 +32 +33 +34 +35 +36 +37 +38 +39 +40 +41 +42 +44 +45 +46 +47 +48 +49 +50 +51 +52 +53 +54 +55 +56 +57 +58 +59 +60 +61 +62 +63 +64 +65 +66 +67 -43 +137 +68 +69 +70 +71 +72 +73 +74 +75 +76 +77 +78 +82 -136 -135 +83 +84 +85 +86 +87 +88 +89 +90 +91 +92 +93 +127 +128 +129 +95 +96 +97 +98 +99 +100 +101 +102 +103 +104 +105 +106 +107 +108 +109 +110 +134 +135 +136 +111 +112 +113 +114 $
>CP041584_1
+1 +2 +3 +4 +5 +6 +7 +8 +9 -14 -13 -12 -11 -10 +138 +15 +16 +17 +18 +19 +20 +21 +22 +23 +24 +25 +26 +27 +28 +29 +30 +31 +32 +116 +33 +34 +35 +36 +37 +38 +39 -43 +40 +41 +42 +44 +45 +46 +47 +48 +49 +50 +51 +52 +53 +54 +55 +56 +57 +58 +59 +60 +61 +62 +144 +145 +153 +154 +63 +64 +65 +66 +67 +68 +69 +70 +126 +71 +72 +73 +74 +75 +76 +77 +78 +82 +83 +84 +85 +86 +87 +88 +89 +90 +91 +92 +93 +158 +157 +95 +96 +97 +98 +99 +100 +101 +102 +103 +104 +105 +106 +107 +108 +109 +175 +110 +111 +112 +113 +114 $
>CP020776_1
+1 +2 +3 +4 +5 +6 +7 +8 +9 +10 +11 +12 +13 +14 +15 +16 +17 +18 +19 +20 +21 +22 +23 +24 +25 +26 +27 +28 +29 +30 +31 +32 +33 +34 +35 +36 +37 +38 +39 +40 +41 +42 +44 +45 +46 +47 +48 +49 +50 +51 +52 +53 +54 +55 +56 +57 +58 +59 +60 +61 +62 +63 +64 +65 +66 +67 +68 +69 +70 +126 +71 +72 +73 +74 +75 +76 +77 +78 +118 +119 +120 +121 +82 +83 +84 +85 +86 +87 +88 +43 +89 +90 +91 +92 +93 +127 +128 +129 +95 +96 +97 +98 +99 +100 +101 +102 +103 +104 +105 +106 +107 +108 +109 +110 +111 +112 +113 +114 $
>CP012217_1
+1 +2 +3 +25 +26 +27 +28 +29 +30 +31 +32 +33 +34 +35 +36 +37 +143 +38 +39 +40 +41 +42 +44 +45 +46 +47 +48 +49 +50 +51 +52 +53 +54 +55 +56 +57 +58 +59 +60 +61 +62 +144 +145 +153 +154 +63 +64 +65 +66 +67 +68 +69 +70 +71 +72 +73 +74 +75 +76 +77 +78 +82 +83 +84 +85 +86 +87 +88 +89 +90 +91 +92 +93 +127 +129 +95 +96 +97 +98 +99 +100 +101 +102 +103 +128 +4 +5 +6 +7 +8 +9 -14 -13 -12 -11 -10 +138 +43 +15 +16 +17 +152 +18 +19 +20 +21 +22 +23 +24 +105 +106 +107 +108 +109 +110 +111 +112 +113 $
>CP027403_1
+1 +2 +3 +163 +4 +5 +6 +7 +8 +9 -14 -13 -12 -11 -10 -90 -89 -88 -87 -86 +123 -85 -150 -84 -83 -82 -78 -77 -76 -75 -74 -73 -72 -71 -70 -69 -68 -67 -66 +164 -65 +165 +166 +167 -64 -63 -62 -61 -60 -59 -58 -118 -55 -54 -121 -120 +50 +51 +52 +53 -37 -36 -35 -34 -33 +123 +168 +169 +57 +170 -50 -49 -48 -47 -46 -45 -44 -42 -41 -40 -39 -38 -32 -31 -30 -29 -28 -27 -26 -25 +171 -24 -23 -22 -21 -20 -19 -18 -17 -16 -15 +91 +92 +93 +172 +95 +96 +158 +97 +98 +99 +100 +101 +102 +103 +105 +106 +107 +108 +109 +110 +111 +112 +113 +114 $
>CP007190_1
+1 +2 +3 +115 +4 +5 +6 +7 +8 +9 -14 -13 -12 -11 -10 +15 +16 +17 +18 +19 +20 +21 +22 +23 +24 +25 +26 +27 +28 +29 +30 +31 +32 +116 +33 +34 +35 +36 +37 +38 +39 +40 +93 +41 +42 +44 +45 +46 +47 +48 +49 +50 +51 +52 +53 +54 +55 +56 +57 +58 +59 +60 +61 +62 +63 +64 +65 +66 +67 +68 +69 +70 +149 +71 +72 +73 +74 +75 +76 +77 +78 +82 +83 +84 +85 +86 +87 +88 +89 +90 +91 +92 +122 +151 +125 +95 +96 +97 +98 +99 +100 +101 +102 +103 +105 +106 +107 +108 +109 +110 +111 +112 +113 $
>CP006686_1
+1 +2 +3 +4 +5 +6 +7 +8 +9 -14 -13 -12 -11 -10 +15 +16 +17 +18 +19 +20 +21 +22 +23 +24 +25 +26 +27 +28 +29 +30 +31 +32 +33 +34 +35 +36 +37 +38 +39 +40 +41 +42 +44 +45 +46 +47 +48 +49 +50 +51 +52 +53 +54 +55 +56 +57 +58 +59 +60 +61 +62 +63 +64 +65 +66 +67 +68 +69 +70 +126 +71 +72 +73 +74 +75 +76 +77 +78 +82 +83 +84 +85 +86 +87 +88 +89 +90 +91 +92 +93 +127 +128 +129 +95 +96 +97 +98 +99 +100 +101 +102 +103 +104 +105 +106 +107 +108 +109 +110 +111 +112 +113 +114 $
>CP012224_1
+1 +2 +3 +115 +4 +5 +6 +7 +8 +9 -14 -13 -12 -11 -10 +15 +16 +17 +18 +19 +20 +21 +22 +23 +24 +25 +26 +27 +28 +29 +30 +31 +32 +33 +34 +35 +36 +37 +38 +39 +40 +41 +42 +44 +45 +46 +47 +48 +49 +50 +51 +52 +53 +54 +55 +56 +57 +58 +59 +60 +61 +62 +63 +64 +65 +66 +67 +68 +69 +70 +71 +72 +73 +74 +75 +76 +77 +78 +82 +83 +84 +85 +86 +87 +88 +89 +90 +91 +92 +93 +158 +94 +95 +173 +96 +97 +98 +99 +100 +101 +102 +103 +105 +106 +107 +108 +109 +110 +111 +112 +113 $
>CP005388_1
+1 +2 +3 +4 +5 +6 +7 +8 +9 -14 -13 -12 -11 -10 +15 +16 +17 +18 +19 +20 +21 +22 +23 +24 +25 +26 +27 +28 +29 +30 +31 +32 +33 +34 +35 +36 +37 +143 +38 +39 +40 +41 +42 +44 +45 +46 +47 +48 +49 +50 +51 +52 +53 +54 +55 +56 +57 +58 +59 +60 +61 +62 +63 +64 +65 +66 +67 +68 +69 +70 +117 +71 +72 +73 +74 +75 +76 +77 +78 +82 +83 +84 +85 +86 +87 +88 +89 +90 +91 +92 +93 +160 +95 +96 +97 +98 +99 +100 +101 +102 +103 +105 +106 +107 +108 +109 +175 +110 +111 +112 +113 +114 $
>CP022440_1
+1 +2 +3 +115 +4 +5 +6 +7 +8 +9 -14 -13 -12 -11 -10 +15 +16 +17 +18 +19 +20 +21 +22 +23 +24 +25 +26 +27 +28 +29 +30 +31 +32 +116 +33 +34 +35 +36 +37 +38 +39 +40 +41 +42 +44 +45 +46 +47 +48 +49 +50 +51 +52 +53 +54 +55 +56 +57 +58 +59 +60 +61 +62 +63 +64 +65 +66 +67 +68 +69 +70 +71 +72 +73 +74 +75 +76 +77 +78 +82 +84 +85 +86 +87 +88 +89 +90 +91 +92 +93 +160 +95 +96 +97 +98 +99 +100 +101 +102 +103 +104 +105 +106 +107 +108 +109 +110 +111 +112 +113 +114 $
>CP028910_1
+1 +2 +3 +4 +5 +6 +7 +8 +9 +10 +11 +12 +13 +14 +15 +16 +17 +18 +19 +20 +21 +22 +23 +24 +25 +26 +27 +28 +29 +30 +31 +32 +33 +34 +35 +36 +37 +38 +39 +40 +41 +42 +44 +45 +46 +47 +48 +49 +50 +51 +52 +53 +54 +55 +123 +56 +57 +58 +59 +60 +61 +62 +63 +64 +65 +66 +67 +68 +69 +70 +126 +71 +72 +73 +74 +75 +76 +77 +78 +82 +83 +84 +85 +86 +87 +88 +89 +90 +91 +92 +93 +127 +128 +129 +95 +96 +97 +98 +99 +100 +101 +102 +103 +104 +105 +106 +107 +108 +109 +110 +111 +112 +113 +114 $
>LR134497_1
+1 +2 +3 +4 +5 +6 +7 +8 +9 -14 -13 -12 -11 -10 +15 +16 +17 +152 +18 +19 +20 +21 +22 +23 +24 +25 +26 +27 +28 +29 +30 +31 +32 +140 +33 +34 +35 +36 +37 +38 +39 +40 +41 +42 +44 +45 +46 +47 +48 +49 +50 +51 +52 +53 +54 +55 +56 +57 +58 +59 +60 +61 +62 +144 +145 +153 +154 +63 +64 +65 +66 +67 +68 +69 +43 +70 +71 +72 +73 +74 +75 +76 +77 +78 +82 +83 +84 +85 +86 +87 +88 +89 +90 +91 +92 +93 +158 -132 +133 +95 +96 +97 +98 +99 +100 +101 +102 +103 +105 +106 +161 +107 +108 +109 +110 +111 +112 +113 $
>CP017860_1
+1 +2 +3 +4 +5 +6 +7 +8 +9 -14 -13 -12 -11 -10 +15 +16 +17 +18 +19 +20 +21 +22 +23 +24 +25 +26 +27 +28 +123 +29 +30 +31 +32 +116 +33 +34 +35 +36 +37 +38 +39 +40 +41 +42 +44 +45 +46 +47 +48 +49 +50 +51 +52 +53 +54 +55 +56 +57 +58 +59 +60 +61 +62 -145 -144 +153 +154 +63 +64 +65 +66 +67 +68 +69 +70 +71 +72 +73 +74 +75 +76 +77 +78 +82 +83 +84 +85 +86 +87 +88 +89 +90 +91 +92 +93 +95 +96 +97 +98 +99 +100 +101 +102 +103 +105 +106 +107 +108 +109 +110 +111 +112 +113 +114 $
>CP006687_1
+1 +2 +3 +4 +5 +6 +7 +8 +9 -14 -13 -12 -11 -10 +15 +16 +17 +18 +19 +20 +21 +22 +23 +24 +25 +26 +27 +28 +29 +30 +31 +32 +33 +34 +35 +36 +37 +38 +39 +40 +41 +42 +44 +45 +46 +47 +48 +49 +50 +51 +52 +53 +54 +55 +56 +57 +58 +59 +60 +61 +62 +63 +64 +65 +66 +67 +68 +69 +70 +126 +71 +72 +73 +74 +75 +76 +77 +78 +82 +83 +84 +85 +86 +87 +88 +89 +90 +91 +92 +93 +127 +128 +129 +95 +96 +97 +98 +99 +100 +101 +102 +103 +104 +105 +106 +107 +108 +109 +110 +111 +112 +113 +114 $
>CP019965_1
+1 +2 +3 +115 +4 +5 +6 +7 +8 +9 -14 -13 -12 -11 -10 +15 +16 +17 +152 +18 +19 +20 +21 +22 +23 +24 +25 +26 +27 +28 +29 +30 +31 +32 +33 +34 +35 +36 +37 +38 +39 +40 +41 +42 +44 +45 +46 +47 +48 +49 +50 +51 +52 +53 +54 +55 +56 +57 +58 +59 +60 +61 +62 +63 +64 +65 +66 +67 +68 +69 +70 +71 +72 +73 +74 +75 +76 +77 +78 +82 +83 +84 +85 +86 +87 +88 +89 +90 +91 +92 +93 +139 +95 +96 +97 +98 +99 +100 +101 +102 +103 +105 +106 +107 +108 +109 +110 +111 +112 +113 $
>CP006689_1
+1 +2 +3 +4 +5 +6 +7 +8 +9 -14 -13 -12 -11 -10 +15 +16 +17 +18 +19 +20 +21 +22 +23 +24 +25 +26 +27 +28 +29 +30 +31 +32 +33 +34 +35 +36 +37 +38 +39 +40 +41 +42 +44 +45 +46 +47 +48 +49 +50 +51 +52 +53 +54 +55 +56 +57 +58 +59 +60 +61 +62 +63 +64 +65 +66 +67 +68 +69 +70 +126 +71 +72 +73 +74 +75 +76 +77 +78 +82 +83 +84 +85 +86 +87 +88 +89 +90 +91 +92 +93 +127 +128 +129 +95 +96 +97 +98 +99 +100 +101 +102 +103 +104 +105 +106 +107 +108 +109 +110 +111 +112 +113 +114 $
>CP012210_1
+1 +2 +3 +4 +5 +6 +7 +8 +9 -14 -13 -12 -11 -10 +15 +16 +17 +18 +19 +20 +21 +22 +23 +24 +30 +31 +32 +116 +33 +34 +35 +36 +37 +38 +39 +40 +93 +41 +42 +25 +26 +27 +28 +123 +29 +44 +45 +46 +47 +48 +49 +50 +51 +52 +53 +54 +55 +56 +57 +58 +59 +60 +61 +62 +63 +64 +65 +66 +67 +68 +69 +70 +117 +71 +72 +73 +74 +75 +76 +77 +78 +82 +83 +84 +85 +86 +87 +88 +89 +90 +91 +92 +122 +124 +125 +95 +96 +97 +98 +99 +100 +101 +102 +103 +105 +106 +107 +108 +109 +110 +111 +112 +113 $
>CP053659_1
+1 +2 +3 +4 +5 +6 +7 +8 +9 -14 -13 -12 -11 -10 +15 +16 +17 +18 +19 +20 +21 +22 +23 +24 +25 +26 +27 +28 +29 +30 +31 +32 +33 +34 +35 +36 +37 +38 +39 +40 +41 +42 +44 +45 +46 +47 +48 +49 +50 +51 +52 +53 +54 +55 +56 +57 +58 +59 +60 +61 +62 +63 +64 +65 +66 +67 +68 +69 +70 +126 +71 +72 +73 +74 +75 +76 +77 +78 +82 +83 +84 +85 +86 +87 +88 +89 +90 +91 +92 +93 -95 -133 +132 +96 +97 -43 +98 +99 +100 +101 +102 +103 +104 +105 +106 +107 +108 +109 +110 +111 +112 +113 +114 $
>CP014344_1
+1 +2 +3 +4 +5 +6 +7 +8 +9 -14 -13 -12 -11 -10 +138 +15 +16 +17 +18 +19 +20 +21 +22 +23 +24 +25 +26 +27 +28 +29 +30 +31 +32 +33 +34 +35 +36 +37 +38 +39 +40 +41 +42 +44 +45 +46 +47 +48 +49 +50 +51 +52 +53 +54 +55 +56 +57 +58 +59 +60 +61 +62 +63 +64 +65 +66 +67 +68 +69 +70 +71 +72 +73 +74 +75 +76 +77 +78 +82 +83 +84 +85 +86 +87 +88 +89 +90 +91 +92 +93 +158 +94 +95 +173 +96 +97 +98 +99 +100 +101 +102 +103 +105 +106 +107 +108 +109 +110 +111 +112 +113 +114 $
>CP047478_1
+1 +2 +3 +4 +5 +6 +7 +8 +9 +14 +13 +12 +11 +10 +15 +16 +17 +18 +19 +20 +21 +22 +23 +24 +25 +26 +27 +28 +29 +30 +31 +32 +33 +34 +35 +36 +37 +38 +39 +40 +41 +42 +44 +45 +46 +47 +48 +49 +50 +51 +52 +53 +54 +55 +56 +57 +58 +59 +60 +61 +62 +63 +64 +65 +66 +67 +68 +69 +70 +126 +71 +72 +73 +74 +75 +76 +77 +78 +82 +83 +84 +85 +86 +87 +88 +89 +90 +91 +92 +93 +132 +133 +95 +96 +97 +98 +99 +100 +101 +102 +103 +104 +105 +106 +107 +108 +109 +110 +111 +112 +113 +114 $
>CP022470_1
+1 +2 +3 +4 +5 +6 +7 +8 +9 -14 -13 -12 -11 -10 +15 +16 +17 +18 +19 +20 +21 +22 +23 +24 +25 +26 +27 +28 +29 +30 +31 +32 +116 +33 +34 +35 +36 +37 +38 +39 +40 +41 +42 -43 +44 +45 +46 +47 +48 +49 +50 +51 +52 +53 +54 +55 +56 +57 +58 +59 +60 +61 +62 +63 +64 +65 +66 +67 +68 +69 +70 +117 +71 +72 +73 +74 +75 +76 +77 +78 +82 +83 +84 +85 +86 +87 +88 +89 +90 +91 +92 +142 +125 +95 +96 +97 +98 +99 +100 +101 +102 +103 +105 +106 +107 +108 +109 +110 +111 +112 +113 $
>CP002029_1
+1 +2 +3 +115 +4 +5 +6 +7 +8 +9 -14 -13 -12 -11 -10 +15 +16 +17 +18 +19 +20 +21 +22 +23 +24 +25 +26 +27 +28 +29 +30 +31 +32 +116 +33 +34 +35 +36 +37 +38 +39 +40 +41 +42 -43 +44 +45 +46 +47 +48 +49 +50 +51 +52 +53 +54 +55 +56 +57 +58 +59 +60 +61 +62 +63 +64 +65 +66 +67 +68 +69 +70 +71 +72 +73 +74 +75 +76 +77 +78 +82 +84 +85 +86 +87 +88 +89 +90 +91 +92 +122 +184 +125 +95 +96 +97 +98 +99 +100 +101 +102 +103 +185 +105 +106 +107 +108 +109 +110 +111 +112 +113 +114 $
>CP023446_1
+1 +2 +3 +178 +179 +176 +177 +14 +13 +12 +11 +10 +138 +109 +108 +107 +106 +105 +104 +103 +102 +101 +100 +99 +98 +97 +96 +95 +125 +93 +92 +91 +90 +89 +88 +87 +86 +85 +84 +82 +81 +80 +79 +78 +77 +76 +75 +74 +73 +72 +71 +126 +70 +69 +68 +67 +66 +65 +64 +63 +145 +144 +62 +61 +60 +59 +58 +57 +56 +55 +54 +53 +52 +51 +50 +49 +48 +47 +46 +45 +44 +42 +41 +40 +39 +38 +37 +36 +35 +34 +33 +116 +32 +31 +30 +29 +28 +27 +26 +25 +24 +23 +22 +21 +20 +19 +18 +17 +16 +15 +138 +10 +11 +12 +13 +106 +107 +108 +109 +175 +110 +111 +112 +113 +114 $
>CM000854_1
+1 +2 +3 +115 +4 +5 +6 +7 +8 +9 -14 -13 -12 -11 -10 +15 +16 +17 +18 +19 +20 +21 +22 +23 +24 +25 +26 +27 +28 +29 +30 +31 +32 +33 +34 +35 +36 +37 +38 +39 +40 +41 +42 +44 +45 +46 +47 +48 +49 +50 +51 +52 +53 +54 +55 +123 +56 +57 +58 +59 +60 +61 +62 +63 +64 +65 +66 +67 +68 +69 +70 +71 +72 +73 +74 +75 +76 +77 +78 +82 +84 +85 +86 +87 +88 +89 +90 +91 +92 +148 +95 +96 +97 +98 +99 +100 +101 +102 +103 +105 +106 +107 +108 +109 +110 +111 +112 $
>CP010058_1
+1 +2 +3 +4 +5 +6 +7 +8 +9 +10 +11 +12 +13 +14 +15 +16 +17 +18 +19 +20 +21 +22 +23 +24 +25 +26 +27 +28 +29 +30 +31 +32 +33 +34 +35 +36 +37 +38 +39 +40 +41 +42 +43 +44 +45 +46 +47 +48 +49 +50 +51 +52 +53 +54 +55 +56 +57 +58 +59 +60 +61 +62 +63 +64 +65 +66 +67 +68 +69 +70 +71 +72 +73 +74 +75 +76 +77 +78 +79 +80 +81 +82 +83 +84 +85 +86 +87 +88 +89 +90 +91 +92 +93 +94 +95 +96 +97 +98 +99 +100 +101 +102 +103 +104 +105 +106 +107 +108 +109 +110 +111 +112 +113 +114 $
>CP006709_2
+1 +2 +3 +4 +5 +6 +7 +8 +9 -43 +10 +11 +12 +13 +14 +15 +16 +17 +18 +19 +20 +21 +22 +23 +24 +25 +26 +27 +28 +29 +30 +31 +32 +33 +34 +35 +36 +37 +38 +39 +40 +41 +42 +44 +45 +46 +47 +48 +49 +50 +51 +52 +53 +54 +55 +56 +57 +58 +59 +60 +61 +62 +63 +64 +65 +66 +67 +68 +69 +70 +126 +71 +72 +73 +74 +75 +76 +77 +78 +80 +81 +82 +83 +84 +85 +86 +87 +88 +89 +90 +91 +92 +93 +127 +128 +129 +95 +96 +97 +98 +99 +100 +101 +102 +103 +104 +105 +106 +107 +108 +109 +110 +111 +112 +113 +114 $
>CP014744_1
+1 +2 +3 +4 +5 +6 +7 +8 +9 -14 -13 -12 -11 -10 +15 +16 +17 +18 +19 +20 +21 +22 +23 +24 +25 +26 +27 +28 +29 +30 +31 +32 +35 +36 +37 +38 +39 +40 +41 +42 +132 -93 -92 -91 -90 +134 +135 +136 +137 +44 +45 +46 +47 +48 +49 +50 +51 +52 +53 +54 +55 +56 +57 +58 +59 +60 +61 +62 +63 +64 +65 +66 +67 +68 +69 +70 +126 +71 +72 +73 +74 +75 +76 +77 +78 +79 +80 +81 +82 +83 +84 +85 +86 +87 +88 +89 +133 +95 +96 +97 +98 +99 +100 +101 +102 +103 +104 +105 +106 +107 +108 +109 +110 +111 +112 +113 +114 $
>CP007189_1
+1 +2 +3 +115 +4 +5 +6 +7 +8 +9 -14 -13 -12 -11 -10 +15 +16 +17 +18 +19 +20 +21 +22 +23 +24 +25 +26 +27 +28 +29 +30 +31 +32 +116 +33 +34 +35 +36 +37 +38 +39 +40 +93 +41 +42 +44 +45 +46 +47 +48 +49 +50 +51 +52 +53 +54 +55 +56 +57 +58 +59 +60 +61 +62 +63 +64 +65 +66 +67 +68 +69 +70 +149 +71 +72 +73 +74 +75 +76 +77 +78 +82 +83 +84 +85 +86 +87 +88 +89 +90 +91 +92 +122 +151 +125 +95 +96 +97 +98 +99 +100 +101 +102 +103 +105 +106 +107 +108 +109 +110 +111 +112 +113 $
>LS483362_1
+1 +2 +3 +4 +5 +6 +7 +8 +9 +10 +11 +12 +13 +14 +15 +16 +17 +18 +19 +20 +21 +22 +23 +24 +25 +26 +27 +28 +29 +30 +31 +32 +33 +34 +35 +36 +37 +38 +39 +40 +41 +42 +44 +45 +46 +47 +48 +49 +50 +51 +52 +53 +54 +55 +56 +57 +58 +59 +60 +61 +62 +63 +64 +65 +66 +67 +68 +69 +70 +126 +71 +72 +73 +74 +75 +76 +77 +78 +82 +83 +84 +85 +86 +87 +88 +89 +90 +91 +92 +93 +127 +128 +129 +95 +96 +97 +98 +99 +100 +101 +102 +103 +104 +105 +106 +107 +108 +109 +110 +111 +112 +113 +114 $
>CP006851_1
+1 +2 +3 +4 +5 +6 +7 +8 +9 -14 -13 -12 -11 -10 +15 +16 +17 +18 +19 +20 +21 +22 +23 +24 +25 +26 +27 +28 +29 +30 +31 +32 +116 +33 +34 +35 +36 +37 +38 +39 +40 +41 +42 +44 +45 +46 +47 +48 +49 +50 +51 +52 +53 +54 +55 +56 +57 +58 +59 +60 +61 +62 +63 +64 +65 +66 +67 +68 +69 +70 +149 +71 +72 +73 +74 +75 +76 +77 +78 +78 +82 +84 +150 +85 +86 +87 +88 +89 +90 +91 +43 +92 +93 +125 +95 +96 +97 +98 +99 +100 +101 +102 +103 +105 +106 +107 +108 +109 +110 +111 +112 +113 +114 $
>CP034393_1
+1 +2 +3 +4 +5 +6 +7 +8 +9 -14 -13 -12 -11 -10 +138 +15 +16 +17 +18 +19 +20 +21 +22 +23 +24 +25 +26 +27 +28 +29 +30 +31 +32 +33 +34 +35 +36 +37 +143 +38 +39 +40 +41 +42 +43 +44 +45 +46 +47 +48 +49 +50 +51 +52 +53 +54 +55 +56 +57 +58 +59 +60 +61 +62 +144 +145 +63 +64 +65 +66 +67 +68 +69 +70 +125 +71 +72 +73 +74 +75 +76 +77 +78 +82 +141 +83 +84 +85 +86 +87 +88 +89 +90 -43 +91 +92 +146 +147 +95 +96 +97 +98 +99 +100 +101 +102 +103 +105 +106 +107 +108 +109 +110 +111 +112 +113 +114 $
>CP001876_1
+1 +2 +3 +4 +5 +6 +7 +8 +9 -14 -13 -12 -11 -10 +15 +16 +17 +18 +19 +20 +21 +22 +23 +24 +25 +26 +27 +28 +29 +30 +31 +32 +33 +34 +35 +36 +37 +38 +39 +40 +41 +42 +44 +45 +46 +47 +48 +49 +50 +51 +52 +53 +54 +55 +56 +57 +58 +59 +60 +61 +62 +63 +64 +65 +66 +67 +68 +69 +70 +126 +71 +72 +73 +74 +75 +76 +77 +78 +82 +83 +84 +85 +86 +87 +88 +89 +90 +91 +92 +93 +158 +157 +95 +96 +97 +98 +99 +100 +101 +102 +103 +104 +105 +106 +107 +108 +109 +110 +111 +112 +113 $
>CP012216_1
+1 +2 +3 +25 +26 +27 +28 +29 +30 +31 +32 +116 +33 +34 +35 +36 +37 +38 +39 +40 +41 +42 +44 +45 +46 +47 +48 +49 +50 +51 +52 +53 +54 +55 +56 +57 +58 +59 +60 +61 +62 +63 +64 +65 +66 +67 +68 +69 +70 +117 +71 +72 +73 +74 +75 +76 +77 +78 +82 +176 +177 +178 +179 +83 +15 +16 +17 +152 +18 +19 +20 +21 +22 +23 +24 +4 +5 +6 +7 +8 +9 -14 -13 -12 -11 -10 +138 +84 +85 +86 +87 +88 +89 +90 +91 +92 +93 +148 +95 +96 +97 +98 +99 +100 +101 +102 +103 +105 +106 +107 +108 +109 +175 +110 +111 +112 +113 +114 $
>CP006685_1
+1 +2 +3 +4 +5 +6 +7 +8 +9 -14 -13 -12 -11 -10 +15 +16 +17 +18 +19 +20 +21 +22 +23 +24 +25 +26 +27 +28 +29 +30 +31 +32 +33 +34 +35 +36 +37 +38 +39 +40 +41 +42 +44 +45 +46 +47 +48 +49 +50 +51 +52 +53 +54 +55 +56 +57 +58 +59 +60 +61 +62 +63 +64 +65 +66 +67 +68 +69 +70 +126 +71 +72 +73 +74 +75 +76 +77 +78 +82 +83 +84 +85 +86 +87 +88 +89 +90 +91 +92 +93 +127 +128 +129 +95 +96 +97 +98 +99 +100 +101 +102 +103 +104 +105 +106 +107 +108 +109 +110 +111 +112 +113 +114 $
>CP047484_1
+1 +2 +3 +4 +5 +6 +7 +8 +9 -14 -13 -12 -11 -10 +15 +16 +17 +18 +19 +20 +21 +22 +23 +24 +25 +26 +27 +28 +29 +30 +31 +32 +33 +34 +35 +36 +37 +38 +39 +40 +41 +42 +44 +45 +46 +47 +48 +49 +50 +51 +52 +53 +54 +55 +56 +57 +58 +59 +60 +61 +62 +63 +64 +65 +66 +67 +68 +69 +70 +126 +71 +72 +73 +74 +75 +76 +77 +78 +82 +83 +84 +85 +86 +87 +88 +89 +90 +91 +92 +93 +158 +157 +95 +96 +97 +98 +99 +100 +101 +102 +103 +104 +105 +106 +107 +108 +109 +110 +111 +112 +113 +114 $
>CP015209_1
+1 +2 +3 +115 +4 +5 +6 +7 +8 +9 -14 -13 -12 -11 -10 +15 +16 +17 +18 +19 +20 +21 +22 +23 +24 +25 +26 +27 +28 +29 +30 +31 +32 +116 +33 +34 +35 +36 +37 +38 +39 +40 +41 +42 +44 +45 +46 +47 +48 +49 +50 +51 +52 +53 +54 +55 +123 +56 +57 +58 +59 +60 +61 +62 +63 +64 +65 +66 +67 +68 +69 +70 +71 +72 +73 +74 +75 +76 +77 +78 +82 +84 +85 +86 +87 +88 +89 +90 +91 +92 +93 +181 +95 +173 +182 +96 +97 +98 +99 +100 +101 +102 +103 +105 +106 +107 +108 +109 +110 +111 +112 +113 +162 $
>CP012221_1
+1 +2 +3 +158 +4 +5 +6 +7 +8 +9 -14 -13 -12 -11 -10 +15 +16 +17 +18 +19 +20 +21 +22 +23 +24 +25 +26 +27 +28 +123 +29 +30 +31 +32 +33 +34 +35 +36 +37 +38 +39 +40 +41 +42 +44 +45 +46 +47 +48 +49 +50 +51 +52 +53 +54 +55 +56 +57 +58 +59 +60 +61 +62 +144 +145 +153 +154 +63 +64 +65 +66 +134 +135 +136 +137 +67 +68 +69 +70 +71 +72 +73 +74 +75 +76 +77 +78 +82 +141 +83 +84 +85 +86 +87 +88 +89 +90 +91 +92 +93 +157 +95 +96 +97 +98 +99 +100 +101 +102 +103 +105 +106 +107 +108 +109 +110 +111 +112 +113 $
>CP022080_1
+1 +2 +3 +115 +4 +5 +6 +7 +8 +9 +14 +13 +12 +11 +10 +15 +16 +17 +18 +19 +20 +21 +22 +23 +24 +25 +26 +27 +28 +29 +30 +31 +32 +116 +33 +34 +35 +36 +37 +38 +39 +40 +93 +41 +42 +44 +45 +46 +47 +48 +49 +50 +51 +52 +53 +54 +55 +56 +57 +58 +59 +60 +61 +62 +63 +64 +65 +66 +67 +68 +69 +70 +117 +71 +72 +73 +74 +75 +76 +77 +78 +82 +84 +85 +86 +87 +88 +89 +90 +91 +92 +142 +125 +95 +96 +97 +98 +99 +100 +101 +102 +103 +105 +106 +107 +108 +109 +110 +111 +112 +113 $
>CP001960_1
+1 +2 +3 +4 +5 +6 +7 +8 +9 -14 -13 -12 -11 -10 +138 +15 +16 +17 +18 +19 +20 +21 +22 +23 +24 +25 +26 +27 +28 +29 +30 +31 +32 +33 +34 +35 +36 +37 +143 +38 +39 +40 +134 +135 +136 +137 +41 +42 +44 +45 +46 +47 +48 +49 +50 +51 +52 +53 +54 +55 +56 +57 +58 +59 +60 +61 +62 +63 +64 +65 +66 +67 +68 +69 +70 +71 +72 +73 +74 +75 +76 +77 +78 +79 +80 +81 +82 +141 +83 +84 +85 +86 +87 +88 +89 +90 +91 +92 +146 +147 +95 +96 +97 +98 +99 +100 +101 +102 +103 +105 +106 +107 +108 +109 +110 +111 +112 +113 +114 $
>CP014742_1
+1 +2 +3 +4 +5 +6 +7 +8 +9 -14 -13 -12 -11 -10 +15 +16 +17 +18 +19 +20 +21 +22 +23 +24 +25 +26 +27 +28 +29 +30 +31 +32 +33 +34 +35 +36 +37 +38 +39 +40 +41 +42 +132 +44 +45 +46 +47 +48 +49 +50 +51 +52 +53 +54 +55 +56 +57 +58 +59 +60 -43 +61 +62 +63 +64 +65 +66 +67 +68 +69 +70 +126 +71 +72 +73 +74 +75 +76 +77 +78 +82 +83 +84 +85 +86 +87 +88 +89 +90 +91 +92 +93 +133 +95 +96 +97 +98 +99 +100 +101 +102 +103 +104 +105 +106 +107 +108 +109 +110 +111 +112 +113 +114 $
>CP022079_1
+1 +2 +3 +4 +5 +6 +7 +8 +9 -14 -13 -12 -11 -10 +15 +16 +17 +18 +19 +20 +21 +22 +23 +24 +25 +26 +27 +28 +29 +30 +31 +32 +33 +34 +35 +36 +37 +38 +39 +40 +41 +42 +44 +45 +46 +47 +48 +49 +50 +51 +52 +53 +54 +55 +56 +57 +58 +59 +60 +61 +62 +63 +64 +65 +66 +67 +68 +69 +70 +71 +72 +73 +74 +75 +76 +77 +78 +82 +83 +84 +85 +86 +87 +88 +89 +90 +91 +92 +93 +94 +95 +96 +97 +98 +99 +100 +101 +102 +103 +105 +106 +107 +108 +109 +110 +111 +112 +113 +114 $
>CP017863_1
+1 +2 +3 +4 +5 +6 +7 +8 +9 -19 -18 -17 -16 -15 -14 -13 -12 -11 -10 +138 +20 +21 +22 +23 +24 +25 +26 +27 +28 +29 +30 +31 +32 +116 +33 +34 +35 +36 +37 +38 +39 +40 +41 +42 +44 +45 +46 +47 +48 +49 +50 +51 +52 +53 +54 +55 +56 +57 +58 +59 +60 +61 +62 +145 +153 +154 +63 +64 +65 +66 +67 +68 +69 +70 +117 +71 +72 +73 +74 +75 +76 +77 +78 +80 +81 +82 +83 +84 +85 +86 +87 +88 +89 +90 +91 +92 +93 +158 +157 +95 +96 +97 +98 +99 +100 +101 +102 +103 +104 +105 +106 +107 +108 +134 +135 +136 +137 +109 +175 +110 +111 +112 +113 +114 $
>HG428754_1
+1 +2 +3 +4 +5 +6 +7 +8 +9 -14 -13 -12 -11 -10 +15 +16 +17 +18 +19 +20 +21 +22 +23 +24 +25 +26 +27 +28 +123 +29 +30 +31 +32 +116 +33 +34 +35 +36 +37 +38 +39 +40 +93 +41 +42 +44 +45 +46 +47 +48 +49 +50 +51 +52 +53 +54 +55 +56 +57 +58 +59 +60 +61 +62 +63 +64 +65 +66 +67 +68 +69 +70 +117 +71 +72 +73 +74 +75 +76 +77 +78 +82 +83 +84 +85 +86 +87 +88 +89 +90 +91 +92 +122 +124 +125 +95 +96 +97 +98 +99 +100 +101 +102 +103 +105 +106 +107 +108 +109 +110 +111 +112 +113 $
>CP045789_1
+1 +2 +3 +4 +5 +6 +7 +8 +9 -14 -13 -12 -11 -10 +15 +16 +17 +152 +18 +19 +20 +21 +22 +23 +24 +25 +26 -137 -136 -135 -134 +27 +28 +29 +30 +31 +32 +33 +34 +35 +36 +37 +38 +39 -137 -136 -135 -134 +40 +41 +42 +44 +45 +46 +47 +48 +49 +50 +51 +52 +53 +54 +55 +56 +57 +58 +59 +60 +61 +62 +63 +64 -137 -136 -135 -134 +65 +66 +67 +68 +69 +70 +126 +71 +72 +73 +74 +75 +76 +77 +78 +82 +83 +84 +85 +86 +87 +88 +89 +90 +91 +92 +93 +158 +188 +157 +95 +96 +97 +98 +99 +100 +101 +102 +103 +189 +105 +106 +107 +108 +109 +110 +111 +112 +113 +114 $
>CP019838_1
+1 +2 +3 +4 +5 +6 +7 +8 +9 -14 -13 -12 -11 -10 +15 +16 +17 +152 +18 +19 +20 +21 +22 +23 +24 +24 +25 +26 +27 +28 +29 +30 +31 +32 +33 +34 +35 +36 +37 +38 +39 +40 +41 +42 +44 +45 +46 +47 +48 +49 +50 +51 +52 +53 +54 +55 +56 +57 +58 +59 +60 +61 +62 +144 -145 +145 +153 +154 +159 +63 +64 +65 +66 +67 +68 +69 +70 +71 +72 +73 +74 +75 +76 +77 +78 +82 +83 +84 +85 +86 +87 +88 +89 +90 +91 +92 +93 +160 +95 +96 +97 +98 +99 +100 +101 +102 +103 +105 +106 +161 +107 +108 +109 +110 +111 +112 +113 +162 $
>CP020045_1
+1 +2 +3 +115 +4 +5 +6 +7 +8 +9 -14 -13 -12 -11 -10 +15 +16 +17 +152 +18 +19 +20 +21 +22 +23 +24 +25 +26 +27 +28 +29 +30 +31 +32 +33 +34 +35 +36 +37 +38 +39 +40 +41 +42 +44 +45 +46 +47 +48 +49 +50 +51 +52 +53 +54 +55 +56 +57 +58 +59 +60 +61 +62 +63 +64 +65 +66 +67 +68 +69 +70 +71 +72 +73 +74 +75 +76 +77 +78 +82 +83 +84 +85 +86 +87 +88 +89 +90 +91 +92 +93 +139 +95 +96 +97 +98 +99 +100 +101 +102 +103 +105 +106 +107 +108 +109 +110 +111 +112 +113 $
>LR134530_1
+1 +2 +3 +4 +5 +6 +7 +110 +8 +9 -138 +10 +11 +12 +13 +14 +15 +16 +17 +152 +18 +19 +20 +21 +22 +23 +24 -171 +25 +26 +27 +28 +29 +30 +31 +32 +38 +39 +40 +41 +42 -78 -77 -59 -58 -118 +50 +51 +52 +53 +54 +55 -37 -174 -36 -35 -34 -33 +57 +170 -50 -49 -48 -47 -46 -45 -44 +76 +60 +61 +62 +63 +64 +65 -164 +66 +67 +68 +69 +70 +180 +71 +72 +73 +74 +75 -120 +82 +83 +84 +85 +86 +87 +88 +89 +90 +91 +92 +93 +158 +94 +95 +96 +97 +98 +99 +100 +101 +102 +103 +105 +106 +107 +108 +109 +111 +112 +113 +114 $
>CP012696_1
+1 +2 +3 +4 +5 +6 +7 +8 +9 -14 -13 -12 -11 -10 +15 +16 +17 +18 +19 +20 +21 +22 +23 +24 +25 +26 +27 +28 +29 +30 +31 +32 +33 +34 +35 +36 +37 +38 +39 +40 +41 +42 +44 +45 +46 +47 +48 +49 +50 +51 +52 +53 +54 +55 +56 +57 +58 +59 +60 +61 +62 +63 +64 +65 +66 +67 +68 +69 +70 +126 +71 +72 +73 +74 +75 +76 +77 +78 +82 +83 +84 +85 +86 +87 +88 +89 +90 +91 +92 +93 +158 +157 +95 +96 +97 +98 +99 +100 +101 +102 +103 +104 +105 +106 +107 +108 +109 +110 +111 +112 +113 +114 $
>CM000855_1
+1 +2 +3 +179 +176 +178 +4 +5 +6 +7 -14 -13 -12 -11 -10 -9 -8 +15 +16 +17 +152 +18 +19 +20 +21 +22 +23 +24 +25 +26 +27 +28 +29 +30 +31 +32 +33 +34 +35 +36 +37 +38 -43 -154 +153 +39 +40 +93 +41 +42 +44 +45 +46 +47 +48 +49 +50 +51 +52 +53 +54 +55 +56 +57 +58 +59 +60 +61 +62 +63 +64 +65 +66 +67 +68 +69 +70 +71 +72 +73 +74 +75 +76 +77 +78 +80 +81 +82 +83 +84 +85 +86 +87 +88 +89 +90 +91 +92 +95 +96 +97 +98 +99 +100 +101 +102 +103 +105 +106 +107 +108 +109 +110 +111 +112 +113 $
>CP028372_1
+1 +2 +3 +4 +5 +6 +7 +8 +9 -14 -13 -12 -11 -10 +15 +16 +17 +18 +19 +20 +21 +22 +23 +24 +25 +26 +27 +28 +123 +29 +30 +31 +32 +33 +34 +35 +36 +37 +38 +39 +40 +41 +42 +44 +45 +46 +47 +48 +49 +50 +51 +52 +53 +54 +55 +56 +57 +58 +59 +60 +61 +62 +63 +64 +65 +66 +67 +68 +69 +70 +126 +71 +72 +73 +74 +75 +76 +77 +78 +82 +83 +84 +85 +86 +87 +88 +89 +90 +91 +92 +93 +158 +188 +157 +95 +96 +97 +98 +99 +100 +101 +102 +103 +105 +106 +107 +108 +109 +110 +111 +112 +113 $
>LR134511_1
+1 +2 +3 +4 +5 +6 +7 +8 +9 -14 -13 -12 -11 -10 +15 +16 +17 +18 +19 +20 +21 +22 +23 +24 +25 +26 +27 +28 +29 +30 +31 +32 +33 +34 +35 +36 +37 +38 +39 +40 +41 +42 +44 +45 +46 +47 +48 +49 +50 +51 +52 +53 +54 +55 +56 +57 +58 +59 +60 +61 +62 +63 +64 +65 +66 +67 +68 +69 +70 +126 +71 +72 +73 +74 +75 +76 +77 +78 +82 +83 +84 +85 +86 +87 +88 +89 +90 +91 +92 +93 +127 +128 +129 +95 +96 +97 +98 +99 +100 +101 +102 +103 +104 +105 +106 +107 +108 +109 +110 +111 +112 +113 +114 $
>CP007193_1
+1 +2 +3 +4 +5 +6 +7 +8 +9 -14 -13 -12 -11 -10 +15 +16 +17 +18 +19 +20 +21 +22 +23 +24 +25 +26 +27 +28 +29 +30 +31 +32 +33 +34 +35 +36 +37 +38 +39 +40 +41 +42 +44 +45 +46 +47 +48 +49 +50 +51 +52 +53 +54 +55 +56 +57 +58 +59 +60 +61 +62 +63 +64 +65 +66 +67 +68 +69 +70 +126 +71 +72 +73 +74 +75 +76 +77 +78 +82 +83 +84 +85 +86 +87 +88 +89 +90 +91 +92 +93 +127 +128 +129 +95 +96 +97 +98 +99 +100 +101 +102 +103 +104 +105 +106 +107 +108 +109 +110 +111 +112 +113 +114 $
>LS483295_1
+1 +2 +3 +4 +5 +6 +7 +8 +9 -14 -13 -12 -11 -10 +138 +15 +16 +17 +18 +19 +20 +21 +22 +23 +24 -171 +25 +26 +27 +28 +29 +30 +31 +32 +38 +39 +40 +41 +42 +33 +34 +35 +36 +174 +37 +44 +45 +46 +47 +48 +49 +50 -170 -57 -55 -54 -53 -52 -51 -50 +58 +59 +60 +61 +62 +63 +64 -165 +65 -164 +66 +67 +68 +69 +70 +71 +72 +73 +74 +75 +76 +77 +78 +82 +83 +84 +85 +86 +87 +88 +89 +90 +91 +92 +93 +172 +95 +96 +158 +97 +98 +99 +100 +101 +102 +103 +105 +106 +107 +108 +109 +110 +111 +112 +113 +114 $
>CP012689_1
+1 +2 +3 +115 +4 +5 +6 +7 +8 +9 +183 -14 -13 -12 -11 -10 +15 +16 +17 +18 +19 +20 +21 +22 +23 +24 +25 +26 +27 +28 +29 +30 +31 +32 +116 +33 +34 +35 +36 +37 +38 +39 +40 +41 +42 -43 +44 +45 +46 +47 +48 +49 +50 +51 +52 +53 +54 +55 +56 +57 +58 +59 +60 +61 +62 +63 +64 +65 +66 +67 +68 +69 +70 +71 +72 +73 +74 +75 +76 +77 +78 +82 +84 +85 +86 +87 +88 +89 +90 +91 +92 +122 +184 +125 +95 +96 +97 +98 +99 +100 +101 +102 +103 +185 +105 +106 +107 +108 +109 +110 +111 +112 +113 +114 $
>CP017862_1
+1 +2 -52 -51 -50 -49 +3 +4 +5 +6 +7 +8 +9 -14 -13 -12 -11 -10 +138 +15 +16 +17 +18 +19 +39 -137 -136 -135 -134 +40 +41 +42 +20 +21 +22 +23 +24 +25 +26 +27 +28 +29 +30 +31 +32 +33 +34 +35 +36 +37 +38 +39 +41 +42 +44 +45 +46 +47 +48 +53 +54 +55 +56 +57 +58 +59 +60 +61 +62 +63 +64 +65 +66 +67 +68 +69 +70 +71 +72 +73 +74 +75 +76 +77 +78 +82 +84 +85 +86 +87 +88 +89 +90 +91 +92 +93 +139 +95 +96 +97 +98 +99 +100 +101 +102 +103 +105 +106 +107 +108 +109 +110 +111 +112 +113 +114 $
>LR134359_1
+1 +2 +3 +163 +4 +5 +6 +7 +8 +9 -14 -13 -12 -11 -10 +138 +15 +16 +17 +18 +19 +20 +21 +22 +23 +24 -137 -136 -135 -136 -135 -134 +75 +76 +77 +78 +170 +120 +121 +118 +82 +84 +85 +86 +87 +88 +89 +90 +91 +92 +122 -137 -136 -135 -134 -171 +25 +26 +27 +28 +29 +30 +31 +32 +33 +34 +35 +36 +37 +38 +39 +40 +41 +42 +44 +45 +46 +47 +48 +49 +50 +51 +52 +53 +54 +55 +57 +58 +59 +60 +61 +62 +63 +64 +65 -164 +66 +67 +68 +69 +70 +180 +71 +72 +73 +74 -137 -136 -135 -134 +125 +95 +96 +97 +98 +99 +100 +101 +102 +103 +105 +106 +107 +108 +109 +110 +111 +112 +113 +114 $
>CP023866_1
+1 +2 +3 +4 +5 +6 +7 +8 +9 -14 -13 -12 +43 -11 -10 +138 +15 +16 +17 +18 +19 +20 +21 +22 +23 +24 +25 +26 +27 +28 +123 +29 +30 +31 +32 +33 +34 +35 +36 +37 +143 +38 +39 +40 +41 +42 +44 +45 +46 +47 +48 +49 +50 +51 +52 +53 +54 +55 +56 +57 +58 +59 +60 +61 +62 +144 +145 +63 +64 +65 +66 +67 +68 +69 +70 +71 +72 +73 +74 +75 +76 +77 +78 +80 +81 +82 +141 +83 +84 +85 +86 +87 +88 +89 +90 +91 +92 +146 +147 +95 +96 +97 +98 +99 +100 +101 +102 +103 +105 +106 +107 +108 +109 +110 +111 +112 +113 +114 $
>CP028912_1
+1 +2 +3 +4 +5 +6 +7 +8 +9 -14 -13 -12 -11 -10 +15 +16 +17 +18 +19 +20 +21 +22 +23 +24 +25 +26 +27 +28 +29 +30 +31 +32 +33 +34 +35 +36 +37 +38 +39 +40 +41 +42 +44 +45 +46 +47 +48 +49 +50 +51 +52 +53 +54 +55 +56 +57 +58 +59 +60 +61 +62 +63 +64 +65 +66 +67 +68 +69 +70 +126 +71 +72 +73 +74 +75 +76 +77 +78 +82 +83 +84 +85 +86 +87 +88 +89 +90 +91 +92 +93 +158 +157 +95 +96 +97 +98 +99 +100 +101 +102 +103 +104 +105 +106 +107 +108 +109 +110 +111 +112 +113 +114 $
>CP012211_1
+1 +2 +3 +115 +4 +5 +6 +7 +8 +9 -14 -13 -12 -11 -10 +15 +16 +17 +18 +19 +20 +21 +22 +23 +24 +25 +26 +27 +28 +29 +30 +31 +32 +116 +33 +34 +35 +36 +37 +38 +39 +40 +41 +42 +44 +45 +46 +47 +48 +49 +50 +51 +52 +53 +54 +55 +56 +57 +58 +59 +60 +61 +62 +63 +64 +65 +66 +67 +68 +69 +70 +117 +71 +72 +73 +74 +75 +76 +77 +78 +82 +84 +85 +86 +87 +88 +89 +90 +91 +92 +142 +125 +95 +96 +97 +98 +99 +100 +101 +102 +103 -137 -136 -135 -134 +105 +106 +107 +108 +109 +110 +111 +112 +113 $
>CP000025_1
+1 +2 +3 +4 +5 +6 +7 +8 +9 -14 -13 -12 +43 -11 -10 +138 +15 +16 +17 +18 +19 +20 +21 +22 +23 +24 +25 +26 +27 +28 +123 +29 +30 +31 +32 +33 +34 +35 +36 +37 +143 +38 +39 +40 +41 +42 +44 +45 +46 +47 +48 +49 +50 +51 +52 +53 +54 +55 +56 +57 +58 +59 +60 +61 +62 +144 +145 +63 +64 +65 +66 +67 +68 +69 +70 +71 +72 +73 +74 +75 +76 +77 +78 +80 +81 +82 +141 +83 +84 +85 +86 +87 +88 +89 +90 +91 +92 +146 +147 +95 +96 +97 +98 +99 +100 +101 +102 +103 +105 +106 +107 +108 +109 +110 +111 +112 +113 +114 $
>CP012690_1
+1 +2 +3 +115 +4 +5 +6 +7 +8 +9 +183 -14 -13 -12 -11 -10 +15 +16 +17 +18 +19 +20 +21 +22 +23 +24 +25 +26 +27 +28 +29 +30 +31 +32 +116 +33 +34 +35 +36 +37 +38 +39 +40 +41 +42 -43 +44 +45 +46 +47 +48 +49 +50 +51 +52 +53 +54 +55 +56 +57 +58 +59 +60 +61 +62 +63 +64 +65 +66 +67 +68 +69 +70 +71 +72 +73 +74 +75 +76 +77 +78 +82 +84 +85 +86 +87 +88 +89 +90 +91 +92 +122 +184 +125 +95 +96 +97 +98 +99 +100 +101 +102 +103 +185 +105 +106 +107 +108 +109 +110 +111 +112 +113 +114 $
>CP017029_1
+1 +2 +3 +4 +5 +6 +7 +8 +9 -14 -13 -12 -11 -10 +138 +15 +16 +17 +18 +19 +20 +21 +22 +23 +24 +25 +26 +27 +28 +29 +30 +31 +32 +33 +34 +35 +36 +37 +38 +39 +40 +41 +42 +44 +45 +46 +47 +48 +49 +50 +51 +52 +53 +54 +55 +56 +57 +58 +59 +60 +61 +62 -145 +145 +153 +154 +63 +64 +65 +66 +67 +68 +69 +70 +71 +72 +73 +74 +75 +76 +77 +78 +82 +83 +84 +85 +86 +87 +88 +89 +90 +91 +92 +93 +95 +96 +97 +98 +99 +100 +101 +102 +103 +104 +105 +106 +107 +108 +109 +110 +111 +112 +113 $
>CP010307_1
+1 +2 +3 +4 +5 +6 +7 +8 +9 +10 +11 +12 +13 +14 +15 +16 +17 +18 +19 +20 +21 +22 +23 +24 +25 +26 +27 +28 +29 +30 +31 +32 +33 +34 +35 +36 +37 +38 +39 +40 +41 +42 +44 +45 +46 +47 +48 +49 +50 +51 +52 +53 +54 +55 +56 +57 +58 +59 +60 +61 +62 +63 +64 +65 +66 +67 +68 +69 +70 +71 +72 +73 +74 +75 +76 +77 +78 +80 +81 +82 +83 +84 +85 +86 +87 +88 +89 +90 +91 +92 +93 +94 +95 +96 +97 +98 +99 +100 +101 +102 +103 +104 +105 +106 +107 +108 +109 +110 +111 +112 +113 $
>LR134502_1
+1 +2 +3 +115 +4 +5 +6 +7 +8 +9 -14 -13 -12 -11 -10 +15 +16 +17 +18 +19 +20 +21 +22 +23 +24 +25 +26 +27 +28 +29 +30 +31 +32 +116 +33 +34 +35 +36 +37 +38 +39 +40 +93 +41 +42 +44 +45 +46 +47 +48 +49 +50 +51 +52 +53 +54 +55 +56 +57 +58 +59 +60 +61 +62 +63 +64 +65 +66 +67 +68 +69 +70 +117 +71 +72 +73 +74 +75 +76 +77 +78 +82 +141 +83 +84 +85 +86 +87 +88 +89 +90 +91 +92 +155 +125 +95 -96 +156 +97 +98 +99 +100 +101 +102 +103 +105 +106 +107 +108 +109 +110 +111 +112 +113 $
>AL111168_1
+1 +2 +3 +4 +5 +6 +7 +8 +9 -14 -13 -12 -11 -10 +15 +16 +17 +18 +19 +20 +21 +22 +23 +24 +25 +26 +27 +28 +29 +30 +31 +32 +33 +34 +35 +36 +37 +38 +39 +40 +41 +42 +44 +45 +46 +47 +48 +49 +50 +51 +52 +53 +54 +55 +56 +57 +58 +59 +60 +61 +62 +63 +64 +65 +66 +67 +68 +69 +70 +126 +71 +72 +73 +74 +75 +76 +77 +78 +82 +83 +84 +85 +86 +87 +88 +89 +90 +91 +92 +93 +127 +128 +129 +95 +96 +97 +98 +99 +100 +101 +102 +103 +104 +105 +106 +107 +108 +109 +110 +111 +112 +113 +114 $
>CP047480_1
+1 +2 +3 +4 +5 +6 +7 +8 +9 -14 -13 -12 -11 -10 +15 +16 +17 +18 +19 +20 +21 +22 +23 +24 +25 +26 +27 +28 +123 +29 +30 +31 +32 +116 +33 +34 +35 +36 +37 +38 +39 +40 +41 +43 +42 +44 +45 +46 +47 +48 +49 +50 +51 +52 +53 +54 +55 +56 +57 +58 +59 +60 +61 +62 +63 +64 +65 +66 +67 +68 +69 +70 +71 +72 +73 +74 +75 +76 +77 +78 +82 +83 +84 +85 +86 +87 +88 +89 +90 +91 +92 +93 +127 +128 +129 +95 +96 +97 +98 +99 +100 +101 +102 +103 +105 +106 +107 +108 +109 +110 +111 +112 +113 +114 $
>CP008787_1
+1 +2 +3 +115 +4 +5 +6 +7 +8 +9 -14 -13 -12 -11 -10 +15 +16 +17 +18 +19 +20 +21 +22 +23 +24 +25 +26 +27 +28 +123 +29 +30 +31 +32 +116 +33 +34 +35 +36 +37 +38 +39 +40 +93 +41 +42 +44 +45 +46 +47 +48 +49 +50 +51 +52 +53 +54 +55 +56 +57 +58 +59 +60 +61 +62 +63 +64 +65 +66 +67 +68 +69 +70 +117 +71 +72 +73 +74 +75 +76 +77 +78 +82 +84 +85 +86 +87 +88 +89 +90 +91 +92 +186 +187 +125 +95 +96 +97 +98 +99 +100 +101 +102 +103 +105 +106 +107 +108 +109 +110 +111 +112 +113 $
>CP012206_1
+1 +2 +3 +115 +4 +5 +6 +7 +8 +9 -14 -13 -12 -11 -10 +15 +16 +17 +18 +19 +20 +21 +22 +23 +24 +25 +26 +27 +28 +29 +30 +31 +32 +116 +33 +34 +35 +36 +37 +38 +39 +40 +93 +41 +42 +44 +45 +46 +47 +48 +49 +50 +51 +52 +53 +54 +55 +56 +57 +58 +59 +60 +61 +62 +63 +64 +65 +66 +67 +68 +69 +70 +117 +71 +72 +73 +74 +75 +76 +77 +78 +118 +119 +120 +121 +82 +84 +85 +86 +87 +88 +89 +90 +91 +92 +122 +95 +96 +97 +98 +99 +100 +101 +102 +103 +105 +106 +107 +108 +109 +110 +111 +112 +113 $
>CP017456_1
+1 +2 +3 +115 +4 +5 +6 +7 +8 +9 -14 -13 -12 -11 -10 +15 +16 +17 +18 +19 +20 +21 +22 +23 +24 +25 +26 +27 +28 +29 +30 +31 +32 +116 +33 +34 +35 +36 +37 +38 +39 +40 +41 +42 +44 +45 +46 +47 +48 +49 +50 +51 +52 +53 +54 +55 +56 +57 +58 +59 +60 +61 +62 +63 +64 +65 +66 +67 +68 +69 +70 +71 +72 +73 +74 +75 +76 +77 +78 +82 +84 +85 +86 +87 +88 +89 +90 +91 -43 +92 +93 +181 +95 +173 +182 +96 +97 +98 +99 +100 +101 +102 +103 +105 +106 +107 +108 +109 +110 +111 +112 +113 +162 $
>LR134507_1
+1 +2 +3 +115 +4 +5 +6 +7 +8 +9 -14 -13 -12 -11 -10 +15 +16 +17 +18 +19 +20 +21 +22 +23 +24 +25 +26 +27 +28 +29 +30 +31 +32 +116 +33 +34 +35 +36 +37 +38 +39 +40 +93 +41 +42 +44 +45 +46 +47 +48 +49 +50 +51 +52 +53 +54 +55 +56 +57 +58 +59 +60 +61 +62 +63 +64 +65 +66 +67 +68 +69 +70 +117 +71 +72 +73 +74 +75 +76 +77 +78 +82 +141 +83 +84 +85 +86 +87 +88 +89 +90 +91 +92 +155 +125 +95 -96 +156 +97 +98 +99 +100 +101 +102 +103 +105 +106 +107 +108 +109 +110 +111 +112 +113 $
>CP023867_1
+1 +2 +3 +4 +5 +6 +7 +8 +9 +14 +13 +12 +11 +10 +15 +16 +17 +18 +19 +20 +21 +22 +23 +24 +25 +26 +27 +28 +29 +30 +31 +32 +43 +33 +34 +35 +36 +37 +38 +39 +40 +41 +42 +44 +45 +46 +47 +48 +49 +50 +51 +52 +53 +54 +55 +56 +57 +58 +59 +60 +61 +62 +63 +64 +65 +66 +67 +68 +69 +70 +71 +72 +73 +74 +75 +76 +77 +78 +82 +83 +84 +85 +86 +87 +88 +89 +90 +91 +92 +93 +127 +128 +129 +95 +96 +97 +98 +99 +100 +101 +102 +103 +104 +105 +106 +107 +108 +109 +110 +111 +112 +113 +114 $
>CP022076_1
+1 +2 +3 +4 +5 +6 +7 +8 +9 -14 -13 -12 -11 -10 +15 +16 +17 +152 +18 +19 +20 +21 +22 +23 +24 +25 +26 +27 +28 +29 +30 +31 +32 +33 +34 +35 +36 +37 +38 +39 +40 +41 +42 +44 +45 +46 +47 +48 +49 +50 +51 +52 +53 +54 +55 +56 +57 +58 +59 +60 +61 +62 +144 -145 +145 +153 +154 +159 +63 +64 +65 +66 +67 +68 +69 +70 +71 +72 +73 +74 +75 +76 +77 +78 +82 +83 +84 +85 +86 +87 +88 +89 +90 +91 +92 +93 +160 +95 +96 +97 +98 +99 +100 +101 +102 +103 +105 +106 +161 +107 +108 +109 +110 +111 +112 +113 +162 $
>CP012149_1
+1 +2 +3 +115 +4 +5 +6 +7 +8 +9 -14 -13 -12 -11 -10 +15 +16 +17 +18 +19 +20 +21 +22 +23 +24 +25 +26 +27 +28 +29 +30 +31 +32 +116 +33 +34 +35 +36 +37 +38 +39 +40 +93 +41 +42 +44 +45 +46 +47 +48 +49 +50 +51 +52 +53 +54 +55 +56 +57 +58 +59 +60 +61 +62 +63 +64 +65 +66 +67 +68 +69 +70 +117 +71 +72 +73 +74 +75 +76 +77 +78 +82 +84 +85 +86 +87 +88 +89 +90 +91 +92 +186 +187 +125 +95 +96 +97 +98 +99 +100 +101 +102 +103 +105 +106 +107 +108 +109 +110 +111 +112 +113 $
>CP003871_4
+1 +2 +3 +4 +5 +6 +7 +8 +9 -14 -13 -12 -11 -10 +15 +16 +17 +18 +19 +20 +21 +22 +23 +24 +25 +26 +27 +28 +29 +30 +31 +32 +33 +34 +35 +36 +37 +38 +39 +40 +41 +42 +44 +45 +46 +47 +48 +49 +50 +51 +52 +53 +54 +55 +56 +57 +58 +59 +60 +61 +62 +63 +64 +65 +66 +67 +68 +69 +70 +126 +71 +72 +73 +74 +75 +76 +77 +78 +82 +83 +84 +85 +86 +87 +88 +89 +90 +91 +92 +93 +158 +157 +95 +96 +97 +98 +99 +100 +101 +102 +103 +104 +105 +106 +107 +108 +109 +110 +111 +112 +113 +114 $
>CP006006_1
+1 +2 +3 +4 +5 +6 +7 +8 +9 -14 -13 -12 -11 -10 +15 +16 +17 +152 +18 +19 +20 +21 +22 +23 +24 +25 +26 +27 +28 +29 +30 +31 +32 +33 +34 +35 +36 +37 +38 +39 +40 +41 +42 +44 +45 +46 +47 +48 +49 +50 +51 +52 +53 +54 +55 +56 +57 +58 +59 +60 +61 +62 +63 +64 -137 -136 -135 -134 +65 +66 +67 +68 +69 +70 +71 +72 +73 +74 +75 +76 +77 +78 +82 +83 +84 +85 +86 +87 +88 +89 +90 +91 +92 +93 +158 +94 +95 +173 +96 +97 +98 +99 +100 +101 +102 +103 +105 +106 +107 +108 +109 +110 +111 +112 +113 +114 $
>HE978252_1
+1 +2 +3 +4 +5 +6 +7 +8 +9 -14 -13 -12 -11 -10 +15 +16 +17 +18 +19 +20 +21 +22 +23 +24 +25 +26 +27 +28 +29 +30 +31 +32 +33 +34 +35 +36 +37 +38 +39 +40 +41 +42 +44 +45 +46 +47 +48 +49 +50 +51 +52 +53 +54 +55 +56 +57 +58 +59 +60 +61 +62 +63 +64 +65 +66 +67 +68 +69 +70 +126 +71 +72 +73 +74 +75 +76 +77 +78 +82 +83 +84 +85 +86 +87 +88 +89 +90 +91 +92 +93 +127 +128 +129 +95 +96 +97 +98 +99 +100 +101 +102 +103 +104 +105 +106 +107 +108 +109 +110 +111 +112 +113 +114 $
>CP017031_1
+1 +2 +3 +4 +5 +6 +7 +8 +9 -14 -13 -12 -11 -10 +15 +16 +17 +18 +19 +20 +21 +22 +23 +24 +25 +26 +27 +28 +29 +30 +31 +32 +33 +34 +35 +36 +37 +38 +39 +40 +41 +42 +44 +45 +46 +47 +48 +49 +50 +51 +52 +53 +54 +55 +56 +57 +58 +59 +60 +61 +62 +63 +64 +65 +66 +67 +68 +69 +70 +126 +71 +72 +73 +74 +75 +76 +77 +78 +82 +83 +84 +85 +86 +87 +88 +89 +90 +91 +92 +93 -132 +133 +95 +96 +97 +98 +99 +100 +101 +102 +103 +104 +105 +106 +107 +108 +109 +110 +111 +112 +113 +114 $
>CP047477_1
+1 +2 +3 +4 +5 +6 +7 +8 +9 +14 +13 +12 +11 +10 +15 +16 +17 +18 +19 +20 +21 +22 +23 +24 +25 +26 +27 +28 +123 +29 +30 +31 +32 +116 +33 +34 +35 +36 +37 +38 +39 +40 +41 +42 +44 +45 +46 +47 +48 +49 +50 +51 +52 +53 +54 +55 +56 +57 +58 +59 +60 +61 +62 +63 +64 +65 +66 +67 +68 +69 +70 +71 +72 +73 +74 +75 +76 +77 +78 +80 +81 +82 +83 +84 +85 +86 +87 +88 +89 +90 +91 +92 +93 +127 +128 +129 +95 +96 +97 +98 +99 +100 +101 +102 +103 +105 +106 +107 +108 +109 +110 +111 +112 +113 +114 $
>CP000768_1
+1 +2 +3 +163 +4 +5 +6 +7 +8 +9 -14 -13 -12 -11 -10 -90 -89 -88 -87 -86 +123 -85 -150 -84 -83 -82 -78 -77 -76 -75 -74 -73 -72 -71 -70 -69 -68 -67 -66 +164 -65 +165 +166 +167 -64 -63 -62 -61 -60 -59 -58 -118 -55 -54 -121 -120 +50 +51 +52 +53 -37 -36 -35 -34 -33 +123 +168 +169 +57 +170 -50 -49 -48 -47 -46 -45 -44 -42 -41 -40 -39 -38 -32 -31 -30 -29 -28 -27 -26 -25 +171 -24 -23 -22 -21 -20 -19 -18 -17 -16 -15 +91 +92 +93 +172 +95 +96 +158 +97 +98 +99 +100 +101 +102 +103 +105 +106 +107 +108 +109 +110 +111 +112 +113 +114 $
>CP007192_1
+1 +2 +3 +4 +5 +6 +7 +8 +9 -14 -13 -12 -11 -10 +15 +16 +17 +18 +19 +20 +21 +22 +23 +24 +25 +26 +27 +28 +29 +30 +31 +32 +33 +34 +35 +36 +37 +38 +39 +40 +41 +42 +44 +45 +46 +47 +48 +49 +50 +51 +52 +53 +54 +55 +56 +57 +58 +59 +60 +61 +62 +63 +64 +65 +66 +67 +68 +69 +70 +126 +71 +72 +73 +74 +75 +76 +77 +78 +82 +83 +84 +85 +86 +87 +88 +89 +90 +91 +92 +93 +127 +128 +129 +95 +96 +97 +98 +99 +100 +101 +102 +103 +104 +105 +106 +107 +108 +109 +130 +131 +110 +111 +112 +113 +114 $
>CP012213_1
+1 +2 +3 +4 +5 +6 +7 +8 +9 -14 -13 -12 -11 -10 +15 +16 +17 +18 +19 +20 +21 +22 +23 +24 +25 +26 +27 +28 +29 +30 +31 +32 +116 +33 +34 +35 +36 +37 +38 +39 +40 +93 +41 +42 +44 +45 +46 +47 +48 +49 +50 +51 +52 +53 +54 +55 +56 +57 +58 +59 +60 +61 +62 +63 +64 +65 +66 +67 +68 +69 +70 +117 +71 +72 +73 +74 +75 +76 +77 +78 +82 +83 +84 +85 +86 +87 +88 +89 +90 +91 +92 +122 +124 +125 +95 +96 +97 +98 +99 +100 +101 +102 +103 +105 +106 +107 +108 +109 +110 +111 +112 +113 $
>LN831025_1
+1 +2 +3 +4 +5 +6 +7 +8 +9 -14 -13 -12 -11 -10 +15 +16 +17 +152 +18 +19 +20 +21 +22 +23 +24 +25 +26 +27 +28 +29 +30 +31 +32 +33 +34 +35 +36 +37 +38 +39 +40 +41 +42 +44 +45 +46 +47 +48 +49 +50 +51 +52 +53 +54 +55 +56 +57 +58 +59 +60 +61 +62 +144 -145 +145 +153 +154 +159 +63 +64 +65 +66 +67 +68 +69 +70 +71 +72 +73 +74 +75 +76 +77 +78 +82 +83 +84 +85 +86 +87 +88 +89 +90 +91 +92 +93 +160 +95 +96 +97 +98 +99 +100 +101 +102 +103 +105 +106 +161 +107 +108 +109 +110 +111 +112 +113 +162 $
>CP045048_1
+1 +2 +3 +4 +5 +6 +7 +8 +9 -14 -13 -12 -11 -10 +138 +15 +16 +17 +152 +18 +19 +20 -81 -80 +21 +22 +23 +24 +25 +26 +27 +28 +123 +29 +30 +31 +32 +33 +34 +35 +36 +37 +38 +39 +40 +41 +42 +44 +45 +46 +47 +48 +49 +50 +51 +52 +53 +54 +55 +56 +57 +58 +59 +60 +61 +62 +144 +43 +63 +64 +65 +66 +67 +68 +69 +70 +126 +71 +72 +73 +74 +75 +76 +77 +78 +82 +83 +84 +85 +86 +87 +88 +89 +90 +91 +92 +93 +158 +157 +95 +96 +97 +98 +99 +100 +101 +102 +103 +189 +105 +106 +107 +108 +109 +110 +111 +112 +113 +114 $
>CP007191_1
+1 +2 +3 +4 +5 +6 +7 +8 +9 -14 -13 -12 -11 -10 +15 +16 +17 +18 +19 +20 +21 +22 +23 +24 +25 +26 +27 +28 +29 +30 +31 +32 +33 +34 +35 +36 +37 +38 +39 +40 +41 +42 +44 +45 +46 +47 +48 +49 +50 +51 +52 +53 +54 +55 +56 +57 +58 +59 +60 +61 +62 +63 +64 +65 +66 +67 +68 +69 +70 +126 +71 +72 +73 +74 +75 +76 +77 +78 +82 +83 +84 +85 +86 +87 +88 +89 +90 +91 +92 +93 +127 +128 +129 +95 +96 +97 +98 +99 +100 +101 +102 +103 +104 +105 +106 +107 +108 +109 +130 +131 +110 +111 +112 +113 +114 $
