32	1
31	1
55	1
56	1
57	2
33	1
11	4
40	9
80	1
36	7
39	8
27	3
18	3
5	2
41	35
2	22
89	1
43	171
14	2
4	2
37	6
42	19
52	2
22	1
81	1
82	1
23	1
38	2
25	2
84	2
113	1
248	1
35	3
34	4
93	1
59	2
--------------------------------------------------------------------------------
CP005383.1	89.5131
CP017534.1	88.8835
CP017506.1	89.5695
CP017491.1	90.0188
CP011098.1	89.8082
CP006574.1	89.4745
CP017519.1	89.7435
CP006619.1	90.2465
CP017544.1	88.8854
CP017548.1	88.9419
CP017532.1	89.0967
CP026858.1	92.3674
CP004752.2	89.7616
CP023047.1	89.2499
CP017537.1	89.6488
CP006957.2	88.6805
CP023043.1	89.2513
CP017531.1	90.3068
CP006573.1	89.6378
CP017543.1	89.5755
CP005972.1	89.881
CP017536.1	89.1103
CP017551.1	89.4605
CP017523.1	89.8641
CP017520.1	89.2607
CP017504.1	89.6133
CP026857.1	92.3273
CP004753.2	90.391
CP017524.1	89.6698
CP017501.1	90.0153
CP017533.1	90.0629
CP017539.1	89.1302
CP017530.1	89.8837
CP011099.1	89.828
CP017550.1	89.3003
CP023046.1	88.9003
CP017505.1	89.5704
CP017528.1	90.0771
CP017540.1	90.1744
CP017538.1	88.4695
CP017535.1	89.8679
CP023044.1	89.2524
CP017549.1	89.7052
