>CP017501_1
+1 +2 +3 +7 +8 +9 +10 +11 +13 +14 +16 +17 +18 +19 +20 +22 +23 +29 +30 +31 +33 +34 +35 +36 +37 +38 +40 +41 +44 +45 +48 +49 +50 +51 +53 +54 +55 +65 +66 +68 +69 +70 +71 +72 +73 +74 +75 +76 +77 +78 +79 +80 +81 +82 +83 +84 +85 +86 +87 +88 +89 +97 +98 +99 +100 +102 +103 +117 +118 +119 +120 +121 +122 +123 +124 +125 +128 +129 +130 +131 +132 +134 +136 +139 +140 +142 +143 +144 +146 +147 +148 +156 +157 +174 +175 +176 +177 +179 +180 +181 +182 +191 +192 +193 +194 +195 +196 +197 +200 +207 +208 +209 +211 +213 +214 +215 +216 +217 +218 +219 +220 +221 +222 +223 +224 +225 +226 +227 +228 +229 +230 +231 +232 +233 +234 +235 +236 +237 +238 +239 +240 +241 +242 +243 +246 +247 +248 +249 +250 +251 +253 +254 +255 +256 +259 +260 +261 +262 +263 +264 +265 +266 +267 +269 +270 +271 +272 +273 +278
>CP026857_1
+1 +2 +3 +7 +8 +9 +10 +11 +13 +14 +16 +17 +18 +19 +20 +22 +23 +29 +30 +31 +33 +34 +35 +36 +37 +38 +40 +41 +44 +45 +48 +49 +50 +51 +53 +54 +55 +65 +66 +68 +69 +70 +71 +72 +73 +74 +75 +76 +77 +78 +79 +80 +81 +82 +83 +84 +85 +86 +87 +88 +97 +98 +99 +100 +102 +103 +89 +117 +118 +119 +120 +121 +122 +123 +124 +125 +128 +129 +181 +180 +179 +177 +176 +175 +174 +157 +156 +148 +147 +146 +144 +143 +142 +140 +139 +136 +134 +132 +131 +130 +182 +191 +192 +193 +194 +195 +196 +197 +200 +207 +208 +209 +211 +213 +214 +215 +216 +217 +218 +219 +220 +221 +222 +223 +224 +225 +226 +227 +228 +229 +230 +231 +232 +233 +234 +235 +236 +237 +238 +239 +240 +241 +242 +243 +246 +247 +248 +249 +250 +251 +253 +254 +255 +256 +259 +264 +263 +262 +261 +260 +265 +266 +267 +269 +270 +271 +272 +273 +278
>CP017504_1
+1 +2 +3 +7 +8 +9 +10 +11 +13 +14 +16 +17 +18 +19 +20 +22 +23 +29 +30 +31 +33 +34 +35 +36 +37 +38 +40 +41 +44 +45 +48 +49 +50 +51 +53 +54 +55 +65 +66 +68 +69 +70 +71 +72 +73 +74 +75 +76 +77 +78 +79 +80 +81 +82 +83 +84 +85 +86 +87 +88 +89 +97 +98 +99 +100 -177 -176 -175 -174 -157 -156 -148 -147 -146 -144 -143 -142 -140 -139 -136 -134 -132 -131 -130 -129 -128 -125 -124 -123 -122 -121 -120 -119 -118 -117 -103 -102 +179 +180 +181 +182 +191 +192 +193 +194 +195 +196 +197 +200 +207 +208 +209 +211 +213 +214 +215 +216 +217 +218 +219 +220 +221 +222 +223 +224 +225 +226 +227 +228 +229 +230 +231 +232 +233 +234 +235 +236 +237 +238 -239 +240 +241 +242 +243 +246 +247 +248 +249 +250 +251 +253 +254 +255 +256 +259 +260 +261 +262 +263 +264 +265 +266 +267 +269 +270 +271 +272 +273 +278
>CP017524_1
+1 +2 +3 +7 +8 +9 +10 +11 +13 +14 +16 +17 +18 +19 +20 +22 +23 +29 +30 +31 +33 +34 +35 +36 +37 +38 +40 +41 +44 +45 +48 +49 +50 +51 +53 +54 +55 +65 +66 +68 +69 +70 +71 +72 +73 +74 +75 +76 +77 +78 +79 +80 +81 +82 +83 +84 +85 +86 +87 +88 +89 +97 +98 +99 +100 +102 +103 +117 +118 +119 +120 +121 +122 +123 +124 +125 +128 +129 +130 +131 +132 +134 +136 +139 +140 +142 +143 +144 +146 +147 +148 +156 +157 +174 +175 +176 +177 +179 +180 +181 +182 +191 +192 +193 +194 +195 +196 +197 +200 +207 +208 +209 +211 +213 +214 +215 +216 +217 +218 +219 +220 +221 +222 +223 +224 +225 +226 +227 +228 +229 +230 +231 +232 +233 +234 +235 +236 +237 +238 -239 +240 +241 +242 +243 +246 +247 +248 +249 +250 +251 +253 +254 +255 +256 +259 +260 +261 +262 +263 +264 +265 +266 +267 +269 +270 +271 +272 +273 +278
>CP017520_1
+1 +2 +3 +7 +8 +9 +10 +11 +13 +14 +16 +17 +18 +19 +20 +22 +23 +29 +30 +31 +33 +34 +35 +36 +37 +38 +40 +41 +44 +45 +48 +49 +50 +51 +53 +54 +55 +65 +66 +68 +69 +70 +71 +72 +73 +74 +75 +76 +77 +78 +79 +80 +81 +82 +83 +84 +85 +86 +87 +88 +89 -103 -102 -100 -99 -98 -97 +117 +118 +119 +120 +121 +122 +123 +124 +125 +128 +129 -157 -156 -148 -147 -146 -144 -143 -142 -140 -139 -136 -134 -132 -131 -130 +174 +175 +176 +177 +179 +180 +181 +182 +191 +192 +193 +194 +195 +196 +197 +200 +207 +208 +209 +211 +213 +214 +215 +216 +217 +218 +219 +220 +221 +222 +223 +224 +225 +226 +227 +228 +229 +230 +231 +232 +233 +234 +235 +236 +237 +238 -239 +240 +241 +242 +243 +246 +247 +248 +249 +250 +251 +253 +254 +255 +256 +259 +260 +261 +262 +263 +264 +265 +266 +267 +269 +270 +271 +272 +273 +278
>CP017523_1
+1 +2 +3 +7 +8 +9 +10 +11 +13 +14 +16 +17 +18 +19 +20 +22 +23 +29 +30 +31 +33 +34 +35 +36 +37 +38 +40 +41 +44 +45 +48 +49 +50 +51 +53 +54 +55 +65 +66 +68 +69 +70 +71 +72 +73 +74 +75 +76 +77 +78 +79 +80 +81 +82 +83 +84 +85 +86 +87 +88 +89 +97 +98 +99 +100 +102 +103 +117 +118 +119 +120 +121 +122 +123 +124 +125 +128 +129 +130 +131 -136 -134 -132 +139 +140 +142 +143 +144 +146 +147 +148 +156 +157 +174 +175 +176 +177 +179 +180 +181 +182 +191 +192 +193 +194 +195 +196 +197 +200 +207 +208 +209 +211 +213 +214 +215 +216 +217 +218 +219 +220 +221 +222 +223 +224 +225 +226 +227 +228 +229 +230 +231 +232 +233 +234 +235 +236 +237 +238 -239 +240 +241 +242 +243 +246 +247 +248 +249 +250 +251 +253 +254 +255 +256 +259 +260 +261 +262 +263 +264 +265 +266 +267 +269 +270 +271 +272 +273 +278
>CP004753_2
+1 +2 +3 +7 +8 +9 +10 +11 +13 +14 +16 +17 +18 +19 +20 +22 +23 +29 +30 +31 +33 +34 +35 +36 +37 +38 +40 +41 +44 +45 +48 +49 +50 +51 +53 +54 +55 +65 +66 +68 +69 +70 +71 +72 +73 +74 +75 +76 +77 +78 +79 +80 +81 +82 +83 +84 +85 +86 +87 +88 +89 +97 +98 +99 +100 +102 +103 +117 +118 +119 +120 +121 +122 +123 +124 +125 +128 +129 +130 +131 +132 +134 +136 +139 +140 +142 +143 +144 +146 +147 +148 +156 +157 +174 +175 +176 +177 +179 +180 +181 +182 +191 +192 +193 +194 +195 +196 +197 +200 +207 +208 +209 +211 +213 +214 +215 +216 +217 +218 +219 +220 +221 +222 +223 +224 +225 +226 +227 +228 +229 +230 +231 +232 +233 +234 +235 +236 +237 +238 +239 +240 +241 +242 +243 +246 +247 +248 +249 +250 +251 +253 +254 +255 +256 +259 +260 +261 +262 +263 +264 +265 +266 +267 +269 +270 +271 +272 +273 +278
>CP023043_1
+1 +2 +3 +7 +8 +9 +10 +11 +13 +14 +16 +17 +18 +19 +20 +22 +23 +29 +30 +31 +33 +34 +35 +36 +37 +38 +40 +41 +44 +45 +48 +49 +50 +51 +53 +54 +55 +65 +66 +68 +69 +70 +71 +72 +73 +74 +75 +76 +77 +78 +79 +80 +81 +82 +83 +84 +85 +86 +87 +88 +89 +97 +98 +99 +100 +102 +103 +117 +118 +119 +120 +121 +122 +123 +124 +125 +128 +129 +130 +131 +132 +134 +136 +139 +140 +142 +143 +144 +146 +147 +148 +156 +157 +174 +175 +176 +177 +179 +180 +181 +182 +191 +192 +193 +194 +195 +196 +197 +200 +207 +208 +209 +211 +213 +214 +215 +216 +217 +218 +219 +220 +221 +222 +223 +224 +225 +226 +227 +228 +229 +230 +231 +232 +233 +234 +235 +236 +237 +238 +239 +240 +241 +242 +243 +246 +247 +248 +249 +250 +251 +253 +254 +255 +256 +259 +260 +261 +262 +263 +264 +265 +266 +267 +269 +270 +271 +272 +273 +278
>CP005972_1
+1 +2 +3 +7 +8 +9 +10 +11 +13 +14 +16 +17 +18 +19 +20 +22 +23 +256 +255 +254 +253 +251 +250 +249 +248 +247 +246 +243 +242 +241 +240 +239 +238 +237 +236 +235 +234 +233 +232 +231 +230 +229 +228 +227 +226 +225 +224 +223 +222 +221 +220 +219 +218 +217 +216 +215 +214 +213 +211 +209 +208 +207 +200 +197 +196 +195 +194 +193 +192 +191 +182 +181 +180 +179 +177 +176 +175 +174 +157 +156 +148 +147 +146 +144 +143 +142 +140 +139 +136 +134 +132 +131 +130 +129 +128 +125 +124 +123 +122 +121 +120 +119 +118 +117 +103 +102 +100 +99 +98 +97 +89 +88 +87 +86 +85 +84 +83 +82 +81 +80 +79 +78 +77 +76 +75 +74 +73 +72 +71 +70 +69 +68 +66 +65 +55 +54 +53 +51 +50 +49 +48 +45 +44 +41 +40 +38 +37 +36 +35 +34 +33 +31 +30 +29 +259 +260 +261 +262 +263 +264 +265 +266 +267 +269 +270 +271 +272 +273 +278
>CP017543_1
+1 +2 +3 +7 +8 +9 +10 +11 +13 +14 +16 +17 +18 +19 +20 +22 +23 +29 +30 +31 +33 +34 +35 +36 +37 +38 +40 +41 +44 +45 +48 +49 +50 +51 +53 +54 +55 +65 +66 +68 +69 +70 +71 +72 +73 +74 +75 +76 +77 +78 +79 +80 +81 +82 +83 +84 +85 +86 +87 +88 +89 +97 +98 +99 +100 -177 -176 -175 -174 -157 -156 -148 -147 -146 -144 -143 -142 -140 -139 -136 -134 -132 -131 -130 -129 -128 -125 -124 -123 -122 -121 -120 -119 -118 -117 -103 -102 +179 +180 +181 +182 +191 +192 +193 +194 +195 +196 +197 +200 +207 +208 +209 +211 +213 +214 +215 +216 +217 +218 +219 +220 +221 +222 +223 +224 +225 +226 +227 +228 +229 +230 +231 +232 +233 +234 +235 +236 +237 +238 +239 +240 +241 +242 +243 +246 +247 +248 +249 +250 +251 +253 +254 +255 +256 +259 +260 +261 +262 +263 +264 +265 +266 +267 +269 +270 +271 +272 +273 +278
>CP006573_1
+1 +2 +3 +7 +8 +9 +10 +11 +13 +14 +16 +17 +18 +19 +20 +22 +23 +29 +30 +31 +33 +34 +35 +36 +37 +38 +40 +41 +44 +45 +48 +49 +50 +51 +53 +54 +55 +65 +66 +68 +69 +70 +71 +72 +73 +74 +75 +76 +77 +78 +79 +80 +81 +82 +83 +84 +85 +86 +87 +88 +89 +97 +98 +99 +100 +102 +103 +117 +118 +119 +120 +121 +122 +123 +124 +125 +128 +129 +130 +131 +132 +134 +136 +139 +140 +142 +143 +144 +146 +147 +148 +156 +157 +174 +175 +176 +177 +179 +180 +181 +182 +191 +192 +193 +194 +195 +196 +197 +200 +207 +208 +209 +211 +213 +214 +215 +216 +217 +218 +219 +220 +221 +222 +223 +224 +225 +226 +227 +228 +229 +230 +231 +232 +242 -243 +233 +234 +235 +236 +237 +238 +239 +240 +241 +246 +247 +248 +249 +250 +251 +253 +254 +259 +260 +261 +262 +263 +264 +265 +266 +267 +269 +270 +255 +256 +271 +272 +273 +278
>CP017531_1
+1 +2 +3 +7 +8 +9 +10 +11 +13 +14 +16 +17 +18 +19 +20 +22 +23 +29 +30 +31 +33 +34 +35 +36 +37 +38 +40 +41 +44 +45 +48 +49 +50 +51 +53 +54 +55 +65 +66 +68 +69 +70 +71 +72 +73 +74 +75 +76 +77 +78 +79 +80 +81 +82 +83 +84 +85 +86 +87 +88 +89 +97 +98 +99 +100 +102 +103 +117 +118 +119 +120 +121 +122 +123 +124 +125 +128 +129 +130 +131 -136 -134 -132 +139 +140 +142 +143 +144 +146 +147 +148 +156 +157 +174 +175 +176 +177 +179 +180 +181 +182 +191 +192 +193 +194 +195 +196 +197 +200 +207 +208 +209 +211 +213 +214 +215 +216 +217 +218 +219 +220 +221 +222 +223 +224 +225 +226 +227 +228 +229 +230 +231 +232 +233 +234 +235 +236 +237 +238 -239 +240 +241 +242 +243 +246 +247 +248 +249 +250 +251 +253 +254 +259 +260 +261 +262 +263 +264 +265 +266 +267 +269 +270 +255 +256 +271 +272 +273 +278
>CP017537_1
+1 +2 +3 +7 +8 +9 +10 +11 +13 +14 +16 +17 +18 +19 +20 +22 +23 +29 +30 +31 +33 +34 +35 +36 +37 +38 +40 +41 +44 +45 +48 +49 +50 +51 +53 +54 +55 +65 +66 +68 +69 +70 +71 +72 +73 +74 +75 +76 +77 +78 +79 +80 +81 +82 +83 +84 +85 +86 +87 +88 +89 +97 +98 +99 +100 -177 -176 -175 -174 -157 -156 -148 -147 -146 -144 -143 -142 -140 -139 -136 -134 -132 -131 -130 -129 -128 -125 -124 -123 -122 -121 -120 -119 -118 -117 -103 -102 +179 +180 +181 +182 +191 +192 +193 +194 +195 +196 +197 +200 +207 +208 +209 +211 +213 +214 +215 +216 +217 +218 +219 +220 +221 +222 +223 +224 +225 +226 +227 +228 +229 +230 +231 +232 +233 +234 +235 +236 +237 +238 +239 +240 +241 +242 +243 +246 +247 +248 +249 +250 +251 +253 +254 +255 +256 +259 +260 +261 +262 +263 +264 +265 +266 +267 +269 +270 +271 +272 +273 +278
>CP006957_2
+1 +2 +3 +7 +8 +9 +10 +11 +13 +14 +16 +17 +18 +19 +20 +22 +23 +29 +30 +31 +33 +34 +35 +36 +37 +38 +40 +41 +44 +45 +48 +49 +50 +51 +53 +54 +55 +65 +66 +227 +226 +225 +224 +223 +222 +221 +220 +219 +218 +217 +216 +215 +214 +213 +211 +209 +208 +207 +200 +197 +196 +195 +194 +193 +192 +191 +182 +181 +180 +179 +177 +176 +175 +174 +117 +118 +119 +120 +121 +122 +123 +124 +125 +128 +129 +130 +131 +132 +134 +136 +139 +140 +142 +143 +144 +146 +147 +148 +156 +157 +103 +102 +100 +99 +98 +97 +89 +88 +87 +86 +85 +84 +83 +82 +81 +80 +75 +76 +77 +78 +79 +74 +73 +72 +71 +70 +69 +68 +228 +229 +230 +231 +232 +242 +251 +250 +249 +248 +247 +246 +241 +240 +239 +238 +237 +236 +235 +234 +233 +243 +253 +254 +259 +260 +261 +262 +263 +264 +255 +256 +265 +266 +267 +269 +270 +271 +272 +273 +278
>CP017533_1
+1 +2 +3 +7 +8 +9 +10 +11 +13 +14 +16 +17 +18 +19 +20 +22 +23 +29 +30 +31 +33 +34 +35 +36 +37 +38 +40 +41 +44 +45 +48 +49 +50 +51 +53 +54 +55 +65 +66 +68 +69 +70 +71 +72 +73 +74 +75 +76 +77 +78 +79 +80 +81 +82 +83 +84 +85 +86 +87 +88 +89 +97 +98 +99 +100 +102 +103 +117 +118 +119 +120 +121 +122 +123 +124 +125 +128 +129 +130 +131 -136 -134 -132 +139 +140 +142 +143 +144 +146 +147 +148 +156 +157 +174 +175 +176 -177 +179 +180 +181 +182 +191 +192 +193 +194 +195 +196 +197 +200 +207 +208 +209 +211 +213 +214 +215 +216 +217 +218 +219 +220 +221 +222 +223 +224 +225 +226 +227 +228 +229 +230 +231 +232 +233 +234 +235 +236 +237 +238 +239 +240 +241 +242 +243 +246 +247 +248 +249 +250 +251 +253 +254 +255 +256 +259 +260 +261 +262 +263 +264 +265 +266 +267 +269 +270 +271 +272 +273 +278
>CP017539_1
+1 +2 +3 +7 +8 +9 +10 +11 +13 +14 +16 +17 +18 +19 +20 +22 +23 +29 +30 +31 +33 +34 +35 +36 +37 +38 +40 +41 +44 +45 +48 +49 +50 +51 +254 +253 +251 +250 +249 +248 +247 +246 +243 +242 +241 +240 +239 +238 +237 +236 +235 +234 +233 +232 +231 +230 +229 +228 +227 +226 +225 +224 +223 +222 +221 +220 +219 +218 +217 +216 +215 +214 +213 +211 +209 +208 +207 +200 +197 +196 +195 +194 +193 +192 +191 +182 +181 +180 +179 +177 +176 +175 +174 +157 +156 +148 +147 +146 +144 +143 +142 +140 +139 +132 +134 +136 +131 +130 +129 +128 +125 +124 +123 +122 +121 +120 +119 +118 +117 +103 +102 +100 +99 +98 +97 +89 +88 +87 +86 +85 +84 +83 +82 +81 +80 +79 +78 +77 +76 +75 +74 +73 +72 +71 +70 +69 +68 +66 +65 +55 +54 +53 +255 +256 +259 +260 +261 +262 +263 +264 +265 +266 +267 +269 +270 +271 +272 +273 +278
>CP017530_1
+1 +2 +3 +7 +8 +9 +10 +11 +13 +14 +16 +17 +18 +19 +20 +22 +23 +29 +30 +31 +33 +34 +35 +36 +37 +38 +40 +41 +44 +45 +48 +49 +50 +51 -254 -253 -251 -250 -249 -248 -247 -246 -243 -242 -241 -240 -239 -238 -237 -236 -235 -234 -233 -232 -231 -230 -229 -228 -227 -226 -225 -224 -223 -222 -221 -220 -219 -218 -217 -216 -215 -214 -213 -211 -209 -208 -207 -200 -197 -196 -195 -194 -193 -192 -191 -182 -181 -180 -179 -177 -176 -175 -174 +130 +131 +132 +134 +136 +139 +140 +142 +143 +144 +146 +147 +148 +156 +157 -129 -128 -125 -124 -123 -122 -121 -120 -119 -118 -117 -103 -102 -100 -99 -98 -97 -89 -88 -87 -86 -85 -84 -83 -82 -81 -80 -79 -78 -77 -76 -75 -74 -73 -72 -71 -70 -69 -68 -66 -65 -55 -54 -53 +255 +256 +259 +260 +261 +262 +263 +264 +265 +266 +267 +269 +270 +271 +272 +273 +278
>CP017505_1
+1 +2 +3 +7 +8 +9 +10 +11 +13 +14 +16 +17 +18 +19 +20 +22 +23 +29 +30 +31 +33 +34 +35 +36 +37 +38 +40 +41 +44 +45 +48 +49 +50 +51 +53 +54 +55 +65 +66 +68 +69 +70 +71 +72 +73 +74 +75 +76 +77 +78 +79 +80 +81 +82 +83 +84 +85 +86 +87 +88 +89 +97 +98 +99 +100 +102 +103 +117 +118 +119 +120 +121 +122 +123 +124 +125 +128 +129 +130 +131 +132 +134 +136 +139 +140 +142 +143 +144 +146 +147 +148 +156 +157 +174 +175 +176 +177 +179 +180 +181 +182 +191 +192 +193 +194 +195 +196 +197 +200 +207 +208 +209 +211 +213 +214 +215 +216 +217 +218 +219 +220 +221 +222 +223 +224 +225 +226 +227 +228 +229 +230 +231 +232 +233 +234 +235 +236 +237 +238 -239 +240 +241 +242 +243 +246 +247 +248 +249 +250 +251 +253 +254 +255 +256 +259 +260 +261 +262 +263 +264 +265 +266 +267 +269 +270 +271 +272 +273 +278
>CP023046_1
+1 +2 +3 +7 +8 +9 +10 +11 +13 +14 +16 +17 +18 +19 +20 +22 +23 +29 +30 +31 +33 +34 +35 +36 +37 +38 +40 +41 +44 +45 +48 +49 +50 +51 +53 +54 +55 +65 +66 +68 +69 +70 +71 +72 +73 +74 +75 +76 +77 +78 +79 +80 +81 +82 +83 +84 +85 +86 +87 +88 +89 +97 +208 +207 +200 +197 +196 +195 +194 +193 +192 +191 +182 +174 +175 +176 +177 +179 +180 +181 +157 +156 +148 +147 +146 +144 +143 +142 +140 +139 +136 +134 +132 +131 +130 +129 +128 +125 +124 +123 +122 +121 +120 +119 +118 +117 +103 +102 +100 +99 +98 +209 +211 +213 +214 +215 +216 +217 +218 +219 +220 +221 +222 +223 +224 +225 +226 +227 +228 +229 +230 +231 +232 +233 +234 +235 +236 +237 +238 +239 +240 +241 +242 +243 +246 +247 +248 +249 +250 +251 +253 +254 +255 +256 +259 +260 +261 +262 +263 +264 +265 +266 +267 +269 +270 +271 +272 +273 +278
>CP011099_1
+1 +2 +3 +7 +8 +9 +10 +11 +13 +14 +16 +17 +18 +19 +20 +22 +23 +29 +30 +31 +33 +34 +35 +36 +37 +38 +40 +41 +44 +45 +48 +49 +50 +51 +53 +54 +55 +65 +66 +68 +69 +70 +71 +72 +73 +74 +75 +76 +77 +78 +79 +80 +81 +82 +83 +84 +85 +86 +87 +88 +89 +97 +98 +99 +100 +102 +103 +117 +118 +119 +120 +121 +122 +123 +124 +125 +128 +129 +130 +131 +132 +134 +136 +139 +140 +142 +143 +144 +146 +147 +148 +156 +157 +174 +175 +176 +177 +179 +180 +181 +182 +191 +192 +193 +194 +195 +196 +197 +200 +207 +208 +209 +211 +213 +214 +215 +216 +217 +218 +219 +220 +221 +222 +223 +224 +225 +226 +227 +228 +229 +230 +231 +232 +233 +234 +235 +236 +237 +238 +239 +240 +241 +242 +243 +246 +247 +248 +249 +250 +251 +253 +254 +255 +256 +259 +260 +261 +262 +263 +264 +265 +266 +267 +269 +270 +271 +272 +273 +278
>CP017550_1
+1 +2 +3 +7 +8 +9 +10 +11 +13 +14 +16 +17 +18 +19 +20 +22 +23 +29 +30 +31 +33 +34 +35 +36 +37 +38 +40 +41 +44 +45 +48 +49 +50 +51 -254 -253 -251 -250 -249 -248 -247 -246 -243 -242 -241 -240 +239 -238 -237 -236 -235 -234 -233 -232 -231 -230 -229 -228 -227 -226 -225 -224 -223 -222 -221 -220 -219 -218 -217 -216 -215 -214 -213 -211 -209 -208 -207 -200 -197 -196 -195 -194 -193 -192 -191 -182 -181 -180 -179 +102 +103 +117 +118 +119 +120 +121 +122 +123 +124 +125 +128 +129 -157 -156 -148 -147 -146 -144 -143 -142 -140 -139 -136 -134 -132 -131 -130 +174 +175 +176 +177 -100 -99 -98 -97 -89 -88 -87 -86 -85 -84 -83 -82 -81 -80 -79 -78 -77 -76 -75 -74 -73 -72 -71 -70 -69 -68 -66 -65 -55 -54 -53 +255 +256 +259 +260 +261 +262 +263 +264 +265 +266 +267 +269 +270 +271 +272 +273 +278
>CP017528_1
+1 +2 +3 +7 +8 +9 +10 +11 +13 +14 +16 +17 +18 +19 +20 +22 +23 +29 +30 +31 +33 +34 +35 +36 +37 +38 +40 +41 +44 +45 +48 +49 +50 +51 +53 +54 +55 +65 +66 +68 +69 +70 +71 +72 +73 +74 +75 +76 +77 +78 +79 +80 +81 +82 +83 +84 +85 +86 +87 +88 +89 +97 +98 +99 +100 +102 +103 +117 +118 +119 +120 +121 +122 +123 +124 +125 +128 +129 +130 +131 +132 +134 +136 +139 +140 +142 +143 +144 +146 +147 +148 +156 +157 +174 +175 +176 +177 +179 +180 +181 +182 +191 +192 +193 +194 +195 +196 +197 +200 +207 +208 +209 +211 +213 +214 +215 +216 +217 +218 +219 +220 +221 +222 +223 +224 +225 +226 +227 +228 +229 +230 +231 +232 +233 +234 +235 +236 +237 +238 -239 +240 +241 +242 +243 +246 +247 +248 +249 +250 +251 +253 +254 +255 +256 +259 +260 +261 +262 +263 +264 +265 +266 +267 +269 +270 +271 +272 +273 +278
>CP017540_1
+1 +2 +3 +7 +8 +9 +10 +11 +13 +14 +16 +17 +18 +19 +20 +22 +23 +29 +30 +31 +33 +34 +35 +36 +37 +38 +40 +41 +44 +45 +48 +49 +50 +51 +53 +54 +55 +65 +66 +68 +69 +70 +71 +72 +73 +74 +75 +76 +77 +78 +79 +80 +81 +82 +83 +84 +85 +86 +87 +88 +89 -103 -102 -100 -99 -98 -97 +117 +118 +119 +120 +121 +122 +123 +124 +125 +128 +129 +130 +131 +132 +134 +136 +139 +140 +142 +143 +144 +146 +147 +148 +156 +157 +174 +175 +176 +177 +179 +180 +181 +182 +191 +192 +193 +194 +195 +196 +197 +200 +207 +208 +209 +211 +213 +214 +215 +216 +217 +218 +219 +220 +221 +222 +223 +224 +225 +226 +227 +228 +229 +230 +231 +232 +233 +234 +235 +236 +237 +238 +239 +240 +241 +242 +243 +246 +247 +248 +249 +250 +251 +253 +254 +255 +256 +259 +260 +261 +262 +263 +264 +265 +266 +267 +269 +270 +271 +272 +273 +278
>CP017538_1
+1 +2 +3 +7 +8 +9 +10 +11 +13 +14 +16 +17 +18 +19 +20 +22 +23 +29 +30 +31 +33 +34 +35 +36 +37 +38 +40 +41 +44 +45 +48 +49 +50 +51 +53 +54 +55 +65 +66 +68 +69 +70 +71 +72 +73 +74 +75 +76 +77 +78 +79 +80 +81 +82 +83 +84 +85 +86 +87 +88 +89 +97 +98 +99 +100 +177 +176 +175 +174 +130 +131 +132 +134 +136 +139 +140 +142 +143 +144 +146 +147 +148 +156 +157 +129 +128 +125 +124 +123 +122 +121 +120 +119 +118 +117 +103 +102 +179 +180 +181 +182 +191 +192 +193 +194 +195 +196 +197 +200 +207 +208 +209 +211 +213 +214 +215 +216 +217 +218 +219 +220 +221 +222 +223 +224 +225 +226 +227 +228 +229 +230 +231 +232 +233 +234 +235 +236 +237 +238 +239 +240 +241 +242 +243 +246 +247 +248 +249 +250 +251 +253 +254 +255 +256 +259 +260 +261 +262 +263 +264 +265 +266 +267 +269 +270 +271 +272 +273 +278
>CP017535_1
+1 +2 +3 +7 +8 +9 +10 +11 +13 +14 +16 +17 +18 +19 +20 +22 +23 +29 +30 +31 +33 +34 +35 +36 +37 +38 +40 +41 +44 +45 +48 +49 +50 +51 +53 +54 +55 +65 +66 +68 +69 +70 +71 +72 +73 +74 +75 +76 +77 +78 +79 +80 +81 +82 +83 +84 +85 +86 +87 +88 +89 -103 -102 -100 -99 -98 -97 +117 +118 +119 +120 +121 +122 +123 +124 +125 +128 +129 +130 +131 +132 +134 +136 +139 +140 +142 +143 +144 +146 +147 +148 +156 +157 +174 +175 +176 +177 +179 +180 +181 +182 +191 +192 +193 +194 +195 +196 +197 +200 +207 +208 +209 +211 +213 +214 +215 +216 +217 +218 +219 +220 +221 +222 +223 +224 +225 +226 +227 +228 +229 +230 +231 +232 +233 +234 +235 +236 +237 +238 +239 +240 +241 +242 +243 +246 +247 +248 +249 +250 +251 +253 +254 +255 +256 +259 +260 +261 +262 +263 +264 +265 +266 +267 +269 +270 +271 +272 +273 +278
>CP017536_1
+1 +2 +3 +7 +8 +9 +10 +11 +13 +14 +16 +17 +18 +19 +20 +22 +23 +29 +30 +31 +33 +34 +35 +36 +37 +38 +40 +41 +44 +45 +48 +49 +50 +51 +53 +54 +55 +65 +66 +68 +69 +70 +71 +72 +73 +74 +75 +76 +77 +78 +79 +80 +81 +82 +83 +84 +85 +86 +87 +88 +89 +97 +98 +99 +100 -177 -176 -175 -174 +130 +131 +132 +134 +136 +139 +140 +142 +143 +144 +146 +147 +148 +156 +157 -129 -128 -125 -124 -123 -122 -121 -120 -119 -118 -117 -103 -102 +179 +180 +181 +182 +191 +192 +193 +194 +195 +196 +197 +200 +207 +208 +209 +211 +213 +214 +215 +216 +217 +218 +219 +220 +221 +222 +223 +224 +225 +226 +227 +228 +229 +230 +231 +232 +233 +234 +235 +236 +237 +238 +239 +240 +241 +242 +243 +246 +247 +248 +249 +250 +251 +253 +254 +255 +256 +259 +260 +261 +262 +263 +264 +265 +266 +267 +269 +270 +271 +272 +273 +278
>CP017551_1
+1 +2 +3 +7 +8 +9 +10 +11 +13 +14 +16 +17 +18 +19 +20 +22 +23 +29 +30 +31 +33 +34 +35 +36 +37 +38 +40 +41 +44 +45 +48 +49 +50 +51 +53 +54 +55 +65 +66 +68 +69 +70 +71 +72 +73 +74 +75 +76 +77 +78 +79 +80 +81 +82 +83 +84 +85 +86 +87 +88 +89 +97 +98 +99 +100 -177 -176 -175 -174 -157 -156 -148 -147 -146 -144 -143 -142 -140 -139 -136 -134 -132 -131 -130 -129 -128 -125 -124 -123 -122 -121 -120 -119 -118 -117 -103 -102 +179 +180 +181 +182 +191 +192 +193 +194 +195 +196 +197 +200 +207 +208 +209 +211 +213 +214 +215 +216 +217 +218 +219 +220 +221 +222 +223 +224 +225 +226 +227 +228 +229 +230 +231 +232 +233 +234 +235 +236 +237 +238 +239 +240 +241 +242 +243 +246 +247 +248 +249 +250 +251 +253 +254 +255 +256 +259 +260 +261 +262 +263 +264 +265 +266 +267 +269 +270 +271 +272 +273 +278
>CP023044_1
+1 +2 +3 +7 +8 +9 +10 +11 +13 +14 +16 +17 +18 +19 +20 +22 +23 +29 +30 +31 +33 +34 +35 +36 +37 +38 +40 +41 +44 +45 +48 +49 +50 +51 +53 +54 +55 +65 +66 +68 +69 +70 +71 +72 +73 +74 +75 +76 +77 +78 +79 +80 +81 +82 +83 +84 +85 +86 +87 +88 +89 +97 +98 +99 +100 +102 +103 +117 +118 +119 +120 +121 +122 +123 +124 +125 +128 +129 +130 +131 +132 +134 +136 +139 +140 +142 +143 +144 +146 +147 +148 +156 +157 +174 +175 +176 +177 +179 +180 +181 +182 +191 +192 +193 +194 +195 +196 +197 +200 +207 +208 +209 +211 +213 +214 +215 +216 +217 +218 +219 +220 +221 +222 +223 +224 +225 +226 +227 +228 +229 +230 +231 +232 +233 +234 +235 +236 +237 +238 +239 +240 +241 +242 +243 +246 +247 +248 +249 +250 +251 +253 +254 +255 +256 +259 +260 +261 +262 +263 +264 +265 +266 +267 +269 +270 +271 +272 +273 +278
>CP017549_1
+1 +2 +3 +7 +8 +9 +10 +11 +13 +14 +16 +17 +18 +19 +20 +22 +23 +29 +30 +31 +33 +34 +35 +36 +37 +38 +40 +41 +44 +45 +48 +49 +50 +51 +53 +54 +55 +65 +66 +68 +69 +70 +71 +72 +73 +74 +75 +76 +77 +78 +79 +80 +81 +82 +83 +84 +85 +86 +87 +88 +89 +97 +98 +99 +100 +102 +103 +117 +118 +119 +120 +121 +122 +123 +124 +125 +128 +129 +130 +131 -136 -134 -132 +139 +140 +142 +143 +144 +146 +147 +148 +156 +157 +174 +175 +176 +177 +179 +180 +181 +182 +191 +192 +193 +194 +195 +196 +197 +200 +207 +208 +209 +211 +213 +214 +215 +216 +217 +218 +219 +220 +221 +222 +223 +224 +225 +226 +227 +228 +229 +230 +231 +232 +233 +234 +235 +236 +237 +238 +239 +240 +241 +242 +243 +246 +247 +248 +249 +250 +251 +253 +254 +255 +256 +259 +260 +261 +262 +263 +264 +265 +266 +267 +269 +270 +271 +272 +273 +278
>CP023047_1
+1 +2 +3 +7 +8 +9 +10 +11 +13 +14 +16 +17 +18 +19 +20 +22 +23 +29 +30 +31 +33 +34 +35 +36 +37 +38 +40 +41 +44 +45 +48 +49 +50 +51 +53 +54 +55 +65 +66 +68 +69 +70 +71 +72 +73 +74 +75 +76 +77 +78 +79 +80 +81 +82 +83 +84 +85 +86 +87 +88 +89 +97 +98 +99 +100 +102 +103 +117 +118 +119 +120 +121 +122 +123 +124 +125 +128 +129 +130 +131 +132 +134 +136 +139 +140 +142 +143 +144 +146 +147 +148 +156 +157 +174 +175 +176 +177 +179 +180 +181 +182 +191 +192 +193 +194 +195 +196 +197 +200 +207 +208 +209 +211 +213 +214 +215 +216 +217 +218 +219 +220 +221 +222 +223 +224 +225 +226 +227 +228 +229 +230 +231 +232 +233 +234 +235 +236 +237 +238 +239 +240 +241 +242 +243 +246 +247 +248 +249 +250 +251 +253 +254 +255 +256 +259 +260 +261 +262 +263 +264 +265 +266 +267 +269 +270 +271 +272 +273 +278
>CP004752_2
+1 +2 +3 +7 +8 +9 +10 +11 +13 +14 +16 +17 +18 +19 +20 +22 +23 +29 +30 +31 +33 +34 +35 +36 +37 +38 +40 +41 +44 +45 +48 +49 +50 +51 +53 +54 +55 +65 +66 +68 +69 +70 +71 +72 +73 +74 +75 +76 +77 +78 +79 +80 +81 +82 +83 +84 +85 +86 +87 +88 +89 +97 +98 +99 +100 +102 +103 +117 +118 +119 +120 +121 +122 +123 +124 +125 +128 +129 +130 +131 +132 +134 +136 +139 +140 +142 +143 +144 +146 +147 +148 +156 +157 +174 +175 +176 +177 +179 +180 +181 +182 +191 +192 +193 +194 +195 +196 +197 +200 +207 +208 +209 +211 +213 +214 +215 +216 +217 +218 +219 +220 +221 +222 +223 +224 +225 +226 +227 +228 +229 +230 +231 +232 +233 +234 +235 +236 +237 +238 +239 +240 +241 +242 +243 +246 +247 +248 +249 +250 +251 +253 +254 +255 +256 +259 +260 +261 +262 +263 +264 +265 +266 +267 +269 +270 +271 +272 +273 +278
>CP026858_1
+1 +2 +3 +7 +8 +9 +10 +11 +13 +14 +16 +17 +18 +20 +22 +23 +29 +30 +31 +267 +269 +33 +34 +35 +36 +37 +38 +40 +41 +44 +45 +48 +49 +50 +51 +53 +119 +117 +118 +54 +55 +65 +66 +68 +69 +70 +71 +72 +73 +74 +75 +76 +77 +78 +79 +80 +81 +82 +83 +84 +85 +86 +87 +88 +89 +97 +98 +99 +100 +102 +103 +120 +121 +122 +123 +124 +125 +181 +180 +179 +177 +176 +175 +174 +157 +156 +148 +147 +146 +144 +143 +142 +140 +139 +136 +134 +132 +131 +130 +129 +128 +250 +182 +191 +192 +193 +194 +195 +196 +197 +200 +207 +208 +209 +211 +213 +214 +215 +216 +217 +218 +219 +220 +221 +222 +223 +224 +225 +226 +227 +228 +229 +230 +231 +232 +233 +234 +235 +236 +237 +238 +239 +240 +241 +242 +243 +246 +247 +248 +249 +251 +253 +254 +255 +256 +259 +260 +261 +262 +263 +264 +265 +266 +270 +271 +19 +272 +273 +278
>CP017532_1
+1 +2 +3 +7 +8 +9 +10 +11 +13 +14 +16 +17 +18 +19 +20 +22 +23 +29 +30 +31 +33 +34 +35 +36 +37 +38 +40 +41 +44 +45 +48 +49 +50 +51 +53 +54 +55 +65 +66 +68 +69 +70 +71 +72 +73 +74 +75 +76 +77 +78 +79 +80 +81 +82 +83 +84 +85 +86 +87 +88 +89 +97 +98 +99 +100 +102 +103 +117 +118 +119 +120 +121 +122 +123 +124 +125 +128 +129 -157 -156 -148 -147 -146 -144 -143 -142 -140 -139 -136 -134 -132 -131 -130 +174 +175 +176 +177 +179 +180 +181 +182 +191 +192 +193 +194 +195 +196 +197 +200 +207 +208 +209 +211 +213 +214 +215 +216 +217 +218 +219 +220 +221 +222 +223 +224 +225 +226 +227 +228 +229 +230 +231 +232 +233 +234 +235 +236 +237 +238 -239 +240 +241 +242 +243 +246 +247 +248 +249 +250 +251 +253 +254 +255 +256 +265 +266 +267 +269 +270 +259 +260 +261 +262 +263 +264 +271 +272 +273 +278
>CP017548_1
+1 +2 +3 +7 +8 +9 +10 +11 +13 +14 +16 +17 +18 +19 +20 +22 +23 +29 +30 +31 +33 +34 +35 +36 +37 +38 +40 +41 +44 +45 +48 +49 +50 +51 +53 +54 +55 +65 +66 +68 +69 +70 +71 +72 +73 +74 +75 +76 +77 +78 +79 +80 +81 +82 +83 +84 +85 +86 +87 +88 +89 +97 +98 +99 +100 -177 -176 -175 -174 +130 +131 +132 +134 +136 +139 +140 +142 +143 +144 +146 +147 +148 +156 +157 -129 -128 -125 -124 -123 -122 -121 -120 -119 -118 -117 -103 -102 +179 +180 +181 +182 +191 +192 +193 +194 +195 +196 +197 +200 +207 +208 +209 +211 +213 +214 +215 +216 +217 +218 +219 +220 +221 +222 +223 +224 +225 +226 +227 +228 +229 +230 +231 +232 +233 +234 +235 +236 +237 +238 -239 +240 +241 +242 +243 +246 +247 +248 +249 +250 +251 +253 +254 +255 +256 +259 +260 +261 +262 +263 +264 +265 +266 +267 +269 +270 +271 +272 +273 +278
>CP017544_1
+1 +2 +3 +7 +8 +9 +10 +11 +13 +14 +16 +17 +18 +19 +20 +22 +23 +29 +30 +31 +33 +34 +35 +36 +37 +38 +40 +41 +44 +45 +48 +49 +50 +51 +53 +54 +55 +65 +66 +68 +69 +70 +71 +72 +73 +74 +75 +76 +77 +78 +79 +80 +81 +82 +83 +84 +85 +86 +87 +88 +89 +97 +98 +99 +100 -177 -176 -175 -174 +130 +131 +132 +134 +136 +139 +140 +142 +143 +144 +146 +147 +148 +156 +157 -129 -128 -125 -124 -123 -122 -121 -120 -119 -118 -117 -103 -102 +179 +180 +181 +182 +191 +192 +193 +194 +195 +196 +197 +200 +207 +208 +209 +211 +213 +214 +215 +216 +217 +218 +219 +220 +221 +222 +223 +224 +225 +226 +227 +228 +229 +230 +231 +232 +233 +234 +235 +236 +237 +238 -239 +240 +241 +242 +243 +246 +247 +248 +249 +250 +251 +253 +254 +255 +256 +259 +260 +261 +262 +263 +264 +265 +266 +267 +269 +270 +271 +272 +273 +278
>CP006619_1
+1 +2 +3 +7 +8 +9 +10 +11 +13 +14 +16 +17 +18 +19 +20 +22 +23 +29 +30 +31 +33 +34 +35 +36 +37 +38 +40 +41 +44 +45 +48 +49 +50 +51 +53 +54 +55 +65 +66 +68 +69 +70 +71 +72 +73 +74 +75 +76 +77 +78 +79 +80 +81 +82 +83 +84 +85 +86 +87 +88 +89 +97 +98 +99 +100 -177 -176 -175 -174 -157 -156 -148 -147 -146 -144 -143 -142 -140 -139 -136 -134 -132 -131 -130 -129 -128 -125 -124 -123 -122 -121 -120 -119 -118 -117 -103 -102 +179 +180 +181 +182 +191 +192 +193 +194 +195 +196 +197 +200 +207 +208 +209 +211 +213 +214 +215 +216 +217 +218 +219 +220 +221 +222 +223 +224 +225 +226 +227 +228 +229 +230 +231 +232 +233 +234 +235 +236 +237 +238 +239 +240 +241 +242 +243 +246 +247 +248 +249 +250 +251 +253 +254 +255 +256 +259 +260 +261 +262 +263 +264 +265 +266 +267 +269 +270 +271 +272 +273 +278
>CP017519_1
+1 +2 +3 +7 +8 +9 +10 +11 +13 +14 +16 +17 +18 +19 +20 +22 +23 +29 +30 +31 +33 +34 +35 +36 +37 +38 +40 +41 +44 +45 +48 +49 +50 +51 +53 +54 +55 +65 +66 +68 +69 +70 +71 +72 +73 +74 +75 +76 +77 +78 +79 +80 +81 +82 +83 +84 +85 +86 +87 +88 +89 +97 +98 +99 +100 -177 -176 -175 -174 -157 -156 -148 -147 -146 -144 -143 -142 -140 -139 -136 -134 -132 -131 -130 -129 -128 -125 -124 -123 -122 -121 -120 -119 -118 -117 -103 -102 +179 +180 +181 +182 +191 +192 +193 +194 +195 +196 +197 +200 +207 +208 +209 +211 +213 +214 +215 +216 +217 +218 +219 +220 +221 +222 +223 +224 +225 +226 +227 +228 +229 +230 +231 +232 +233 +234 +235 +236 +237 +238 +239 +240 +241 +242 +243 +246 +247 +248 +249 +250 +251 +253 +254 +255 +256 +259 +260 +261 +262 +263 +264 +265 +266 +267 +269 +270 +271 +272 +273 +278
>CP006574_1
+1 +2 +3 +7 +8 +9 +10 +11 +13 +14 +16 +17 +18 +19 +20 +22 +23 +29 +30 +31 +33 +34 +35 +36 +37 +38 +40 +41 +44 +45 +48 +49 +50 +51 +53 +54 +55 +65 +66 +68 +69 +70 +71 +72 +73 +74 +75 +76 +77 +78 +79 +80 +81 +82 +83 +84 +85 +86 +87 +88 +89 +97 +98 +99 +100 +102 +103 +117 +118 +119 +120 +121 +122 +123 +124 +125 +128 +129 -157 -156 -148 -147 -146 -144 -143 -142 -140 -139 -136 -134 -132 -131 -130 +174 +175 +176 +177 +179 +180 +181 +182 +191 +192 +193 +194 +195 +196 +197 +200 +207 +208 +209 +211 +213 +214 +215 +216 +217 +218 +219 +220 +221 +222 +223 +224 +225 +226 +227 +228 +229 +230 +231 +232 +233 +234 +235 +236 +237 +238 -239 +240 +241 +242 +243 +246 +247 +248 +249 +250 +251 +253 +254 +255 +256 +259 +260 +261 +262 +263 +264 +265 +266 +267 +269 +270 +271 +272 +273 +278
>CP011098_1
+1 +2 +3 +7 +8 +9 +10 +11 +13 +14 +16 +17 +18 +19 +20 +22 +23 +29 +30 +31 +33 +34 +35 +36 +37 +38 +40 +41 +44 +45 +48 +49 +50 +51 +53 +54 +55 +65 +66 +68 +69 +70 +71 +72 +73 +74 +75 +76 +77 +78 +79 +80 +81 +82 +83 +84 +85 +86 +87 +88 +89 +97 +98 +99 +100 +102 +103 +117 +118 +119 +120 +121 +122 +123 +124 +125 +128 +129 +130 +131 +132 +134 +136 +139 +140 +142 +143 +144 +146 +147 +148 +156 +157 +174 +175 +176 +177 +179 +180 +181 +182 +191 +192 +193 +194 +195 +196 +197 +200 +207 +208 +209 +211 +213 +214 +215 +216 +217 +218 +219 +220 +221 +222 +223 +224 +225 +226 +227 +228 +229 +230 +231 +232 +233 +234 +235 +236 +237 +238 +239 +240 +241 +242 +243 +246 +247 +248 +249 +250 +251 +253 +254 +255 +256 +259 +260 +261 +262 +263 +264 +265 +266 +267 +269 +270 +271 +272 +273 +278
>CP017491_1
+1 +2 +3 +7 +8 +9 +10 +11 +13 +14 +16 +17 +18 +19 +20 +22 +23 +29 +30 +31 +33 +34 +35 +36 +37 +38 +40 +41 +44 +45 +48 +49 +50 +51 +53 +54 +55 +65 +66 +68 +69 +70 +71 +72 +73 +74 +75 +76 +77 +78 +79 +80 +81 +82 +83 +84 +85 +86 +87 +88 +89 +97 +98 +99 +100 +102 +103 +117 +118 +119 +120 +121 +122 +123 +124 +125 +128 +129 +130 +131 +132 +134 +136 +139 +140 +142 +143 +144 +146 +147 +148 +156 +157 +174 +175 +176 +177 +179 +180 +181 +182 +191 +192 +193 +194 +195 +196 +197 +200 +207 +208 +209 +211 +213 +214 +215 +216 +217 +218 +219 +220 +221 +222 +223 +224 +225 +226 +227 +228 +229 +230 +231 +232 +233 +234 +235 +236 +237 +238 +239 +240 +241 +242 +243 +246 +247 +248 +249 +250 +251 +253 +254 +255 +256 +259 +260 +261 +262 +263 +264 +265 +266 +267 +269 +270 +271 +272 +273 +278
>CP017506_1
+1 +2 +3 +7 +8 +9 +10 +11 +13 +14 +16 +17 +18 +19 +20 +22 +23 +29 +30 +31 +33 +34 +35 +36 +37 +38 +40 +41 +44 +45 +48 +49 +50 +51 +53 +54 +55 +65 +66 +68 +69 +70 +71 +72 +73 +74 +75 +76 +77 +78 +79 +80 +81 +82 +83 +84 +85 +86 +87 +88 +89 +97 +98 +99 +100 +102 +103 +117 +118 +119 +120 +121 +122 +123 +124 +125 +128 +129 +130 +131 +132 +134 +136 +139 +140 +142 +143 +144 +146 +147 +148 +156 +157 +174 +175 +176 +177 +179 +180 +181 +182 +191 +192 +193 +194 +195 +196 +197 +200 +207 +208 +209 +211 +213 +214 +215 +216 +217 +218 +219 +220 +221 +222 +223 +224 +225 +226 +227 +228 +229 +230 +231 +232 +233 +234 +235 +236 +237 +238 +239 +240 +241 +242 +243 +246 +247 +248 +249 +250 +251 +253 +254 +255 +256 +259 +260 +261 +262 +263 +264 +265 +266 +267 +269 +270 +271 +272 +273 +278
>CP017534_1
+1 +2 +3 +7 +8 +9 +10 +11 +13 +14 +16 +17 +18 +19 +20 +22 +23 +29 +30 +31 +33 +34 +35 +36 +37 +38 +40 +41 +44 +45 +48 +49 +50 +51 +53 +54 +55 +65 +66 +68 +69 +70 +71 +72 +73 +74 +75 +76 +77 +78 +79 +80 +81 +82 +83 +84 +85 +86 +87 +88 +89 +97 +98 +99 +100 -177 -176 -175 -174 +130 +131 +132 +134 +136 +139 +140 +142 +143 +144 +146 +147 +148 +156 +157 -129 -128 -125 -124 -123 -122 -121 -120 -119 -118 -117 -103 -102 +179 +180 +181 +182 +191 +192 +193 +194 +195 +196 +197 +200 +207 +208 +209 +211 +213 +214 +215 +216 +217 +218 +219 +220 +221 +222 +223 +224 +225 +226 +227 +228 +229 +230 +231 +232 +233 +234 +235 +236 +237 +238 +239 +240 +241 +242 +243 +246 +247 +248 +249 +250 +251 +253 +254 +255 +256 +259 +260 +261 +262 +263 +264 +265 +266 +267 +269 +270 +271 +272 +273 +278
>CP005383_1
+1 +2 +3 +7 +8 +9 +10 +11 +13 +14 +16 +17 +18 +19 +20 +22 +23 +29 +30 +31 +33 +34 +35 +36 +37 +38 +40 +41 +44 +45 +48 +49 +50 +51 +53 +54 +55 +65 +66 +68 +69 +70 +71 +72 +73 +74 +75 +76 +77 +78 +79 +80 +81 +82 +83 +84 +85 +86 +87 +88 +89 +97 +98 +99 +100 -177 -176 -175 -174 -157 -156 -148 -147 -146 -144 -143 -142 -140 -139 -136 -134 -132 -131 -130 -129 -128 -125 -124 -123 -122 -121 -120 -119 -118 -117 -103 -102 +179 +180 +181 +182 +191 +192 +193 +194 +195 +196 +197 +200 +207 +208 +209 +211 +213 +214 +215 +216 +217 +218 +219 +220 +221 +222 +223 +224 +225 +226 +227 +228 +229 +230 +231 +232 +233 +234 +235 +236 +237 +238 -239 +240 +241 +242 +243 +246 +247 +248 +249 +250 +251 +253 +254 +255 +256 +259 +260 +261 +262 +263 +264 +265 +266 +267 +269 +270 +271 +272 +273 +278
