>CP017501.1
+1 +2 +3 +4 +5 +6 +7 +8 +9 +10 +11 +12 +13 +14 +15 +16 +17 +18 +19 +20 +21 +22 +23 +24 +26 +27 +30 +31 +34 +35 +36 +37 +38 +39 +40 +41 +42 +43 +44 +45 +46 +47 +48 +49 +50 +51 +52 +53 +54 +55 +56 +58 +59 +60 +61 +62 +63 +64 +65 +66 +67 +68 +69 +70 +71 +72 +73 +74 +75 +76 +77 +78 +79 +82 +83 +84 +85 +86 +87 +88 +89 +90 +91 +92 +93 +94 +95 +96 +97 +98 +99 +100 +101 +102 +103 +104 +105 +106 +107 +108 +109 +110 +111 +112 +113 +114 +115 +116 +117 +118 +119 +120 +121 +122 +123 +124 +125 +126 +127 +128 +129 +130 +131 +132 +133 +134 +135 +136 @
>CP026857.1
-3 -2 -1 -136 -135 -134 -133 -132 -131 -130 -129 +127 +128 +126 -125 -124 -123 -122 -121 -120 -119 -118 -117 -116 -115 -114 -113 -112 -111 -110 -109 -108 -107 -106 -105 -104 -103 -102 -101 -100 -99 -98 -97 -96 -95 -94 -93 -92 -88 -91 -90 -89 +66 +67 +68 +69 +70 +71 +72 +73 +74 +75 +76 +77 +78 +79 +82 +83 +84 +85 +86 +87 -65 -64 -63 -62 -61 -60 -59 -58 -47 -56 -55 -54 -53 -52 -51 -50 -49 -48 -46 -45 -44 -43 -42 -41 -40 -39 -38 -37 -36 -35 -34 -31 -30 -27 -26 -24 -23 -22 -21 -20 -19 -18 -16 -15 -14 -13 -12 -11 -10 -9 -8 -7 -6 -5 -17 -4 @
>CP017504.1
+1 +2 +3 +4 +5 +6 +7 +8 +9 +10 +11 +12 +13 +14 +15 +16 +17 +18 +19 +20 +21 +22 +23 +24 +26 +27 +30 +31 +34 +35 +36 +37 +38 +39 +40 +41 +42 +43 +44 +45 +46 +47 +48 +49 +50 +51 +52 -85 -84 +89 +90 +91 -83 -82 -79 -74 -73 -72 -71 -70 -69 -68 -67 -66 -65 -64 -63 -62 -61 -60 -59 -58 -56 -55 -54 -53 +86 +87 +88 +92 +93 +94 +95 +96 +97 +98 +99 +100 +101 +102 +103 +104 +105 +106 +107 +108 +109 +110 +111 +112 +113 +114 +115 +116 +117 +118 +119 +120 +121 +122 +123 +124 +125 +126 +127 +128 +129 +130 +131 +132 +133 +134 +135 +136 @
>CP017524.1
+1 +2 +3 +4 +5 +6 +7 +8 +9 +10 +11 +12 +13 +14 +15 +16 +17 +18 +19 +20 +21 +22 +23 +24 +26 +27 +30 +31 +34 +35 +36 +37 +38 +39 +40 +41 +42 +43 +44 +45 +46 +47 +48 +49 +50 +51 +52 +53 +54 +55 +56 +58 +59 +60 +61 +62 +63 +64 +65 +66 +67 +68 +69 +70 +71 +72 +73 +74 +75 +76 +77 +78 +79 +89 +90 +91 -83 -82 +84 +85 +86 +87 +88 +92 +93 +94 +95 +96 +97 +98 +99 +100 +101 +102 +103 +104 +105 +106 +107 +108 +109 +110 +111 +112 +113 +114 +115 +116 +117 +118 +119 +120 +121 +122 +123 +124 +125 +126 +127 +128 +129 +130 +131 +132 +133 +134 +135 +136 @
>CP017520.1
+1 +2 +3 +4 +5 +6 +7 +8 +9 +10 +11 +12 +13 +14 +15 +16 +17 +18 +19 +20 +21 +22 +23 +24 +26 +27 +30 +31 +34 +35 +36 +37 +38 +39 +40 +41 +42 +43 +44 +45 +46 +47 -56 -55 -54 -53 -52 -51 -50 -49 -48 +58 +59 +60 +61 +62 +63 +64 +65 -79 -78 -77 -76 -75 -74 -73 -72 -71 -70 -69 -68 -67 -66 +82 +83 -91 -90 -89 +84 +85 +86 +87 +88 +92 +93 +94 +95 +96 +97 +98 +99 +100 +101 +102 +103 +104 +105 +106 +107 +108 +109 +110 +111 +112 +113 +114 +115 +116 +117 +118 +119 +120 +121 +122 +123 +124 +125 +126 +127 +128 +129 +130 +131 +132 +133 +134 +135 +136 @
>CP017523.1
+1 +2 +3 +4 +5 +6 +7 +8 +9 +10 +11 +12 +13 +14 +15 +16 +17 +18 +19 +20 +21 +22 +23 +24 +26 +27 +34 +35 +36 +37 +38 +39 +40 +41 +42 +43 +44 +45 +46 +47 +49 +50 +51 +52 +53 +54 +55 +56 -48 +58 +59 +60 +61 +62 +63 +64 +65 +66 -69 -68 -67 +70 +71 +72 +73 +74 +75 +76 +77 +78 +79 -82 +83 +84 +85 +86 +87 +88 +92 +93 +94 +95 +96 +97 +98 +99 +100 +101 +102 +103 +104 +105 +106 +107 +108 +109 +110 +111 +112 +113 +114 +115 +116 +117 +118 +119 +120 +121 +122 +123 +124 +125 +126 +127 +128 +129 +130 +131 +132 +133 +134 +135 +136 @
>CP004753.2
-135 -134 -133 -132 -131 -130 -129 -128 -127 -126 -125 -124 -123 -122 -121 -120 -119 -118 -117 -116 -115 -114 -113 -112 -111 -110 -109 -108 -107 -106 -105 -104 -103 -102 -101 -100 -99 -98 +89 +90 +91 -95 -94 -93 -92 -88 -87 -86 -85 -84 -83 -82 -79 -78 -75 -74 -73 -72 -71 -70 -69 -68 -67 -66 -65 -64 -62 -61 -60 -59 -58 -56 -55 -54 -53 -52 -51 -50 -49 -48 -47 -46 -45 -44 -43 -42 -41 -40 -39 -38 -37 -36 -35 -34 -27 -26 -24 -23 -22 -21 -20 -19 -18 -17 -16 -15 -14 -13 -12 -11 -10 -9 -8 -7 -6 -5 -4 -3 -2 -1 -136 @
>CP023043.1
-135 -134 -133 -132 -131 -130 -129 -128 -127 -126 -125 -124 -123 -122 -121 -120 -119 -118 -117 -116 -115 -114 -113 -112 -111 -110 -109 -108 -107 -106 -105 -104 -103 -102 -101 -100 -99 -98 -97 -96 -95 -94 -93 -92 -88 -87 -86 -85 -84 +82 +83 -91 -90 -89 -79 -78 -77 -76 -75 -74 -73 -72 -71 -70 -69 -68 -67 -66 -65 -64 -63 -62 -61 -60 -59 -58 -56 -55 -54 -53 -52 -51 -50 -49 -48 -47 -46 -45 -44 -43 -42 -41 -40 -39 -38 -37 -36 -35 -34 -31 -30 -27 -26 -24 -23 -22 -21 -20 -19 -18 -17 -16 -15 -14 -13 -12 -11 -10 -9 -8 -7 -6 -5 -4 -3 -2 -1 -136 @
>CP005972.1
+58 +59 +60 +61 +62 +63 +64 +65 +66 +67 +68 +69 +70 +71 +72 +73 +74 +75 +76 +77 +78 +79 +82 +83 +84 +85 +86 +87 +88 +89 +90 +91 +92 +93 +94 +95 +96 +97 +98 +99 +100 +101 +102 +103 +104 +105 +106 +107 +108 +109 +110 +111 +112 +113 +114 +115 +116 +117 +118 +119 +120 +121 +122 +123 +124 +125 -13 -12 -11 -10 -9 -8 -7 -6 -5 -4 -3 -2 -1 -136 -135 -134 -133 -132 -131 -130 -129 -128 -127 -126 +14 +15 +16 +17 +18 +19 +20 +21 +22 +23 +24 +26 +27 +30 +31 +34 +35 +36 +37 +38 +39 +40 +41 +42 +43 +44 +45 +46 +47 +48 +49 +50 +51 +52 +53 +54 +55 +56 @
>CP017543.1
+1 +2 +3 +4 +5 +6 +7 +8 +9 +10 +11 +12 +13 +14 +15 +16 +17 +18 +19 +20 +21 +22 +23 +24 +26 +27 +30 +31 +34 +35 +36 +37 +38 +39 +40 +41 +42 +43 +44 +45 +46 +47 -48 +49 +50 +51 +52 -85 -84 +89 +90 +91 -83 -82 -79 -78 -77 -76 -75 -74 -73 -72 -71 -70 -69 -68 -67 -66 -65 -64 -63 -62 -61 -60 -59 -58 -56 -55 -54 -53 +86 +87 +88 +92 +93 +94 +95 +96 +97 +98 +99 +100 +101 +102 +103 +104 +105 +106 +107 +108 +109 +110 +111 +112 +113 +114 +115 +116 +117 +118 +119 +120 +121 +122 +123 +124 +125 +126 +127 +128 +129 +130 +131 +132 +133 +134 +135 +136 @
>CP006573.1
-48 +58 +59 +60 +61 +62 +64 +65 +66 +67 +68 +69 +70 +71 +72 +73 +74 +79 +82 +83 +84 +85 +86 +87 +88 +92 +93 +94 +95 +98 +99 +100 +101 +102 +103 +104 +105 +106 +107 +89 +90 +108 +109 +110 +111 +117 -118 +112 +113 +114 +115 +116 +120 +121 +122 +123 +126 +127 +128 +129 +130 +132 +133 +124 +125 +134 +135 +136 +1 +2 +3 +4 +17 +5 +6 +7 +8 +9 +10 +11 +15 +16 +18 +19 +20 +21 +22 +23 +24 +26 +27 +34 +35 +36 +37 +38 +39 +40 +41 +42 +43 +44 +45 +46 +47 +51 +52 +53 +54 +55 @
>CP017531.1
+52 +53 +54 +55 +56 +58 +59 +60 +61 +62 +63 +64 +65 +66 -69 -68 -67 +70 +71 +72 +73 +74 +75 +76 +77 +78 +79 +82 +83 +84 +85 +86 +87 +88 +92 +93 +94 +95 +96 +97 +98 +99 +100 +101 +102 +103 +104 +105 +106 +107 +108 +109 +110 +111 +112 +113 +114 +115 +116 +117 +118 +119 +120 +121 +122 +123 +126 +127 +128 +129 +130 +131 +132 +133 +124 +125 +134 +135 +136 +1 +2 +3 +4 +5 +6 +7 +8 +9 +10 +11 +12 +13 +14 +15 +16 +17 +18 +19 +20 +21 +22 +23 +24 +26 +27 +30 +31 +34 +35 +36 +37 +38 +39 +40 +41 +42 +43 +44 +45 +46 +47 +48 +49 +50 +51 @
>CP017537.1
+1 +2 +3 +4 +5 +6 +7 +8 +9 +10 +11 +12 +13 +14 +15 +16 +17 +18 +19 +20 +21 +22 +23 +24 +26 +27 +30 +31 +34 +35 +36 +37 +38 +39 +40 +41 +42 +43 +44 +45 +46 +47 +48 +49 +50 +51 +52 -85 -84 +89 +90 +91 -83 -82 -79 -78 -77 -76 -75 -74 -73 -72 -71 -70 -69 -68 -67 -66 -65 -64 -63 -62 -61 -60 -59 -58 -56 -55 -54 -53 +86 +87 +88 +92 +93 +94 +95 +96 +97 +98 +99 +100 +101 +102 +103 +104 +105 +106 +107 +108 +109 +110 +111 +112 +113 +114 +115 +116 +117 +118 +119 +120 +121 +122 +123 +124 +125 +126 +127 +128 +129 +130 +131 +132 +133 +134 +135 +136 @
>CP006957.2
-2 -1 -136 -135 -134 -133 -132 -130 -129 -125 -124 -128 -127 -126 -123 -122 +118 +112 +113 +114 +115 +116 +120 +121 -117 -111 -110 +36 +37 +38 -42 -41 -40 -39 +43 +44 +45 -31 -30 +46 +47 +51 +52 +53 +54 -82 -79 -74 -73 -72 -70 -69 -48 -68 -67 -66 -65 -64 -62 -61 -60 -59 -58 +50 +83 +84 +85 +86 +87 +88 +92 +93 +94 +95 +98 +99 +100 -101 +102 +103 +104 +105 +106 +107 +108 +109 +77 +78 -34 -27 -26 -24 -23 -22 -21 -20 -19 -18 -16 -15 -11 -10 -9 -8 -7 -6 -5 -17 -4 -3 @
>CP017533.1
+1 +2 +3 +4 +5 +6 +7 +8 +9 +10 +11 +12 +13 +14 +15 +16 +17 +18 +19 +20 +21 +22 +23 +24 +26 +27 +31 +34 +35 +36 +37 +38 +39 +40 +41 +42 +43 +44 +45 +46 +47 +48 +49 +50 +51 +52 +53 +54 +55 +56 +58 +59 +60 +61 +62 +63 +64 +65 +66 -69 -68 -67 +70 +71 +72 +73 +74 +75 +76 +77 +78 +79 +82 +83 +84 +85 +86 +87 +88 +89 +90 +91 +92 +93 +94 +95 +96 +97 +98 +99 +100 +101 +102 +103 +104 +105 +106 +107 +108 +109 +110 +111 +112 +113 +114 +115 +116 +117 +118 +119 +120 +121 +122 +123 +124 +125 +126 +127 +128 +129 +130 +131 +132 +133 +134 +135 +136 @
>CP017539.1
+52 +53 +54 +55 +56 +58 +59 +60 +61 +62 +63 +64 +65 +66 -69 -68 -67 +70 +71 +72 +73 +74 +75 +76 +77 +78 +79 +82 +83 +84 +85 +86 +87 +88 +89 +90 +91 +92 +93 +94 +95 +96 +97 +98 +99 +100 +101 +102 +103 +104 +105 +106 +107 +108 +109 +110 +111 +112 +113 +114 +115 +116 +117 +118 +119 +120 +121 +122 +123 -24 -23 -22 -21 -20 -19 -18 -17 -16 -15 -14 -13 -12 -11 -10 -9 -8 -7 -6 -5 -4 -3 -2 -1 -136 -135 -134 -133 -132 -131 -130 -129 -128 -127 -126 -125 -124 +26 +27 +30 +31 +34 +35 +36 +37 +38 +39 +40 +41 +42 +43 +44 +45 +46 +47 +48 +49 +50 +51 @
>CP017530.1
+1 +2 +3 +4 +5 +6 +7 +8 +9 +10 +11 +12 +13 +14 +15 +16 +17 +18 +19 +20 +21 +22 +23 +24 -123 -122 -121 -120 -119 -118 -117 -116 -115 -114 -113 -112 -111 -110 -109 -108 -107 -106 -105 -104 -103 -102 -101 -100 -99 -98 -97 -96 -95 -94 -93 -92 -88 -87 -86 -85 -84 -83 -82 +66 +67 +68 +69 +70 +71 +72 +73 +74 +77 +78 +79 -65 -64 -63 -62 -61 -60 -59 -58 -56 -55 -54 -53 -52 -51 +48 +49 +50 -47 -46 -45 -44 -43 -42 -41 -40 -39 -38 -37 -36 -35 -34 -31 -30 -27 -26 +124 +125 +126 +127 +128 +129 +130 +131 +132 +133 +134 +135 +136 @
>CP017505.1
+1 +2 +3 +4 +5 +6 +7 +8 +9 +10 +11 +12 +13 +14 +15 +16 +17 +18 +19 +20 +21 +22 +23 +24 +26 +27 +30 +31 +34 +35 +36 +37 +38 +39 +40 +41 +42 +43 +44 +45 +46 +47 +48 +49 +50 +51 +52 +53 +54 +55 +56 +58 +59 +60 +61 +62 +63 +64 +65 +66 +67 +68 +69 +70 +71 +72 +73 +74 +75 +76 +77 +78 +79 +82 +83 +84 +85 +86 +87 +88 +89 +90 +91 +92 +93 +94 +95 +96 +97 +98 +99 +100 +101 +102 +103 +104 +105 +106 +107 +108 +109 +110 +111 +112 +113 +114 +115 +116 +117 +118 +119 +120 +121 +122 +123 +124 +125 +126 +127 +128 +129 +130 +131 +132 +133 +134 +135 +136 @
>CP023046.1
-135 -134 -133 -132 -131 -130 -129 -128 -127 -126 -125 -124 -123 -122 -121 -120 -119 -118 -117 -116 -115 -114 -113 -112 -111 -110 -109 -108 -107 -106 -105 -104 -103 -102 -101 -100 +52 +53 +54 +55 +56 +58 +59 +60 +61 +62 +63 +64 +65 +66 +67 +68 +69 +70 +71 +72 +73 +74 +79 +82 -87 -86 -85 -84 -83 +88 +89 +90 +91 +92 +93 +94 +95 +96 +97 +98 +99 -51 -50 -49 -48 -47 -46 -45 -44 -43 -42 -41 -40 -39 -38 -37 -36 -35 -34 -31 -30 -27 -26 -24 -23 -22 -21 -20 -19 -18 -17 -16 -15 -14 -13 -12 -11 -10 -9 -8 -7 -6 -5 -4 -3 -2 -1 -136 @
>CP011099.1
-3 -2 -1 -136 -135 -134 -133 -132 -131 -130 -129 -128 -127 -126 -125 -124 -123 -122 -121 -120 -119 -118 -117 -116 -115 -114 -113 -112 -111 -110 -109 -108 -107 -106 -105 -104 -103 -102 -101 -100 -99 -98 -97 -96 -95 -94 -93 -92 -88 -87 -86 -85 -84 +89 +90 +91 -83 -82 -79 -78 -77 -76 -75 -74 -73 -72 -71 -70 -69 -68 -67 -66 -65 -64 -63 -62 -61 -60 -59 -58 -56 -55 -54 -53 -52 -51 -50 -49 -48 -47 -46 -45 -44 -43 -42 -41 -40 -39 -38 -37 -36 -35 -34 -31 -30 -27 -26 -24 -23 -22 -21 -20 -19 -18 -17 -16 -15 -14 -13 -12 -11 -10 -9 -8 -6 -5 -4 @
>CP017550.1
+1 +2 +3 +4 +5 +6 +7 +8 +9 +10 +11 +12 +13 +14 +15 +16 +17 +18 +19 +20 +21 +22 +23 +24 -123 -122 -121 -120 -119 -118 -117 -116 -115 -114 -113 -112 -111 -110 -109 -108 -107 -106 -105 -104 -103 -102 -101 -100 -99 -98 -97 -96 -95 -94 -93 -92 -88 -87 -86 +53 +54 +55 +56 +58 +59 +60 +61 +62 +63 +64 +65 -79 -78 -77 -76 -75 -74 -73 -72 -71 -70 -69 -68 -67 -66 +89 +90 +91 -83 -82 +84 +85 -52 -51 -50 -49 -48 -47 -46 -45 -44 -43 -42 -41 -40 -39 -38 -37 -36 -35 -34 -31 -30 -27 -26 +124 +125 +126 +127 +128 +129 +130 +131 +132 +133 +134 +135 +136 @
>CP017528.1
+1 +2 +3 +4 +5 +6 +7 +8 +9 +10 +11 +12 +13 +14 +15 +16 +17 +18 +19 +20 +21 +22 +23 +24 +26 +27 +30 +31 +34 +35 +36 +37 +38 +39 +40 +41 +42 +43 +44 +45 +46 +47 +48 +49 +50 +51 +52 +53 +54 +55 +56 +58 +59 +60 +61 +62 +63 +64 +65 +66 +67 +68 +69 +70 +71 +72 +73 +74 +75 +76 +77 +78 +79 +82 +83 +84 +85 +86 +87 +88 +92 +93 +94 +95 +96 +97 +98 +99 +100 +101 +102 +103 +104 +105 +106 +107 +108 +109 +110 +111 +112 +113 +114 +115 +116 +117 +118 +119 +120 +121 +122 +123 +124 +125 +126 +127 +128 +129 +130 +131 +132 +133 +134 +135 +136 @
>CP017540.1
+1 +2 +3 +4 +5 +6 +7 +8 +9 +10 +11 +12 +13 +14 +15 +16 +17 +18 +19 +20 +21 +22 +23 +24 +26 +27 +30 +31 +34 +35 +36 +37 +38 +39 +40 +41 +42 +43 +44 +45 +46 +47 -56 -55 -54 -53 -52 -51 -50 -49 -48 +58 +59 +60 +61 +62 +63 +64 +65 +66 +67 +68 +69 +70 +71 +72 +73 +74 +75 +76 +77 +78 +79 +82 +83 +84 +85 +86 +87 +88 +89 +90 +91 +92 +93 +94 +95 +96 +97 +98 +99 +100 +101 +102 +103 +104 +105 +106 +107 +108 +109 +110 +111 +112 +113 +114 +115 +116 +117 +118 +119 +120 +121 +122 +123 +124 +125 +126 +127 +128 +129 +130 +131 +132 +133 +134 +135 +136 @
>CP017538.1
-44 -43 -42 -41 -40 -39 -38 -37 -36 -35 -34 -31 -30 -27 -26 -24 -23 -22 -21 -20 -19 -18 -17 -16 -15 -14 -13 -12 -11 -10 -9 -8 -7 -6 -5 -4 -3 -2 -1 -136 -135 -134 -133 -132 -131 -130 -129 -128 -127 -126 -125 -124 -123 -122 -90 -89 -121 -120 -119 -118 -117 -116 -115 -114 -113 -112 -111 -110 -109 -108 -107 -106 -105 -104 -103 -102 -101 -100 -99 -98 -97 -96 -95 -94 -93 -92 -88 -87 -86 +53 +54 +55 +56 +58 +59 +60 +61 +62 +63 +64 +65 -79 -78 -77 -76 -75 -74 -73 -72 -71 -70 -69 -68 -67 -66 +82 +83 +84 +85 -52 -51 -50 -49 -48 -47 -46 -45 @
>CP017535.1
+1 +2 +3 +4 +5 +6 +7 +8 +9 +10 +11 +12 +13 +14 +15 +16 +17 +18 +19 +20 +21 +22 +23 +24 +26 +27 +30 +31 +34 +35 +36 +37 +38 +39 +40 +41 +42 +43 +44 +45 +46 +47 -56 -55 -54 -53 -52 -51 -50 -49 -48 +58 +59 +60 +61 +62 +63 +64 +65 +66 +67 +68 +69 +70 +71 +72 +73 +74 +75 +76 +77 +78 +79 +82 +83 -91 -90 -89 +84 +85 +86 +87 +88 +92 +93 +94 +95 +96 +97 +98 +99 +100 +101 +102 +103 +104 +105 +106 +107 +108 +109 +110 +111 +112 +113 +114 +115 +116 +117 +118 +119 +120 +121 +122 +123 +124 +125 +126 +127 +128 +129 +130 +131 +132 +133 +134 +135 +136 @
>CP017536.1
+1 +2 +3 +4 +5 +6 +7 +8 +9 +10 +11 +12 +13 +14 +15 +16 +17 +18 +19 +20 +21 +22 +23 +24 +26 +27 +30 +31 +34 +35 +36 +37 +38 +39 +40 +41 +42 +43 +44 +45 +46 +47 -48 +49 +50 +51 +52 -85 -84 +89 +90 +91 -83 -82 +66 +67 +68 +69 +70 +71 +72 +73 +74 +79 -65 -64 -63 -62 -61 -60 -59 -58 -56 -55 -54 -53 +86 +87 +88 +92 +93 +94 +95 +96 +97 +98 +99 +100 +101 +102 +103 +104 +105 +106 +107 +108 +109 +110 +111 +112 +113 +114 +115 +116 +117 +118 +119 +120 +121 +122 +123 +124 +125 +126 +127 +128 +129 +130 +131 +132 +133 +134 +135 +136 @
>CP017551.1
+1 +2 +3 +4 +5 +6 +7 +8 +9 +10 +11 +12 +13 +14 +15 +16 +17 +18 +19 +20 +21 +22 +23 +24 +26 +27 +30 +31 +34 +35 +36 +37 +38 +39 +40 +41 +42 +43 +44 +45 +46 +47 +48 +49 +50 +51 +52 -85 -84 +89 +90 +91 -83 -79 -78 -77 -76 -75 -74 -73 -72 -71 -70 -69 -68 -67 -66 -65 -64 -62 -61 -60 -59 -58 -56 -55 -54 -53 +86 +87 +88 +92 +93 +94 +95 +96 +97 +98 +99 +100 +101 +102 +103 +104 +105 +106 +107 +108 +109 +110 +111 +112 +113 +114 +115 +116 +117 +118 +119 +120 +121 +122 +123 +124 +125 +126 +127 +128 +129 +130 +131 +132 +133 +134 +135 +136 @
>CP023044.1
-3 -2 -1 -136 -135 -134 -133 -132 -131 -130 -129 -128 -127 -126 -125 -124 -123 -122 -121 -120 -119 -118 -117 -116 -115 -114 -113 -112 -111 -110 -109 -108 -107 -106 -105 -104 -103 -102 -101 -100 -99 -98 -97 -96 -95 -94 -93 -92 -88 -87 -86 -85 -84 +82 +83 -91 -90 -89 -79 -78 -77 -76 -75 -74 -73 -72 -71 -70 -69 -68 -67 -66 -65 -64 -63 -62 -61 -60 -59 -58 -56 -55 -54 -53 -52 -51 -50 -49 -48 -47 -46 -45 -44 -43 -42 -41 -40 -39 -38 -37 -36 -35 -34 -31 -30 -27 -26 -24 -23 -22 -21 -20 -19 -18 -17 -16 -15 -14 -13 -12 -11 -10 -9 -8 -7 -6 -5 -4 @
>CP017549.1
+1 +2 +3 +4 +5 +6 +7 +8 +9 +10 +11 +12 +13 +14 +15 +16 +17 +18 +19 +20 +21 +22 +23 +24 +26 +27 +30 +31 +34 +35 +36 +37 +38 +39 +40 +41 +42 +43 +44 +45 +46 +47 +48 +49 +50 +51 +52 +53 +54 +55 +56 +58 +59 +60 +61 +62 +63 +64 +65 +66 -69 -68 -67 +70 +71 +72 +73 +74 +79 +82 +83 +84 +85 +86 +87 +88 +92 +93 +94 +95 +96 +97 +98 +99 +100 +101 +102 +103 +104 +105 +106 +107 +108 +109 +110 +111 +112 +113 +114 +115 +116 +117 +118 +119 +120 +121 -91 -90 -89 +122 +123 +124 +125 +126 +127 +128 +129 +130 +131 +132 +133 +134 +135 +136 @
>CP023047.1
-3 -2 -1 -136 -135 -134 -133 -132 -131 -130 -129 -128 -127 -126 -125 -124 -123 -122 -121 -120 -119 -118 -117 -116 -115 -114 -113 -112 -111 -110 -109 -108 -107 -106 -105 -104 -103 -102 -101 -100 -99 -98 -97 -96 -95 -94 -93 -92 -88 -87 -86 -85 -84 +82 +83 -91 -90 -89 -79 -78 -77 -76 -75 -74 -73 -72 -71 -70 -69 -68 -67 -66 -65 -64 -63 -62 -61 -60 -59 -58 -56 -55 -54 -53 -52 -51 -50 -49 -48 -47 -46 -45 -44 -43 -42 -41 -40 -39 -38 -37 -36 -35 -34 -31 -30 -27 -26 -24 -23 -22 -21 -20 -19 -18 -17 -16 -15 -14 -13 -12 -11 -10 -9 -8 -7 -6 -5 -4 @
>CP004752.2
-3 -2 -1 -136 -135 -134 -133 -132 -131 -130 -129 -128 -127 -126 -125 -124 -123 -122 -121 -120 -119 -118 -117 -116 -115 -114 -113 -112 -111 -110 -109 -108 -107 -106 -105 -104 -103 -102 -101 -100 -99 -98 -97 -96 -95 -94 -93 -92 -91 -90 -89 -88 -87 -86 -85 -84 -83 -82 -79 -78 -77 -76 -75 -74 -73 -72 -71 -70 -69 -68 -67 -66 -65 -64 -63 -62 -61 -60 -59 -58 -56 -55 -54 -53 -52 -51 -50 -49 -48 -47 -46 -45 -44 -43 -42 -41 -40 -39 -38 -37 -36 -35 -34 -31 -30 -27 -26 -24 -23 -22 -21 -20 -19 -18 -17 -16 -15 -14 -13 -12 -11 -10 -9 -8 -7 -6 -5 -4 @
>CP026858.1
-3 -2 -1 -136 -135 +10 -134 -133 -129 -128 -127 -126 -125 -124 -123 -122 -120 -119 -118 -117 -116 -115 -114 -113 -112 -111 -110 -109 -108 -107 -106 -105 -104 -103 -102 -101 -100 -99 -98 -97 -96 -95 -94 -93 -92 -88 +121 -91 -90 -89 +63 +64 +65 +66 +67 +68 +69 +70 +71 +72 +73 +74 +75 +76 +77 +78 +79 +82 +83 +84 +85 +86 +87 -62 -61 -60 -59 -56 -55 -54 -53 -52 -51 -50 -49 -48 -47 -46 -45 -44 -43 -42 -41 -40 -39 -38 -37 -36 -35 -34 -31 -30 -27 -58 -26 -24 -23 -22 -21 -20 -19 -18 -17 -132 -131 -130 -16 -15 -14 -13 -12 -11 -9 -8 -7 -6 -5 -4 @
>CP017532.1
+1 +2 +3 +4 +5 +6 +7 +8 +9 +10 +11 +12 +13 +14 +15 +16 +17 +18 +19 +20 +21 +22 +23 +24 +26 +27 +30 +31 +34 +35 +36 +37 +38 +39 +40 +41 +42 +43 +44 +45 +46 +47 +48 +49 +50 +51 +52 +53 +54 +55 +56 +58 +59 +60 +61 +62 +63 +64 +65 -79 -78 -77 -76 -75 -74 -73 -72 -71 -70 -69 -68 -67 -66 +89 +90 +91 -83 -82 +84 +85 +86 +87 +88 +92 +93 +94 +95 +96 +97 +98 +99 +100 +101 +102 +103 +104 +105 +106 +107 +108 +109 +110 +111 +112 +113 +114 +115 +116 +117 +118 +119 +120 +121 +122 +123 +124 +125 +129 +130 +131 +132 +133 +126 +127 +128 +134 +135 +136 @
>CP017548.1
+1 +2 +3 +4 +5 +6 +7 +8 +9 +10 +11 +12 +13 +14 +15 +16 +17 +18 +19 +20 +21 +22 +23 +24 +26 +27 +30 +31 +34 +35 +36 +37 +38 +39 +40 +41 +42 +43 +44 +45 +46 +47 +48 +49 +50 +51 +52 -85 -84 +89 +90 +91 -83 -82 +66 +67 +68 +69 +70 +71 +72 +73 +74 +75 +76 +77 +78 +79 -65 -64 -63 -62 -61 -60 -59 -58 -56 -55 -54 -53 +86 +87 +88 +92 +93 +94 +95 +96 +97 +98 +99 +100 +101 +102 +103 +104 +105 +106 +107 +108 +109 +110 +111 +112 +113 +114 +115 +116 +117 +118 +119 +120 +121 +122 +123 +124 +125 +126 +127 +128 +129 +130 +131 +132 +133 +134 +135 +136 @
>CP017544.1
+1 +2 +3 +4 +5 +6 +7 +8 +9 +10 +11 +12 +13 +14 +15 +16 +17 +18 +19 +20 +21 +22 +23 +24 +26 +27 +30 +31 +34 +35 +36 +37 +38 +39 +40 +41 +42 +43 +44 +45 +46 +47 +48 +49 +50 +51 +52 -85 -84 +89 +90 +91 -83 -82 +66 +67 +68 +69 +70 +71 +72 +73 +74 +75 +76 +77 +78 +79 -65 -64 -63 -62 -61 -60 -59 -58 -56 -55 -54 -53 +86 +87 +88 +92 +93 +94 +95 +96 +97 +98 +99 +100 +101 +102 +103 +104 +105 +106 +107 +108 +109 +110 +111 +112 +113 +114 +115 +116 +117 +118 +119 +120 +121 +122 +123 +124 +125 +126 +127 +128 +129 +130 +131 +132 +133 +134 +135 +136 @
>CP006619.1
+1 +2 +3 +4 +5 +6 +7 +8 +9 +10 +11 +12 +13 +14 +15 +16 +17 +18 +19 +20 +21 +22 +23 +24 +26 +27 +30 +31 +34 +35 +36 +37 +38 +39 +40 +41 +42 +43 +44 +45 +46 +47 +48 +49 +50 +51 +52 -85 -84 -79 -78 -77 -76 -75 -74 -73 -72 -71 -70 -69 -68 -67 -66 -65 -64 -63 -62 -61 -60 -59 -58 -56 -55 -54 -53 +86 +87 +88 +92 +93 +94 +95 +96 +97 +98 +99 +100 +101 +102 +103 +104 +105 +106 +107 +108 +109 +110 +111 +112 +113 +114 +115 +116 +117 +118 +119 +120 +121 +122 +123 +124 +125 +126 +127 +128 +129 +130 +131 +132 +133 +134 +135 +136 @
>CP017519.1
+1 +2 +3 +4 +5 +6 +7 +8 +9 +10 +11 +12 +13 +14 +15 +16 +17 +18 +19 +20 +21 +22 +23 +24 +26 +27 +30 +31 +34 +35 +36 +37 +38 +39 +40 +41 +42 +43 +44 +45 +46 +47 +48 +49 +50 +51 +52 -85 -84 +89 +90 +91 -83 -82 -79 -78 -77 -76 -75 -74 -73 -72 -71 -70 -69 -68 -67 -66 -65 -64 -63 -62 -61 -60 -59 -58 -56 -55 -54 -53 +86 +87 +88 +92 +93 +94 +95 +96 +97 +98 +99 +100 +101 +102 +103 +104 +105 +106 +107 +108 +109 +110 +111 +112 +113 +114 +115 +116 +117 +118 +119 +120 +121 +122 +123 +124 +125 +126 +127 +128 +129 +130 +131 +132 +133 +134 +135 +136 @
>CP006574.1
+58 +59 +60 +61 +62 +63 +64 +65 -79 -78 -77 -76 -75 -74 -73 -72 -71 -70 -69 -68 -67 -66 +82 +83 +84 +85 +86 +87 +88 +89 +90 +91 +92 +93 +94 +95 +96 +98 +99 +100 +101 +102 +103 +104 +105 +106 +107 +108 +109 +110 +111 +112 +113 +114 +115 +116 +117 +118 +119 +120 +121 +122 +123 +124 +125 +126 +127 +128 +129 +130 +131 +132 +133 +134 +135 +136 +1 +2 +3 +4 +5 +6 +7 +8 +9 +10 +11 +12 +13 +14 +15 +16 +17 +18 +19 +20 +21 +22 +23 +24 +26 +27 +34 +35 +36 +37 +38 +39 +40 +41 +42 +43 +44 +45 +46 +47 +49 +50 +51 +52 +53 +54 +55 +56 @
>CP011098.1
-3 -2 -1 -136 -135 -134 -133 -132 -131 -130 -129 -128 -127 -126 -125 -124 -123 -122 -121 -120 -119 -118 -117 -116 -115 -114 -113 -112 -111 -110 -109 -108 -107 -106 -105 -104 -103 -102 -101 -100 -99 -98 -97 -96 -95 -94 -93 -92 -88 -87 -86 -85 -84 +82 +83 -91 -90 -89 -79 -78 -77 -76 -75 -74 -73 -72 -71 -70 -69 -68 -67 -66 -65 -64 -63 -62 -61 -60 -59 -58 -56 -55 -54 -53 -52 -51 -50 -49 -48 -47 -46 -45 -44 -43 -42 -41 -40 -39 -38 -37 -36 -35 -34 -31 -30 -27 -26 -24 -23 -22 -21 -20 -19 -18 -17 -16 -15 -14 -13 -12 -11 -10 -9 -8 -7 -6 -5 -4 @
>CP017491.1
+1 +2 +3 +4 +5 +6 +7 +8 +9 +10 +11 +12 +13 +14 +15 +16 +17 +18 +19 +20 +21 +22 +23 +24 +26 +27 +30 +31 +34 +35 +36 +37 +38 +39 +40 +41 +42 +43 +44 +45 +46 +47 +48 +49 +50 +51 +52 +53 +54 +55 +56 +58 +59 +60 +61 +62 +63 +64 +65 +66 +67 +68 +69 +70 +71 +72 +73 +74 +75 +76 +77 +78 +79 +82 +83 +84 +85 +86 +87 +88 +89 +90 +91 +92 +93 +94 +95 +96 +97 +98 +99 +100 +101 +102 +103 +104 +105 +106 +107 +108 +109 +110 +111 +112 +113 +114 +115 +116 +117 +118 +119 +120 +121 +122 +123 +124 +125 +126 +127 +128 +129 +130 +131 +132 +133 +134 +135 +136 @
>CP017506.1
+1 +2 +3 +4 +5 +6 +7 +8 +9 +10 +11 +12 +13 +14 +15 +16 +17 +18 +19 +20 +21 +22 +23 +24 +26 +27 +30 +31 +34 +35 +36 +37 +38 +39 +40 +41 +42 +43 +44 +45 +46 +47 +48 +49 +50 +51 +52 +53 +54 +55 +56 +58 +59 +60 +61 +62 +63 +64 +65 +66 +67 +68 +69 +70 +71 +72 +73 +74 +75 +76 +77 +78 +79 +82 +83 +84 +85 +86 +87 +88 +89 +90 +91 +92 +93 +94 +95 +96 +97 +98 +99 +100 +101 +102 +103 +104 +105 +106 +107 +108 +109 +110 +111 +112 +113 +114 +115 +116 +117 +118 +119 +120 +121 +122 +123 +124 +125 +126 +127 +128 +129 +130 +131 +132 +133 +134 +135 +136 @
>CP017534.1
+1 +2 +3 +4 +5 +6 +7 +8 +9 +10 +11 +12 +13 +14 +15 +16 +18 +19 +20 +21 +22 +23 +24 +26 +27 +30 +31 +34 +35 +36 +37 +38 +39 +40 +41 +42 +43 +44 +45 +46 +47 +48 +49 +50 +51 +52 -85 -84 +82 +83 -91 -90 -89 +66 +67 +68 +69 +70 +71 +72 +73 +74 +75 +76 +77 +78 +79 -65 -64 -63 -62 -61 -60 -59 -58 -56 -55 -54 -53 +86 +87 +88 +92 +93 +94 +95 +96 +97 +98 +99 +100 +101 +102 +103 +104 +105 +106 +107 +108 +109 +110 +111 +112 +113 +114 +115 +116 +117 +118 +119 +120 +121 +122 +123 +124 +125 +126 +127 +128 +129 +130 +131 +132 +133 +134 +135 +136 @
>CP005383.1
+109 +110 +111 +112 +113 +114 +115 +116 +117 +118 +119 +120 +121 +122 +123 +124 +125 +126 +127 +128 +129 +130 +131 +132 +133 +134 +135 +136 +1 +2 +3 +4 +5 +6 +7 +8 +9 +10 +11 +12 +13 +14 +15 +16 +17 +18 +19 +20 +21 +22 +23 +24 +26 +27 +30 +31 +34 +35 +36 +37 +38 +39 +40 +41 +42 +43 +44 +45 +46 +47 +48 +49 +50 +51 +52 -85 -84 +89 +90 +91 -83 -82 -79 -78 -77 -76 -75 -74 -73 -72 -71 -70 -69 -68 -67 -66 -65 -64 -63 -62 -61 -60 -59 -58 -56 -55 -54 -53 +86 +87 +88 +92 +93 +94 +95 +96 +97 +98 +99 +100 +101 +102 +103 +104 +105 +106 +107 +108 @
