>CP020828.1
+1 +2 +3 +4 +5 +6 +9 +10 +11 +12 +13 +14 +15 +16 +17 +18 +31 +32 +33 +34 +35 +36 +37 +38 +39 +40 +41 +44 +45 +46 +50 +51 +52 +54 +56 +57 +58 +59 +61 +62 +63 +64 +66 +67 +68 +69 +70 +71 +72 +73 +74 +75 +77 +78 +79 +80 +81 +82 +83 +84 +85 +86 +87 +88 +89 +90 +91 +92 +94 +95 +96 +97 +98 +99 +100 +102 +103 +104 +105 +106 +107 +108 +109 +110 +112 +113 +114 +115 +116 +117 +118 +119 +120 +121 +122 +123 +124 +125 +126 +127 +128 +129 +130 +131 +132 +133 +134 +135 +136 +138 +139 +140 +141 +142 +143 +149 +150 +151 +152 +153 +154 +156 +157 +158 +160 +161 +162 +163 +164 +165 +166 +167 +168 +169 +170 +171 +172 +173 +174 +175 +176 +177 +178 +179 +180 +181 +183 +184 +185 +187 +188 +189 +190 +191 +192 +193 +194 +195 +196 +197 +198 +200 +201 +202 +203 +206 +207 +208 +212 +213 +215 +221 +222 +223 +224 +225 +226 +227 +228 +229 +230 +231 +235 +237 +238 +239 +240 +241 +242 +243 +244 +245 +246 +247 +248 +249 +250 +251 +253 +255 +256 +257 +258 +259 +260 +261 +262 +263 +264 +265 +266 +267 +268 +269 +270 +271 +272 +273 +274 +275 +276 +277 @
>CP038642.1
-198 -197 -196 -195 -194 -193 -192 -191 -190 -189 -188 -187 -185 -184 -183 -181 -180 -179 -178 -177 -176 -175 -174 -173 -172 -171 -170 -169 -168 -167 -166 -165 -164 -163 -162 -161 -160 -158 -157 -156 -154 -153 -152 -151 -150 -149 -143 -142 -141 -140 -139 -138 -136 -135 -134 -133 -132 -131 -130 -129 -128 -127 -126 -125 -124 -123 -122 -121 -120 -119 -118 -117 -116 -115 -114 -113 -112 -110 -109 -108 -107 -106 -105 -104 -103 -102 -100 -99 -98 -97 -96 -95 -94 -92 -91 -90 -89 -88 -87 -86 -85 -84 -83 -82 -81 -80 -79 -78 -77 -75 -74 -73 -72 -71 -70 -69 -68 -67 -66 -64 -63 -62 -61 -59 -58 -57 -56 -54 -52 -51 -50 -46 -45 -44 -41 -40 -39 -38 -37 -36 -35 -34 -32 -31 +251 +253 +255 +256 +257 +258 +259 +260 +261 +262 +263 +264 +265 +266 +267 +268 +269 +270 +271 +272 +273 +274 +275 +276 +277 +1 +2 +3 +4 +5 +6 +9 +10 +11 +12 +13 +14 +15 +16 +17 +18 -250 -249 -248 -247 -246 -245 -244 -243 -242 -241 -240 -239 -238 -237 -235 -231 -230 -229 -228 -227 -226 -225 -224 -223 -222 -221 -215 -213 -212 -208 -207 -206 -203 -202 -201 -200 @
>CP019617.1
+2 +3 +4 +5 +6 +9 +10 +11 +12 +13 +14 +15 +16 +17 +18 +31 +32 +33 +34 +35 +36 +37 +38 +39 +40 +41 +44 +45 +46 +50 +51 +52 +54 +56 +57 +58 +59 +61 +62 +63 +64 +66 +67 +68 +69 +70 +71 +72 +73 +74 +75 +77 +78 +79 +80 +81 +82 +83 +84 +85 +86 +87 +88 +89 +90 +91 +92 +94 +95 +96 +97 +98 +99 +100 +102 +103 +104 +105 +106 +107 +108 +109 +110 +112 +113 +114 +115 +116 +117 +119 +120 +121 +122 +123 +124 +125 +126 +127 +128 +129 +130 +131 +132 +133 +134 +135 +136 +138 +139 +140 +141 +142 +143 +149 +150 +151 +152 +154 +156 +157 +160 +161 +162 +163 +164 +165 +166 +167 +168 +169 +170 +171 +172 +173 +174 +175 +176 +177 +178 +179 +180 +181 +183 +184 +185 +187 +188 +189 +190 +191 +192 +193 +194 +195 +196 +197 +198 +200 +201 +202 +203 +206 +207 +208 +212 +213 -215 +221 +222 +223 +224 +225 +226 +227 +228 +229 +230 +231 +235 +237 +238 +239 +240 +241 +242 +243 +244 +245 +246 +247 +248 +249 +250 +251 +253 +255 +256 +257 +258 +259 +260 +261 +262 +263 +264 +265 +266 +267 +268 +269 +270 +271 +272 +273 +274 +275 +276 +277 +1 @
>CP020833.1
+1 +2 +3 +4 +5 +6 +9 +10 +11 +12 +13 +14 +15 +16 +17 +18 +31 +32 +33 +34 +35 +36 +37 +38 +39 +40 +41 +44 +45 +46 +50 +51 +52 +54 +56 +57 +58 +59 +61 +62 +63 +64 +66 +67 +68 +69 +70 +71 +72 +73 +74 +75 +77 +78 +79 +80 +81 +82 +83 +84 +85 +86 +87 +88 +89 +90 +91 +92 +94 +95 +96 +97 +98 +99 +100 +102 +103 +104 +105 +106 +107 +108 +109 +110 +112 +113 +114 +115 +116 +117 +118 +119 +120 +121 +122 +123 +124 +125 +126 +127 +128 +129 +130 +131 +132 +133 +134 +135 +136 +138 +139 +140 +141 +142 +143 +151 +152 +153 +154 +156 +157 +158 +160 +161 +162 +163 +164 +165 +166 +167 +168 +169 +170 +171 +172 +173 +174 +175 +176 +177 +178 +179 +180 +181 +183 +184 +185 +187 +188 +189 +190 +191 +192 +193 +194 +195 +196 +197 +198 +200 +201 +202 +203 +206 +207 +208 +212 +213 +215 +221 +222 +223 +224 +225 +226 +227 +228 +229 +230 +231 +235 +237 +238 +239 +240 +241 +242 +243 +244 +245 +246 +247 +248 +249 +250 +251 +253 +255 +256 +257 +258 +259 +260 +261 +262 +263 +264 +265 +266 +267 +268 +269 +270 +271 +272 +273 +274 +275 +276 +277 @
>CP032669.1
+1 +2 +3 +4 +5 +6 +9 +10 +11 +12 +13 +14 +15 +16 +17 +18 +31 +32 +33 +34 +35 +36 +37 +38 +39 +40 +41 +44 +45 +46 +50 +51 +52 +54 +56 +57 +58 +59 +61 +62 +63 +64 +66 +67 +68 +69 +70 +71 +72 +73 +74 +75 +77 +78 +79 +80 +81 +82 +83 +84 +85 +86 +87 +88 +89 +90 +91 +92 +94 +95 +96 +97 +98 +99 +100 +102 +103 +104 +105 +106 +107 +108 +109 +110 +112 +113 +114 +115 +116 +117 +118 +119 +120 +121 +122 +123 +124 +125 +126 +127 +128 +129 +130 +131 +132 +133 +134 +135 +136 +138 +139 +140 +141 +142 +143 +149 +150 +151 +152 +153 +154 +156 +157 +158 +160 +161 +162 +163 +164 +165 +166 +167 +168 +169 +170 +171 +172 +173 +174 +175 +176 +177 +178 +179 +180 +181 +183 +184 +185 +187 +188 +189 +190 +191 +192 +193 +194 +195 +196 +197 +198 +200 +201 +202 +203 +206 +207 +208 +212 +213 +215 +221 +222 +223 +224 +225 +226 +227 +228 +229 +230 +231 +235 +237 +238 +239 +240 +241 +242 +243 +244 +245 +246 +247 +248 +249 +250 +251 +253 +255 +256 +257 +258 +259 +260 +261 +262 +263 +264 +265 +266 +267 +268 +269 +270 +271 +272 +273 +274 +275 +276 +277 @
>CP006594.1
+225 +226 +227 +228 +229 +230 +231 +235 +237 +238 +239 +240 +241 +242 +243 +244 +245 +246 +247 +248 +249 +250 +251 +253 +255 +256 +257 +258 +259 +260 +261 +262 +263 +264 +265 +266 +267 +268 +269 +270 +271 +272 +273 +274 +275 +276 +277 +1 +2 +3 +4 +5 +6 +9 +10 +11 +12 +13 +14 +15 +16 +17 +18 -191 -190 -189 -188 -187 -185 -184 -183 -181 -180 -179 -178 -177 -176 -175 -174 -173 -172 -171 -170 -169 -168 -167 -166 -165 -164 -163 -162 -161 -160 -158 -157 -156 -154 -153 -152 -151 -150 -149 -143 -142 -141 -140 -139 -138 -136 -135 -134 -133 -132 -131 -130 -129 -128 -127 -126 -125 -124 -123 -122 -121 -120 -119 -118 -117 -116 -115 -114 -113 -112 -110 -109 -108 -107 -106 -105 -104 -103 -102 -100 -99 -98 -97 -96 -95 -94 -92 -91 -90 -89 -88 -87 -86 -85 -84 -83 -82 -81 -80 -79 -78 -77 -75 -74 -73 -72 -71 -70 -69 -68 -67 -66 -64 -63 -62 -61 -59 -58 -57 -56 -54 -52 -51 -50 -46 -45 -44 -41 -40 -39 -38 -37 -36 -35 -34 -33 -32 -31 +192 +193 +194 +195 +196 +197 +198 +200 +201 +202 +203 +206 +207 +208 +212 +213 +215 +221 +222 +223 +224 @
>CP006597.1
+138 +139 +140 +141 +142 +143 +149 +150 +151 +152 +153 +154 +156 +157 +158 +160 +161 +162 +163 +164 +165 +166 +167 +168 +169 +170 +171 +172 +173 +174 +175 +176 +177 +178 +179 +180 +181 +183 +184 +185 +187 +188 +189 +190 +191 +192 +193 +194 +195 +196 +197 +198 +200 +201 +202 +203 +206 +207 +208 +212 +213 +215 +221 +222 +223 +224 +225 +226 +227 +228 +229 +230 +231 +235 +237 +238 +239 +240 +241 +242 +243 +244 +245 +246 +247 +248 +249 +250 +251 +253 +255 +256 +257 +258 +259 +260 +261 +262 +263 +264 +265 +266 +267 +268 +269 +270 +271 +272 +273 +274 +275 +276 +277 +1 +2 +3 +4 +5 +6 +9 +10 +11 +12 +13 +14 +15 +16 +17 +18 +31 +32 +33 +34 +35 +36 +37 +38 +39 +40 +41 +44 +45 +46 +50 +51 +52 +54 +56 +57 +58 +59 +61 +62 +63 +64 +66 +67 +68 +69 +70 +71 +72 +73 +74 +75 +77 +78 +79 +80 +81 +82 +83 +84 +85 +86 +87 +88 +89 +90 +91 +92 +94 +95 +96 +97 +98 +99 +100 +102 +103 +104 +105 +106 +107 +108 +109 +110 +112 +113 +114 +115 +116 +117 +118 +119 +120 +121 +122 +123 +124 +125 +126 +127 +128 +129 +130 +131 +132 +133 +134 +135 +136 @
>CP030808.1
+31 +32 +33 +34 +35 +36 +37 +38 +39 +40 +41 +44 +45 +46 +50 +51 +52 +54 +56 +57 +58 +59 +61 +62 +63 +64 +66 +67 +68 +69 +70 +71 +72 +73 +74 +75 +77 +78 +79 +80 +81 +82 +83 +84 +85 +86 +87 +88 +89 +90 +91 +92 +94 +95 +96 +97 +98 +99 +100 +102 +103 +104 +105 +106 +107 +108 +109 +110 +112 +113 +114 +115 +116 +117 +118 +119 +120 +121 +122 +123 +124 +125 +126 +127 +128 +129 +130 +131 +132 +133 +134 +135 +136 +138 +139 +140 +141 +142 +143 +149 +150 +151 +152 +153 +154 +156 +157 +158 +160 +161 +162 +163 +164 +165 +166 +167 +168 +169 +170 +171 +172 +173 +174 +175 +176 +177 +178 +179 +180 +181 +183 +184 +185 +187 +188 +189 +190 +191 +192 +193 +194 +195 +196 +197 +198 +200 +201 +202 +203 +206 +207 +208 +212 +213 +215 +221 +222 +223 +224 +225 +226 +227 +228 +229 +230 +231 +235 +237 +238 +239 +240 +241 +242 +243 +244 +245 +246 +247 +248 +249 +250 +251 +253 +255 +256 +257 +258 +259 +260 +261 +262 +263 +264 +265 +266 +267 +268 +269 +270 +271 +272 +273 +274 +275 +276 +277 +1 +2 +3 +4 +5 +6 +9 +10 +11 +12 +13 +14 +15 +16 +17 +18 @
>CP028183.1
+1 +2 +3 +4 +5 +6 +9 +10 +11 +12 +13 +14 +15 +16 +17 +18 +31 +32 +33 +34 +35 +36 +37 +38 +39 +40 +41 +44 +45 +46 +50 +51 +52 +54 +56 +57 +58 +59 +61 +62 +63 +64 +66 +67 +68 +69 +70 +71 +72 +73 +74 +75 +77 +78 +79 +80 +81 +82 +83 +84 +85 +86 +87 +88 +89 +90 +91 +92 +94 +95 +96 +97 +98 +99 +100 +102 +103 +104 +105 +106 +107 +108 +109 +110 +112 +113 +114 +115 +116 +117 +118 +119 +120 +121 +122 +123 +124 +125 +126 +127 +128 +129 +130 +131 +132 +133 +134 +135 +136 +138 +139 +140 +141 +142 +143 +149 +150 +151 +152 +153 +154 +156 +157 +158 +160 +161 +162 +163 +164 +165 +166 +167 +168 +169 +170 +171 +172 +173 +174 +175 +176 +177 +178 +179 +180 +181 +183 +184 +185 +187 +188 +189 +190 +191 +192 +193 +194 +195 +196 +197 +198 +200 +201 +202 +203 +206 +207 +208 +212 +213 +215 +221 +222 +223 +224 +225 +226 +227 +228 +229 +230 +231 +235 +237 +238 +239 +240 +241 +242 +243 +244 +245 +246 +247 +248 +249 +250 +251 +253 +255 +256 +257 +258 +259 +260 +261 +262 +263 +264 +265 +266 +267 +268 +269 +270 +271 +272 +273 +274 +275 +276 +277 @
>HG813249.1
+253 +255 +256 +257 +258 +259 +260 +261 +262 +263 +264 +265 +266 +267 +268 +269 +270 +271 +272 +273 +274 +275 +276 +277 +1 +2 +3 +4 +5 +6 +9 +10 +11 +12 +13 +14 +15 +16 +17 +18 +31 +32 +33 +34 +36 +37 +38 +39 +40 +41 +44 +45 +46 +50 +51 +52 +54 +56 +57 +58 +59 +61 +62 +63 +64 +66 +67 +68 +69 +70 +71 +72 +73 +74 +75 +77 +78 +79 +80 +81 +82 +83 +84 +85 +86 +87 +88 +89 +90 +91 +92 +94 +95 +96 +97 +98 +99 +100 +102 +103 +104 +105 +106 +107 +108 +109 +110 +112 +113 +114 +115 +116 +117 +118 +119 +120 +121 +122 +123 +124 +125 +126 +127 +128 +129 +130 +131 +132 +133 +134 +135 +136 +138 +139 +140 +141 +142 +143 -250 -249 -248 -247 -246 -245 -244 -243 -242 -241 -240 -239 -238 -237 -235 -231 -230 -229 +149 +150 +151 +152 +153 +154 +156 +157 +158 +160 +161 +162 +163 +164 +165 +166 +167 +168 +169 +170 +171 +172 +173 +174 +175 +176 +177 +178 +179 +180 +181 +183 +184 +185 +187 +188 +189 +190 +191 +192 +193 +194 +195 +196 +197 +198 +200 +201 +202 +203 +206 +207 +208 +212 +213 +215 +221 +222 +223 +224 +225 +226 +227 +228 @
>CP046361.1
+1 +2 +3 +4 +5 +6 +9 +10 +11 +12 +13 +14 +15 +16 +17 +18 +31 +32 +33 +34 +35 +36 +37 +38 +39 +40 +41 +44 +45 +46 +50 +51 +52 +54 +56 +57 +58 +59 +61 +62 +63 +64 +66 +67 +68 +69 +70 +71 +72 +73 +74 +75 +77 +78 +79 +80 +81 +82 +83 +84 +85 +86 +87 +88 +89 +90 +91 +92 +94 +95 +96 +97 +98 +99 +100 +102 +103 +104 +105 +106 +107 +108 +109 +110 +112 +113 +114 +115 +116 +117 +118 +119 +120 +121 +122 +123 +124 +125 +126 +127 +128 +129 +130 +131 +132 +133 +134 +135 +136 +138 +139 +140 +141 +142 +143 +149 +150 +151 +152 +153 +154 +156 +157 +158 +160 +161 +162 +163 +164 +165 +166 +167 +168 +169 +170 +171 +172 +173 +174 +175 +176 +177 +178 +179 +180 +181 +183 +184 +185 +187 +188 +189 +190 +191 +192 +193 +194 +195 +196 +197 +198 +200 +201 +202 +203 +206 +207 +208 +212 +213 +215 +221 +222 +223 +224 +225 +226 +227 +228 +229 +230 +231 +235 +237 +238 +239 +240 +241 +242 +243 +244 +245 +246 +247 +248 +249 +250 +251 +253 +255 +256 +257 +258 +259 +260 +261 +262 +263 +264 +265 +266 +267 +268 +269 +270 +271 +272 +273 +274 +275 +276 +277 @
>CP002001.1
+1 +2 +3 +4 +5 +6 +9 +10 +11 +12 +13 +14 +15 +16 +17 +18 +31 +32 +33 +34 +35 +36 +37 +38 +39 +40 +41 +44 +45 +46 +50 +51 +52 +54 +56 +57 +58 +59 +61 +62 +63 +64 +66 +67 +68 +69 +70 +71 +72 +73 +74 +75 +77 +78 +79 +80 +81 +82 +83 +84 +85 +86 +87 +88 +89 +90 +91 +92 +94 +95 +96 +97 +98 +99 +100 +102 +103 +104 +105 +106 +107 +108 +109 +110 +112 +113 +114 +115 +116 +117 +119 +120 +121 +122 +123 +124 +125 +126 +127 +128 +129 +130 +131 +132 +133 +134 +135 +136 +138 +139 +140 +141 +142 +143 +149 +150 +151 +152 +153 +154 +156 +157 +158 +160 +161 +162 +163 +164 +165 +166 +167 +168 +169 +170 +171 +172 +173 +174 +175 +176 +177 +178 +179 +180 +181 +183 +184 +185 +187 +188 +189 +190 +191 +192 +193 +194 +195 +196 +197 +198 +200 +201 +202 +203 +206 +207 +208 +212 +213 +215 +221 +222 +223 +224 +225 +226 +227 +228 +229 +230 +231 +235 +237 +238 +239 +240 +241 +242 +243 +244 +245 +246 +247 +248 +249 +250 +251 +253 +255 +256 +257 +258 +259 +260 +261 +262 +263 +264 +265 +266 +267 +268 +269 +270 +271 +272 +273 +274 +275 +276 +277 @
>CP020831.1
+1 +2 +3 +4 +5 +6 +9 +10 +11 +12 +13 +14 +15 +16 +17 +18 +31 +32 +33 +34 +35 +36 +37 +38 +39 +40 +41 +44 +45 +46 +50 +51 +52 +54 +56 +57 +58 +59 +61 +62 +63 +64 +66 +67 +68 +69 +70 +71 +72 +73 +74 +75 +77 +78 +79 +80 +81 +82 +83 +84 +85 +86 +87 +88 +89 +90 +91 +92 +94 +95 +96 +97 +98 +99 +100 +102 +103 +104 +105 +106 +107 +108 +109 +110 +112 +113 +114 +115 +116 +117 +118 +119 +120 +121 +122 +123 +124 +125 +126 +127 +128 +129 +130 +131 +132 +133 +134 +135 +136 +138 +139 +140 +141 +142 +143 +149 +150 +151 +152 +153 +154 +156 +157 +158 +160 +161 +162 +163 +164 +165 +166 +167 +168 +169 +170 +171 +172 +173 +174 +175 +176 +177 +178 +179 +180 +181 +183 +184 +185 +187 +188 +189 +190 +191 +192 +193 +194 +195 +196 +197 +198 +200 +201 +202 +203 +206 +207 +208 +212 +213 +215 +221 +222 +223 +224 +225 +226 +227 +228 +229 +230 +231 +235 +237 +238 +239 +240 +241 +242 +243 +244 +245 +246 +247 +248 +249 +250 +251 +253 +255 +256 +257 +258 +259 +260 +261 +262 +263 +264 +265 +266 +267 +268 +269 +270 +271 +272 +273 +274 +275 +276 +277 @
>CP021174.1
+1 +2 +3 +4 +5 +6 +9 +10 +11 +12 +13 +14 +15 +16 +17 +18 +31 +32 +33 +34 +35 +36 +37 +38 +39 +40 +41 +44 +45 +46 +50 +51 +52 +56 +57 +58 +59 +61 +62 +63 +64 +66 +67 +68 +69 +70 +71 +72 +73 +74 +75 +77 +78 +79 +80 +81 +82 +83 +84 +85 +86 +87 +88 +89 +90 +91 +92 +94 +95 +96 +97 +98 +99 +100 +102 +103 +104 +105 +106 +107 +108 +109 +110 +112 +113 +114 +115 +116 +117 +118 +119 +120 +121 +122 +123 +124 +125 +126 +127 +128 +129 +130 +131 +132 +133 +134 +135 +136 +138 +139 +140 +141 +142 +143 +149 +150 +151 +152 +153 +154 +156 +157 +158 +160 +161 +162 +163 +164 +165 +166 +167 +168 +169 +170 +171 +172 +173 +174 +175 +176 +177 +178 +179 +180 +181 +183 +184 +185 +187 +188 +189 +190 +191 +192 +193 +194 +195 +196 +197 +198 +200 +201 +202 +203 +206 +207 +208 +212 +213 +215 +221 +222 +223 +224 +225 +226 +227 +228 +229 +230 +231 +235 +237 +238 +239 +240 +241 +242 +243 +244 +245 +246 +247 +248 +249 +250 +251 +253 +255 +256 +257 +258 +259 +260 +261 +262 +263 +264 +265 +266 +267 +268 +269 +270 +272 +273 +274 +275 +276 +277 @
>CP030834.1
+10 +11 +12 +13 +14 +15 +16 +17 +18 +31 +32 +33 +34 +35 +36 +37 +38 +39 +40 +41 +44 +45 +46 +50 +51 +52 +54 +56 +57 +58 +59 +61 +62 +63 +64 +66 +67 +68 +69 +70 +71 +72 +73 +74 +75 +77 +78 +79 +80 +81 +82 +83 +84 +85 +86 +87 +88 +89 +90 +91 +92 +94 +95 +96 +97 +98 +99 +100 +102 +103 +104 +105 +106 +107 +108 +109 +110 +112 +113 +114 +115 +116 +117 +118 +119 +120 +121 +122 +123 +124 +125 +126 +127 +128 +129 +130 +131 +132 +133 +134 +135 +136 +138 +139 +140 +141 +142 +143 +149 +150 +151 +152 +153 +154 +156 +157 +158 +160 +161 +162 +163 +164 +165 +166 +167 +168 +169 +170 +171 +172 +173 +174 +175 +176 +177 +178 +179 +180 +181 +183 +184 +185 +187 +188 +189 +190 +191 +192 +193 +194 +195 +196 +197 +198 +200 +201 +202 +203 +206 +207 +208 +212 +213 +215 +221 +222 +223 +224 +225 +226 +227 +228 +229 +230 +231 +235 +237 +238 +239 +240 +241 +242 +243 +244 +245 +246 +247 +248 +249 +250 +251 +253 +255 +256 +257 +258 +259 +260 +261 +262 +263 +264 +265 +266 +267 +268 +269 +270 +271 +272 +273 +274 +275 +276 +277 +1 +2 +3 +4 +5 +6 +9 @
>FM211688.1
+1 +2 +3 +4 +5 +6 +9 +10 +12 +13 +14 +15 +16 +17 +18 +31 +32 +33 +34 +36 +37 +38 +39 +41 +44 +45 +46 +51 +52 +54 +56 +57 +58 +59 +61 +62 +63 +64 +66 +67 +68 +69 +70 +71 +72 +73 +74 +75 +77 +78 +79 +80 +81 +82 +83 +84 +85 +86 +87 +89 +90 +91 +92 +94 +95 +96 +97 +98 +99 +100 +102 +103 +104 +105 +106 +107 +108 +109 +110 +112 +113 +114 +117 +119 +120 +121 +122 +123 +124 +125 +126 +128 +129 +130 +131 +132 +133 +136 +138 +139 +141 +142 +143 +149 +150 +151 +152 +153 +154 +156 +157 +158 +160 +161 +162 +163 +164 +165 +166 +167 +168 +169 +170 +171 +172 +173 +174 +175 +176 +177 +178 +179 +180 +181 +183 +184 +185 +187 +188 +189 +190 +191 +192 +194 +195 +196 +197 +198 +200 +201 +202 +203 +206 +207 +208 +212 +213 +215 +221 +222 +223 +224 +225 +226 +227 +228 +229 +230 +231 +235 +237 +238 +239 +240 +241 +242 +243 +244 +245 +246 +247 +248 +249 +250 +251 +253 +255 +256 +257 +258 +259 +260 +261 +262 +263 +264 +265 +266 +268 +269 +270 +271 +272 +273 +274 +276 +277 @
>CP046362.1
+1 +2 +3 +4 +5 +6 +9 +10 +11 +12 +13 +14 +15 +16 +17 +18 +31 +32 +33 +34 +35 +36 +37 +38 +39 +40 +41 +44 +45 +46 +50 +51 +52 +54 +56 +57 +58 +59 +61 +62 +63 +64 +66 +67 +68 +69 +70 +71 +72 +73 +74 +75 +77 +78 +79 +80 +81 +82 +83 +84 +85 +86 +87 +88 +89 +90 +91 +92 +94 +95 +96 +97 +98 +99 +100 +102 +103 +104 +105 +106 +107 +108 +109 +110 +112 +113 +114 +115 +116 +117 +118 +119 +120 +121 +122 +123 +124 +125 +126 +127 +128 +129 +130 +131 +132 +133 +134 +135 +136 +138 +139 +140 +141 +142 +143 +149 +150 +151 +152 +153 +154 +156 +157 +158 +160 +161 +162 +163 +164 +165 +166 +167 +168 +169 +170 +171 +172 +173 +174 +175 +176 +177 +178 +179 +180 +181 +183 +184 +185 +187 +188 +189 +190 +191 +192 +193 +194 +195 +196 +197 +198 +200 +201 +202 +203 +206 +207 +208 +212 +213 +215 +221 +222 +223 +224 +225 +226 +227 +228 +229 +230 +231 +235 +237 +238 +239 +240 +241 +242 +243 +244 +245 +246 +247 +248 +249 +250 +251 +253 +255 +256 +257 +258 +259 +260 +261 +262 +263 +264 +265 +266 +267 +268 +269 +270 +271 +272 +273 +274 +275 +276 +277 @
>CP048401.1
+1 +2 +3 +4 +5 +6 +9 +10 +12 +13 +14 +15 +16 +17 +18 +31 +32 +33 +34 +36 +37 +38 +39 +41 +44 +45 +46 +51 +52 +54 +56 +57 +58 +59 +61 +62 +63 +64 +66 +67 +68 +69 +70 +71 +72 +73 +74 +75 +77 +78 +79 +80 +81 +82 +83 +84 +85 +86 +87 +89 +90 +91 +92 +94 +95 +96 +97 +98 +99 +100 +102 +103 +104 +105 +106 +107 +108 +109 +110 +112 +113 +114 +117 +119 +120 +121 +122 +123 +124 +125 +126 +128 +129 +130 +131 +132 +133 +136 +138 +139 +141 +142 +143 +149 +150 +151 +152 +153 +154 +156 +157 +158 +160 +161 +162 +163 +164 +165 +166 +167 +168 +169 +170 +171 +172 +173 +174 +175 +176 +177 +178 +179 +180 +181 +183 +184 +185 +187 +188 +189 +190 +191 +192 +194 +195 +196 +197 +198 +200 +201 +202 +203 +206 +207 +208 +212 +213 +215 +221 +222 +223 +224 +225 +226 +227 +228 +229 +230 +231 +235 +237 +238 +239 +240 +241 +242 +243 +244 +245 +246 +247 +248 +249 +250 +251 +253 +255 +256 +257 +258 +259 +260 +261 +262 +263 +264 +265 +266 +268 +269 +270 +271 +272 +273 +274 +276 +277 @
>CP041213.1
+1 +2 +3 +4 +5 +6 +9 +10 +11 +12 +13 +14 +15 +16 +17 +18 +31 +32 +33 +34 +35 +36 +37 +38 +39 +40 +41 +44 +45 +46 +50 +51 +52 +54 +56 +57 +58 +59 +61 +62 +63 +64 +66 +67 +68 +69 +70 +71 +72 +73 +74 +75 +77 +78 +79 +80 +81 +82 +83 +84 +85 +86 +87 +88 +89 +90 +91 +92 +94 +95 +96 +97 +98 +99 +100 +102 +103 +104 +105 +106 +107 +108 +109 +110 +112 +113 +114 +115 +116 +117 +118 +119 +120 +121 +122 +123 +124 +125 +126 +127 +128 +129 +130 +131 +132 +133 +134 +135 +136 +138 +139 +140 +141 +142 +143 +149 +150 +151 +152 +153 +154 +156 +157 +158 +160 +161 +162 +163 +164 +165 +166 +167 +168 +169 +170 +171 +172 +173 +174 +175 +176 +177 +178 +179 +180 +181 +183 +184 +185 +187 +188 +189 +190 +191 +192 +193 +194 +195 +196 +197 +198 +200 +201 +202 +203 +206 +207 +208 +212 +213 +215 +221 +222 +223 +224 +225 +226 +227 +228 +229 +230 +231 +235 +237 +238 +239 +240 +241 +242 +243 +244 +245 +246 +247 +248 +249 +250 +251 +253 +255 +256 +257 +258 +259 +260 +261 +262 +263 +264 +265 +266 +267 +268 +269 +270 +271 +272 +273 +274 +275 +276 +277 @
>CP013722.1
-172 -171 -170 -169 -168 -167 -166 -165 -164 -163 -162 -161 -160 -158 -157 -156 -154 -153 -152 -151 -150 -149 -143 -142 -141 -140 -139 -138 -136 -135 -134 -133 -132 -131 -130 -129 -128 -127 -126 -125 -124 -123 -122 -121 -120 -119 -118 -117 -116 -115 -114 -113 -112 -110 -109 -108 -107 -106 -105 -104 -103 -102 -100 -99 -98 -97 -96 -95 -94 -92 -91 -90 -89 -88 -87 -86 -85 -84 -83 -82 -81 -80 -79 -78 -77 -75 -74 -73 -72 -71 -70 -69 -68 -67 -66 -64 -63 -62 -61 -59 -58 -57 -56 -54 -52 -51 -50 -46 -45 -44 -41 -40 -39 -38 -37 -36 -35 -34 -33 -32 -31 -18 -17 -16 -15 -14 -13 -12 -11 -10 -9 -6 -5 -4 -3 -2 -1 -277 -276 -275 -274 -273 -272 -271 -270 -269 -268 -267 -266 -265 -264 -263 -262 -261 -260 -259 -258 -257 -256 -255 -253 -251 -250 -249 -248 -247 -246 -245 -244 -243 -242 -241 -240 -239 -238 -237 -235 -231 -230 -229 -228 -227 -226 -225 -224 -223 -222 -221 -215 -213 -212 -208 -207 -206 -203 -202 -201 -200 -198 -197 -196 -195 -194 -193 -192 -191 -190 -189 -188 -187 -185 -184 -183 -181 -180 -179 -178 -177 -176 -175 -174 -173 @
>CP030810.1
+31 +32 +33 +34 +35 +36 +37 +38 +39 +40 +41 +44 +45 +46 +50 +51 +52 +54 +56 +57 +58 +59 +61 +62 +63 +64 +66 +67 +68 +69 +70 +71 +72 +73 +74 +75 +77 +78 +79 +80 +81 +82 +83 +84 +85 +86 +87 +88 +89 +90 +91 +92 +94 +95 +96 +97 +98 +99 +100 +102 +103 +104 +105 +106 +107 +108 +109 +110 +112 +113 +114 +115 +116 +117 +118 +119 +120 +121 +122 +123 +124 +125 +126 +127 +128 +129 +130 +131 +132 +133 +134 +135 +136 +138 +139 +140 +141 +142 +143 +149 +150 +151 +152 +153 +154 +156 +157 +158 +160 +161 +162 +163 +164 +165 +166 +167 +168 +169 +170 +171 +172 +173 +174 +175 +176 +177 +178 +179 +180 +181 +183 +184 +185 +187 +188 +189 +190 +191 +192 +193 +194 +195 +196 +197 +198 +200 +201 +202 +203 +206 +207 +208 +212 +213 +215 +221 +222 +223 +224 +225 +226 +227 +228 +229 +230 +231 +235 +237 +238 +239 +240 +241 +242 +243 +244 +245 +246 +247 +248 +249 +250 +251 +253 +255 +256 +257 +258 +259 +260 +261 +262 +263 +264 +265 +266 +267 +268 +269 +270 +271 +272 +273 +274 +275 +276 +277 +1 +2 +3 +4 +5 +6 +9 +10 +11 +12 +13 +14 +15 +16 +17 +18 @
>CP009242.1
+1 +2 +3 +4 +5 +6 +9 +10 +12 +13 +14 +15 +16 +17 +18 +31 +32 +33 +34 +36 +37 +38 +39 +41 +44 +45 +46 +51 +52 +54 +56 +57 +58 +59 +61 +62 +63 +64 +66 +67 +68 +69 +70 +71 +72 +73 +74 +75 +77 +78 +79 +80 +81 +82 +83 +84 +85 +86 +87 +89 +90 +91 +92 +94 +95 +96 +97 +98 +99 +100 +102 +103 +104 +105 +106 +107 +108 +109 +110 +112 +113 +114 +117 +119 +120 +121 +122 +123 +124 +125 +126 +128 +129 +130 +131 +132 +133 +136 +138 +139 +141 +142 +143 +149 +150 +151 +152 +153 +154 +156 +157 +158 +160 +161 +162 +163 +164 +165 +166 +167 +168 +169 +170 +171 +172 +173 +174 +175 +176 +177 +178 +179 +180 +181 +183 +184 +185 +187 +188 +189 +190 +191 +192 +194 +195 +196 +197 +198 +200 +201 +202 +203 +206 +207 +208 +212 +213 +215 +221 +222 +223 +224 +225 +226 +227 +228 +229 +230 +231 +235 +237 +238 +239 +240 +241 +242 +243 +244 +245 +246 +247 +248 +249 +250 +251 +253 +255 +256 +257 +258 +259 +260 +261 +262 +263 +264 +265 +266 +268 +269 +270 +271 +272 +273 +274 +276 +277 @
>FR733646.1
+1 +2 +3 +4 +5 +6 +9 +10 +11 +12 +13 +14 +15 +16 +17 +18 +31 +32 +33 +34 +35 +36 +37 +38 +39 +40 +41 +44 +45 +46 +50 +51 +52 +54 +56 +57 +58 +59 +61 +62 +63 +64 +66 +67 +68 +69 +70 +71 +72 +73 +74 +75 +77 +78 +79 +80 +81 +82 +83 +84 +85 +86 +87 +88 +89 +90 +91 +92 +94 +95 +96 +97 +98 +99 +100 +102 +103 +104 +105 +106 +107 +108 +109 +110 +112 +113 +114 +115 +116 +117 +118 +119 +120 +121 +122 +123 +124 +125 +126 +127 +128 +129 +130 +131 +132 +133 +134 +135 +136 +138 +139 +140 +141 +142 +143 +149 +150 +151 +152 +153 +154 +156 +157 +158 +160 +161 +162 +163 +164 +165 +166 +167 +168 +169 +170 +171 +172 +173 +174 +175 +176 +177 +178 +179 +180 +181 +183 +184 +185 +187 +188 +189 +190 +191 +192 +193 +194 +195 +196 +197 +198 +200 +201 +202 +203 +206 +207 +208 +212 +213 +215 +221 +222 +223 +224 +225 +226 +227 +228 +229 +230 +231 +235 +237 +238 +239 +240 +241 +242 +243 +244 +245 +246 +247 +248 +249 +250 +251 +253 +255 +256 +257 +258 +259 +260 +261 +262 +263 +264 +265 +266 +267 +268 +269 +270 +271 +272 +273 +274 +275 +276 +277 @
>CP045969.1
+1 +2 +3 +4 +5 +6 +9 +10 +11 +12 +13 +14 +15 +16 +17 +18 +31 +32 +33 +34 +35 +36 +37 +38 +39 +40 +41 +44 +45 +46 +50 +51 +52 +56 +57 +58 +59 +61 +62 +63 +64 +66 +67 +68 +69 +70 +71 +72 +73 +74 +75 +77 +78 +79 +80 +81 +82 +83 +84 +85 +86 +87 +88 +89 +90 +91 +92 +94 +95 +96 +97 +98 +99 +100 +102 +103 +104 +105 +106 +107 +108 +109 +110 +112 +113 +114 +115 +116 +117 +118 +119 +120 +121 +122 +123 +124 +125 +126 +127 +128 +129 +130 +131 +132 +133 +134 +135 +136 +138 +139 +140 +141 +142 +143 +149 +150 +151 +152 +153 +154 +156 +157 +158 +160 +161 +162 +163 +164 +165 +166 +167 +168 +169 +170 +171 +172 +173 +174 +175 +176 +177 +178 +179 +180 +181 +183 +184 +185 +187 +188 +189 +190 +191 +192 +193 +194 +195 +196 +197 +198 +200 +201 +202 +203 +206 +207 +208 +212 +213 +215 +221 +222 +223 +224 +225 +226 +227 +228 +229 +230 +231 +235 +237 +238 +239 +240 +241 +242 +243 +244 +245 +246 +247 +248 +249 +250 +251 +253 +255 +256 +257 +258 +259 +260 +261 +262 +263 +264 +265 +266 +267 +268 +269 +270 +272 +273 +274 +275 +276 +277 @
>CP030809.1
+10 +11 +12 +13 +14 +15 +16 +17 +18 +31 +32 +33 +34 +35 +36 +37 +38 +39 +40 +41 +44 +45 +46 +50 +51 +52 +54 +56 +57 +58 +59 +61 +62 +63 +64 +66 +67 +68 +69 +70 +71 +72 +73 +74 +75 +77 +78 +79 +80 +81 +82 +83 +84 +85 +86 +87 +88 +89 +90 +91 +92 +94 +95 +96 +97 +98 +99 +100 +102 +103 +104 +105 +106 +107 +108 +109 +110 +112 +113 +114 +115 +116 +117 +118 +119 +120 +121 +122 +123 +124 +125 +126 +127 +128 +129 +130 +131 +132 +133 +134 +135 +136 +138 +139 +140 +141 +142 +143 +149 +150 +151 +152 +153 +154 +156 +157 +158 +160 +161 +162 +163 +164 +165 +166 +167 +168 +169 +170 +171 +172 +173 +174 +175 +176 +177 +178 +179 +180 +181 +183 +184 +185 +187 +188 +189 +190 +191 +192 +193 +194 +195 +196 +197 +198 +200 +201 +202 +203 +206 +207 +208 +212 +213 +215 +221 +222 +223 +224 +225 +226 +227 +228 +229 +230 +231 +235 +237 +238 +239 +240 +241 +242 +243 +244 +245 +246 +247 +248 +249 +250 +251 +253 +255 +256 +257 +258 +259 +260 +261 +262 +263 +264 +265 +266 +267 +268 +269 +270 +271 +272 +273 +274 +275 +276 +277 +1 +2 +3 +4 +5 +6 +9 @
>FR720325.1
+1 +2 +3 +4 +5 +6 +9 +10 +11 +12 +13 +14 +15 +16 +17 +18 +31 +32 +33 +34 +35 +36 +37 +38 +39 +40 +41 +44 +45 +46 +50 +51 +52 +54 +56 +57 +58 +59 +61 +62 +63 +64 +66 +67 +68 +69 +70 +71 +72 +73 +74 +75 +77 +78 +79 +80 +81 +82 +83 +84 +85 +86 +87 +88 +89 +90 +91 +92 +94 +95 +96 +97 +98 +99 +100 +102 +103 +104 +105 +106 +107 +108 +109 +110 +112 +113 +114 +115 +116 +117 +118 +119 +120 +121 +122 +123 +124 +125 +126 +127 +128 +129 +130 +131 +132 +133 +134 +135 +136 +138 +139 +140 +141 +142 +143 +149 +150 +151 +152 +153 +154 +156 +157 +158 +160 +161 +162 +163 +164 +165 +166 +167 +168 +169 +170 +171 +172 +173 +174 +175 +176 +177 +178 +179 +180 +181 +183 +184 +185 +187 +188 +189 +190 +191 +192 +193 +194 +195 +196 +197 +198 +200 +201 +202 +203 +206 +207 +208 +212 +213 +215 +221 +222 +223 +224 +225 +226 +227 +228 +229 +230 +231 +235 +237 +238 +239 +240 +241 +242 +243 +244 +245 +246 +247 +248 +249 +250 +251 +253 +255 +256 +257 +258 +259 +260 +261 +262 +263 +264 +265 +266 +267 +268 +269 +270 +271 +272 +273 +274 +275 +276 +277 @
>CP006591.1
+81 +82 +83 +84 +85 +86 +87 +88 +89 +90 +91 +92 +94 +95 +96 +97 +98 +99 +100 +102 +103 +104 +105 +106 +107 +108 +109 +110 +112 +113 +114 +115 +116 +117 +118 +119 +120 +121 +122 +123 +124 +125 +126 +127 +128 +129 +130 +131 +132 +133 +134 +135 +136 +138 +139 +140 +141 +142 +143 +149 +150 +151 +152 +153 +154 +156 +157 +158 +160 +161 +162 +163 +164 +165 +166 +167 +168 +169 +170 +171 +172 +173 +174 +175 +176 +177 +178 +179 +180 +181 +183 +184 +185 +187 +188 +189 +190 +191 +192 +193 +194 +195 +196 +197 +198 +200 +201 +202 +203 +206 +207 +208 +212 +213 +215 +221 +222 +223 +224 +225 +226 +227 +228 +229 +230 +231 +235 +237 +238 +239 +240 +241 +242 +243 +244 +245 +246 +247 +248 +249 +250 +251 +253 +255 +256 +257 +258 +259 +260 +261 +262 +263 +264 +265 +266 +267 +268 +269 +270 +272 +273 +274 +275 +276 +277 +1 +2 +3 +4 +5 +6 +9 +10 +11 +12 +13 +14 +15 +16 +17 +18 +31 +32 +33 +34 +35 +36 +37 +38 +39 +40 +41 +44 +45 +46 +50 +51 +52 +56 +57 +58 +59 +61 +62 +63 +64 +66 +67 +68 +69 +70 +71 +72 +73 +74 +75 +77 +78 +79 +80 @
>CP020827.1
+1 +2 +3 +4 +5 +6 +9 +10 +11 +12 +13 +14 +15 +16 +17 +18 +31 +32 +33 +34 +35 +36 +37 +38 +39 +40 +41 +44 +45 +46 +50 +51 +52 +56 +57 +58 +59 +61 +62 +63 +64 +66 +67 +68 +69 +70 +71 +72 +73 +74 +75 +77 +78 +79 +80 +81 +82 +83 +84 +85 +86 +87 +88 +89 +90 +91 +92 +94 +95 +96 +97 +98 +99 +100 +102 +103 +104 +105 +106 +107 +108 +109 +110 +112 +113 +114 +115 +116 +117 +118 +119 +120 +121 +122 +123 +124 +125 +126 +127 +128 +129 +130 +131 +132 +133 +134 +135 +136 +138 +139 +140 +141 +142 +143 +149 +150 +151 +152 +153 +154 +156 +157 +158 +160 +161 +162 +163 +164 +165 +166 +167 +168 +169 +170 +171 +172 +173 +174 +175 +176 +177 +178 +179 +180 +181 +183 +184 +185 +187 +188 +189 +190 +191 +192 +193 +194 +195 +196 +197 +198 +200 +201 +202 +203 +206 +207 +208 +212 +213 +215 +221 +222 +223 +224 +225 +226 +227 +228 +229 +230 +231 +235 +237 +238 +239 +240 +241 +242 +243 +244 +245 +246 +247 +248 +249 +250 +251 +253 +255 +256 +257 +258 +259 +260 +261 +262 +263 +264 +265 +266 +267 +268 +269 +270 +272 +273 +274 +275 +276 +277 @
>CM003382.1
+1 +2 +3 +4 +5 +6 +9 +10 +11 +12 +13 +14 +15 +16 +17 +18 +31 +32 +33 +34 +35 +36 +37 +38 +39 +40 +41 +44 +45 +46 +50 +51 +52 +54 +56 +57 +58 +59 +61 +62 +63 +64 +66 +67 +68 +69 +70 +71 +72 +73 +74 +75 +77 +78 +79 +80 +81 +82 +83 +84 +85 +86 +87 +88 +89 +90 +91 +92 +94 +95 +96 +97 +98 +99 +100 +102 +103 +104 +105 +106 +107 +108 +109 +110 +112 +113 +114 +115 +116 +117 +118 +119 +120 +121 +122 +123 +124 +125 +126 +127 +128 +129 +130 +131 +132 +133 +134 +135 +136 +138 +139 +140 +141 +142 +143 +149 +150 +151 +152 +153 +154 +156 +157 +158 +160 +161 +162 +163 +164 +165 +166 +167 +168 +169 +170 +171 +172 +173 +174 +175 +176 +177 +178 +179 +180 +181 +183 +184 +185 +187 +188 +189 +190 +191 +192 +193 +194 +229 +230 +231 +195 +196 +197 +198 +200 +201 +202 +203 +206 +207 +208 +212 +213 +215 +221 +222 +223 +224 +225 +226 +227 +228 +235 +237 +238 +239 +240 +241 +242 +243 +244 +245 +246 +247 +248 +249 +250 +251 +253 +255 +256 +257 +258 +259 +260 +261 +262 +263 +264 +265 +266 +267 +268 +269 +270 +271 +272 +273 +274 +275 +276 +277 @
>CP033737.1
-5 -4 -3 -2 -1 -277 -276 -275 -274 -273 -272 -271 -270 -269 -268 -267 -266 -265 -264 -263 -262 -261 -260 -259 -258 -257 -256 -255 -253 -251 -250 -249 -248 -247 -246 -245 -244 -243 -242 -241 -240 -239 -238 -237 -235 -231 -230 -229 -228 -227 -226 -225 -224 -223 -222 -221 -215 -213 -212 -208 -207 -206 -203 -202 -201 -200 -198 -197 -196 -195 -194 -193 -192 -191 -190 -189 -188 -187 -185 -184 -183 -181 -180 -179 -178 -177 -176 -175 -174 -173 -172 -171 -170 -169 -168 -167 -166 -165 -164 -163 -162 -161 -160 -158 -157 -156 -154 -153 -152 -151 -150 -149 -143 -142 -141 -140 -139 -138 -136 -135 -134 -133 -132 -131 -130 -129 -128 -127 -126 -125 -124 -123 -122 -121 -120 -119 -118 -117 -116 -115 -114 -113 -112 -110 -109 -108 -107 -106 -105 -104 -103 -102 -100 -99 -98 -97 -96 -95 -94 -92 -91 -90 -89 -88 -87 -86 -85 -84 -83 -82 -81 -80 -79 -78 -77 -75 -74 -73 -72 -71 -70 -69 -68 -67 -66 -64 -63 -62 -61 -59 -58 -57 -56 -52 -51 -50 -46 -45 -44 -41 -40 -39 -38 -37 -36 -35 -34 -32 -31 -18 -17 -16 -15 -14 -13 -12 -11 -10 -9 -6 @
>CP032671.1
+1 +2 +3 +4 +5 +6 +9 +10 +11 +12 +13 +14 +15 +16 +17 +18 +31 +32 +33 +34 +35 +36 +37 +38 +39 +40 +41 +44 +45 +46 +50 +51 +52 +54 +56 +57 +58 +59 +61 +62 +63 +64 +66 +67 +68 +69 +70 +71 +72 +73 +74 +75 +77 +78 +79 +80 +81 +82 +83 +84 +85 +86 +87 +88 +89 +90 +91 +92 +94 +95 +96 +97 +98 +99 +100 +102 +103 +104 +105 +106 +107 +108 +109 +110 +112 +113 +114 +115 +116 +117 +118 +119 +120 +121 +122 +123 +124 +125 +126 +127 +128 +129 +130 +131 +132 +133 +134 +135 +136 +138 +139 +140 +141 +142 +143 +149 +150 +151 +152 +153 +154 +156 +157 +158 +160 +161 +162 +163 +164 +165 +166 +167 +168 +169 +170 +171 +172 +173 +174 +175 +176 +177 +178 +179 +180 +181 +183 +184 +185 +187 +188 +189 +190 +191 +192 +193 +194 +195 +196 +197 +198 +200 +201 +202 +203 +206 +207 +208 +212 +213 +215 +221 +222 +223 +224 +225 +226 +227 +228 +229 +230 +231 +235 +237 +238 +239 +240 +241 +242 +243 +244 +245 +246 +247 +248 +249 +250 +251 +253 +255 +256 +257 +258 +259 +260 +261 +262 +263 +264 +265 +266 +267 +268 +269 +270 +271 +272 +273 +274 +275 +276 +277 @
>LT985476.1
+1 +2 +3 +4 +5 +6 +9 +10 +11 +12 +13 +14 +15 +16 +17 +18 +31 +32 +33 +34 +35 +36 +37 +38 +39 +40 +41 +44 +45 +46 +50 +51 +52 +54 +56 +57 +58 +59 +61 +62 +63 +64 +66 +67 +68 +69 +70 +71 +72 +73 +74 +75 +77 +78 +79 +80 +81 +82 +83 +84 +85 +86 +87 +88 +89 +90 +91 +92 +94 +95 +96 +97 +98 +99 +100 +102 +103 +104 +105 +106 +107 +108 +109 +110 +112 +113 +114 +115 +116 +117 +118 +119 +120 +121 +122 +123 +124 +125 +126 +127 +128 +129 +130 +131 +132 +133 +134 +135 +136 +138 +139 +140 +141 +142 +143 +149 +150 +151 +152 +153 +154 +156 +157 +158 +160 +161 +162 +163 +164 +165 +166 +167 +168 +169 +170 +171 +172 +173 +174 +175 +176 +177 +178 +179 +180 +181 +183 +184 +185 +187 +188 +189 +190 +191 +192 +193 +194 +195 +196 +197 +198 +200 +201 +202 +203 +206 +207 +208 +212 +213 +215 +221 +222 +223 +224 +225 +226 +227 +228 +229 +230 +231 +235 +237 +238 +239 +240 +241 +242 +243 +244 +245 +246 +247 +248 +249 +250 +251 +253 +255 +256 +257 +258 +259 +260 +261 +262 +263 +264 +265 +266 +267 +268 +269 +270 +271 +272 +273 +274 +275 +276 +277 @
>CP045970.1
+1 +2 +3 +4 +5 +6 +9 +10 +11 +12 +13 +14 +15 +16 +17 +18 +31 +32 +33 +34 +35 +36 +37 +38 +39 +40 +41 +44 +45 +46 +50 +51 +52 +54 +56 +57 +58 +59 +61 +62 +63 +64 +66 +67 +68 +69 +70 +71 +72 +73 +74 +75 +77 +78 +79 +80 +81 +82 +83 +84 +85 +86 +87 +88 +89 +90 +91 +92 +94 +95 +96 +97 +98 +99 +100 +102 +103 +104 +105 +106 +107 +108 +109 +110 +112 +113 +114 +115 +116 +117 +119 +120 +121 +122 +123 +124 +125 +126 +127 +128 +129 +130 +131 +132 +133 +134 +135 +136 +138 +139 +140 +141 +142 +143 +149 +150 +151 +152 +153 +154 +156 +157 +158 +160 +161 +162 +163 +164 +165 +166 +167 +168 +169 +170 +171 +172 +173 +174 +175 +176 +177 +178 +179 +180 +181 +183 +184 +185 +187 +188 +189 +190 +191 +192 +193 +194 +195 +196 +197 +198 +200 +201 +202 +203 +206 +207 +208 +212 +213 +215 +221 +222 +223 +224 +225 +226 +227 +228 +229 +230 +231 +235 +237 +238 +239 +240 +241 +242 +243 +244 +245 +246 +247 +248 +249 +250 +251 +253 +255 +256 +257 +258 +259 +260 +261 +262 +263 +264 +265 +266 +267 +268 +269 +270 +271 +272 +273 +274 +275 +276 +277 @
>CP002004.1
+1 +2 +3 +4 +5 +6 +9 +10 +11 +12 +13 +14 +15 +16 +17 +18 +31 +32 +33 +34 +35 +36 +37 +38 +39 +40 +41 +44 +45 +46 +50 +51 +52 +56 +57 +58 +59 +61 +62 +63 +64 +66 +67 +68 +69 +70 +71 +72 +73 +74 +75 +77 +78 +79 +80 +81 +82 +83 +84 +85 +86 +87 +88 +89 +90 +91 +92 +94 +95 +96 +97 +98 +99 +100 +102 +103 +104 +105 +106 +107 +108 +109 +110 +112 +113 +114 +115 +116 +117 +118 +119 +120 +121 +122 +123 +124 +125 +126 +127 +128 +129 +130 +131 +132 +133 +134 +135 +136 +138 +139 +140 +141 +142 +143 +149 +150 +151 +152 +153 +154 +156 +157 +158 +160 +161 +162 +163 +164 +165 +166 +167 +168 +169 +170 +171 +172 +173 +174 +175 +176 +177 +178 +179 +180 +181 +183 +184 +185 +187 +188 +189 +190 +191 +192 +193 +194 +195 +196 +197 +198 +200 +201 +202 +203 +206 +207 +208 +212 +213 +215 +221 +222 +223 +224 +225 +226 +227 +228 +229 +230 +231 +235 +237 +238 +239 +240 +241 +242 +243 +244 +245 +246 +247 +248 +249 +250 +251 +253 +255 +256 +257 +258 +259 +260 +261 +262 +263 +264 +265 +266 +267 +268 +269 +270 +272 +273 +274 +275 +276 +277 @
>CP002816.1
+1 +2 +3 +4 +5 +6 +9 +10 +12 +13 +14 +15 +16 +17 +18 +31 +32 +33 +34 +36 +37 +38 +39 +41 +44 +45 +46 +51 +52 +54 +56 +57 +58 +59 +61 +62 +63 +64 +66 +67 +68 +69 +70 +71 +72 +73 +74 +75 +77 +78 +79 +80 +81 +82 +83 +84 +85 +86 +87 +89 +90 +91 +92 +94 +95 +96 +97 +98 +99 +100 +102 +103 +104 +105 +106 +107 +108 +109 +110 +112 +113 +114 +117 +119 +120 +121 +122 +123 +124 +125 +126 +128 +129 +130 +131 +132 +133 +136 +138 +139 +141 +142 +143 +149 +150 +151 +152 +153 +154 +156 +157 +158 +160 +161 +162 +163 +164 +165 +166 +167 +168 +169 +170 +171 +172 +173 +174 +175 +176 +177 +178 +179 +180 +181 +183 +184 +185 +187 +188 +189 +190 +191 +192 +194 +195 +196 +197 +198 +200 +201 +202 +203 +206 +207 +208 +212 +213 +215 +221 +222 +223 +224 +225 +226 +227 +228 +229 +230 +231 +235 +237 +238 +239 +240 +241 +242 +243 +244 +245 +246 +247 +248 +249 +250 +251 +253 +255 +256 +257 +258 +259 +260 +261 +262 +263 +264 +265 +266 +268 +269 +270 +271 +272 +273 +274 +276 +277 @
>CP025560.1
+1 +2 +3 +4 +5 +6 +9 +10 +11 +12 +13 +14 +15 +16 +17 +18 +31 +32 +33 +34 +35 +36 +37 +38 +39 +40 +41 +44 +45 +46 +50 +51 +52 +54 +56 +57 +58 +59 +61 +62 +63 +64 +66 +67 +68 +69 +70 +71 +72 +73 +74 +75 +77 +78 +79 +80 +81 +82 +83 +84 +85 +86 +87 +88 +89 +90 +91 +92 +94 +95 +96 +97 +98 +99 +100 +102 +103 +104 +105 +106 +107 +108 +109 +110 +112 +113 +114 +115 +116 +117 +118 +119 +120 +121 +122 +123 +124 +125 +126 +127 +128 +129 +130 +131 +132 +133 +134 +135 +136 +138 +139 +140 +141 +142 +143 +149 +150 +151 +152 +153 +154 +156 +157 +158 +160 +161 +162 +163 +164 +165 +166 +167 +168 +169 +170 +171 +172 +173 +174 +175 +176 +177 +178 +179 +180 +181 +183 +184 +185 +187 +188 +189 +190 +191 +192 +193 +194 +195 +196 +197 +198 +200 +201 +202 +203 +206 +207 +208 +212 +213 +215 +221 +222 +223 +224 +225 +226 +227 +228 +229 +230 +231 +235 +237 +238 +239 +240 +241 +242 +243 +244 +245 +246 +247 +248 +249 +250 +251 +253 +255 +256 +257 +258 +259 +260 +261 +262 +263 +264 +265 +266 +267 +268 +269 +270 +271 +272 +273 +274 +275 +276 +277 @
>CP027029.1
+31 +32 +33 +34 +35 +36 +37 +38 +39 +40 +41 +44 +45 +46 +50 +51 +52 +56 +57 +58 +59 +61 +62 +63 +64 +66 +67 +68 +69 +70 +71 +72 +73 +74 +75 +77 +78 +79 +80 +81 +82 +83 +84 +85 +86 +87 +88 +89 +90 +91 +92 +94 +95 +96 +97 +98 +99 +100 +102 +103 +104 +105 +106 +107 +108 +109 +110 +112 +113 +114 +115 +116 +117 +118 +119 +120 +121 +122 +123 +124 +125 +126 +127 +128 +129 +130 +131 +132 +133 +134 +135 +136 +138 +139 +140 +141 +142 +143 +149 +150 +151 +152 +153 +154 +156 +157 +158 +160 +161 +162 +163 +164 +165 +166 +167 +168 +169 +170 +171 +172 +173 +174 +175 +176 +177 +178 +179 +180 +181 +183 +184 +185 +187 +188 +189 +190 +191 +192 +193 +194 +195 +196 +197 +198 +200 +201 +202 +203 +206 +207 +208 +212 +213 +215 +229 +230 +231 +235 +237 +238 +239 +240 +241 +242 +243 +244 +245 +246 +247 +248 +249 +250 +251 +253 +255 +256 +257 +258 +259 +260 +261 +262 +263 +264 +265 +266 +267 +268 +269 +270 +272 +273 +274 +275 +276 +277 +1 +2 +3 +4 +5 +6 +9 +10 +11 +12 +13 +14 +15 +16 +17 +18 +221 +222 +223 +224 +225 +226 +227 +228 @
>CP019623.1
+1 +2 +3 +4 +5 +6 +9 +10 +11 +12 +13 +14 +15 +16 +17 +18 +31 +32 +33 +34 +35 +36 +37 +38 +39 +40 +41 +44 +45 +46 +50 +51 +52 +54 +56 +57 +58 +59 +61 +62 +63 +64 +66 +67 +68 +69 +70 +71 +72 +73 +74 +75 +77 +78 +79 +80 +81 +82 +83 +84 +85 +86 +87 +88 +89 +90 +91 +92 +94 +95 +96 +97 +98 +99 +100 +102 +103 +104 +105 +106 +107 +108 +109 +110 +112 +113 +114 +115 +116 +117 +118 +119 +120 +121 +122 +123 +124 +125 +126 +127 +128 +129 +130 +131 +132 +133 +134 +135 +136 +138 +139 +140 +141 +142 +143 +149 +150 +151 +152 +153 +154 +156 +157 +158 +160 +161 +162 +163 +164 +165 +166 +167 +168 +169 +170 +171 +172 +173 +174 +175 +176 +177 +178 +179 +180 +181 +183 +184 +185 +187 +188 +189 +190 +191 +192 +193 +194 +195 +196 +197 +198 +200 +201 +202 +203 +206 +207 +208 +212 +213 +215 +221 +222 +223 +224 +225 +226 +227 +228 +229 +230 +231 +235 +237 +238 +239 +240 +241 +242 +243 +244 +245 +246 +247 +248 +249 +250 +251 +253 +255 +256 +257 +258 +259 +260 +261 +262 +263 +264 +265 +266 +267 +268 +269 +270 +271 +272 +273 +274 +275 +276 +277 @
