>CP065432_1
+1 +2 +3 +4 +5 +6 +7 +8 +9 +10 +11 +12 +13 +14 +15 +16 +17 +18 +19 +20 +21 +22 +23 +24 +25 +26 +27 +2 +28 +29 +2 +30 +31 +32 +33 +34 +35 +36 +37 +38 +39 +40 +41 +42 +43 +44 +45 +46 +47 +48 +49 +50 +51 +52 +53 +54 +55 +56 +57 +58 +59 +60 +61 +62 +63 +64 +65 +66 +67 +68 +69 +70 +71 +72 +73 +74 +75 +76 +77 +78 +79 +80 +81 +82 +83 +84 +85 +86 +87 +88 +89 +90 +91 +92 +93 +94 +95 +96 +97 +98 +99 +100 +101 +102 +103 +104 +105 +106 +107 +108 +109 +110 +111 +112 +113 +114 +115 +116 +117 +118 +119 +120 +121 +122 +123 +124 +125 +126 +127 +128 +129 +130 +131 +132 +133 +134 +135 +136 +137 +138 +139 +140 +141 +142 +143 +144 +145 +146 +147 +148 +149 +150 +151 +152 +153 +154 +155 +156 +157 +158 +159 +160 +161 +162 +163 +164 +165 +166 -2 +167 +168 +169 +170 +171 +172 +173 +174 +175 +176 +177 +178 +179 +180 +181 +182 +183 +184 +185 +186 +187 +188 +189 +190 -2 +191 +192 +193 +194 +195 +196 +197 +198 +199 -2 +200 +201
>CP015121_1
+1 +2 +3 +4 +5 +6 +7 +8 +9 +10 +11 +12 +13 +14 +202 +15 +16 +17 +18 +19 +203 +21 +22 +23 +24 +25 +26 +27 +2 +28 +29 +2 +30 +31 +32 +34 +35 +36 +37 +38 +39 +40 +41 +42 +43 +44 +45 +46 +47 +48 +49 +50 +51 +52 +53 +54 +55 +56 +57 +58 +59 +60 +61 +62 +63 +64 +65 +66 +67 +68 +69 +70 +71 +72 +73 +74 +75 +76 +77 +78 +79 +80 +81 +86 +87 +88 +89 +90 +91 +92 +93 +94 +95 +96 +97 +98 +99 +100 +101 +102 +103 +104 +105 +106 +107 +108 +109 +110 +111 +112 +113 +114 +115 +116 +117 +118 +119 +120 +121 +122 +123 +124 +125 +126 +127 +128 +129 +130 +131 +132 +133 -202 +134 +204 +205 +135 +136 +137 +138 +139 +140 +206 +141 +142 +143 +144 +207 +208 +145 +146 +147 +148 +149 +150 +151 +152 +153 +154 +155 +156 +157 +158 +159 +160 +161 +162 +163 +164 +165 +166 -2 +167 +168 +170 +171 +172 +173 +174 +175 +176 +177 +178 +179 +180 +181 +182 +183 +188 +189 +190 -2 +191 +192 +193 +194 +195 +196 +197 +198 +209 +186 +210 +199 -2 +200 +201
>CP033243_1
+1 +2 +3 +4 +5 +6 +7 +8 +9 +10 +11 +12 +13 +14 +15 +16 +17 +18 +19 +203 +21 +22 +23 +24 +25 +26 +27 +2 +28 +29 +2 +30 +31 +32 +34 +35 +36 +37 +38 +39 +40 +41 +42 +43 +44 +45 +46 +47 +48 +49 +50 +51 +52 +53 +54 +55 +56 +57 +58 +59 +60 +61 +62 +63 +64 +65 +66 +67 +68 +69 +70 +211 +71 +73 +74 +75 +76 +82 +83 +84 +85 +77 +78 +79 +80 +81 +86 +87 +88 +89 +90 +91 +92 +93 +97 +98 +100 +101 +102 +103 +104 +184 +185 +212 +186 +187 +105 +106 +107 +108 +109 +110 +111 +112 +113 +114 +115 +116 +117 +118 +119 +120 +121 +122 +123 +124 +126 +127 +128 +129 +130 +132 +133 +134 +135 +136 +137 +138 +139 +140 +141 +145 +146 +147 +148 +149 +150 +151 +152 +153 +154 +155 +157 +158 +159 +160 +161 +162 +163 +164 +165 +166 -2 +167 +168 +170 +171 +172 +173 +174 +175 +176 +177 +178 +179 +180 +181 +182 +183 +213 +188 +189 +190 -2 +191 +192 +193 +194 +195 +196 +197 +198 +199 -2 +200 +201
>CP027611_1
+1 +2 +3 +4 +5 +6 +7 +8 +9 +10 +11 +12 +13 +14 +15 +217 +16 +216 +17 +18 +19 +20 +21 +22 +23 +24 +25 +26 +27 +2 +28 +29 +2 +30 +31 +32 +34 +35 +36 +37 +38 +39 +40 +41 +42 +43 +44 +45 +46 +47 +48 +49 +50 +51 +52 +53 +54 +55 +56 +57 +58 +59 +60 +61 +62 +63 +64 +65 +66 +215 +214 +229 +67 +68 +69 +70 +211 +71 +73 +74 +75 +76 +82 +83 +84 +85 +77 +78 +79 +80 +81 +86 +87 +88 +228 +227 +226 +89 +90 +91 +92 +93 +94 +95 +225 +105 +104 +103 +102 +224 +101 +100 +223 +222 +221 +98 +220 +106 +107 +108 +109 +110 +111 +112 +113 +114 +115 +116 +117 +118 +119 +120 +121 +122 +123 +124 +126 +127 +128 +129 +130 +132 +133 +134 +135 +136 +137 +138 +139 +140 +141 +142 +143 +144 +219 +145 +146 +147 +148 +149 +150 +151 +152 +153 +154 +155 +157 +218 +158 +218 +158 +159 +160 +161 +162 +163 +164 +165 +166 +2 +167 +168 +170 +171 +172 +173 +174 +175 +176 +177 +178 +179 +180 +181 +182 +183 +188 +189 +190 +2 +191 +192 +193 +194 +195 +196 +198 +199 +2 +200 +201
>CP046898_1
+1 +2 +3 +4 +5 +6 +7 +8 +9 +10 +11 +12 +13 +14 +15 +16 +17 +18 +19 +203 +21 +22 +23 +24 +25 +26 +27 +2 +28 +29 +2 +30 +31 +32 +34 +35 +36 +37 +38 +39 +40 +41 +42 +43 +44 +45 +46 +47 +48 +49 +50 +51 +52 +53 +54 +55 +56 +57 +58 +59 +60 +61 +62 +63 +64 +65 +66 +67 +68 +69 +230 +70 +71 +73 +74 +75 +76 +77 +78 +79 +80 +81 +86 +87 +88 +89 +90 +91 +92 +93 +94 +95 +96 +97 +98 +100 +101 +102 +103 +104 +105 +106 +107 +108 +109 +110 +111 +112 +113 +114 +115 +116 +117 +118 +119 +120 +121 +122 +123 +124 +231 +126 +127 +128 +129 +130 +132 +133 +134 +135 +136 +137 +138 +139 +140 +141 +142 +143 +144 +145 +146 +147 +148 +149 +150 +151 +152 +153 +154 +155 +157 +158 +159 +160 +161 +162 +163 +164 +166 -2 +167 +168 +170 +171 +172 +173 +174 +175 +176 +177 +178 +179 +180 +181 +182 +183 +188 +189 +190 -2 +191 +192 +193 +194 +195 +196 +198 +199 -2 +200 +201
>CP026711_1
+1 +2 +3 +4 +5 +6 +7 +8 +9 +10 +11 +12 +13 +14 +15 +217 +16 +17 +18 +19 +20 +21 +22 +23 +24 +25 +26 +27 +2 +28 +29 +2 +30 +31 +32 +34 +35 +36 +37 +38 +39 +40 +41 +42 +43 +44 +45 +46 +47 +48 +49 +50 +51 +52 +53 +54 +55 +56 +57 +58 +59 +60 +61 +62 +63 +64 +65 +66 +215 +214 +229 +67 +68 +69 +70 +211 +71 +73 +74 +75 +76 +82 +83 +84 +85 +77 +78 +79 +80 +81 +86 +87 +88 +228 +227 +226 +89 +90 +91 +92 +93 +94 +95 +225 +105 +104 +103 +102 +224 +101 +223 +222 +221 +107 +108 +109 +110 +111 +112 +113 +114 +115 +116 +117 +118 +119 +120 +121 +122 +123 +124 +126 +127 +128 +129 +130 +132 +133 +134 +135 +136 +137 +138 +139 +140 +141 +142 +143 +144 +219 +145 +146 +147 +148 +149 +150 +151 +152 +153 +154 +155 +157 +158 +159 +160 +161 +162 +163 +164 +165 +166 +2 +167 +168 +170 +171 +172 +173 +174 +175 +176 +177 +178 +179 +180 +181 +182 +183 +188 +189 +190 +2 +191 +192 +193 +194 +195 +196 +197 +198 +199 +2 +200 +201
>CP046654_1
+1 +2 +3 +4 +5 +6 +7 +8 +9 +10 +11 +12 +13 +14 +202 +15 +16 +17 +18 +19 +203 +21 +22 +23 +24 +25 +26 +27 +2 +28 +29 +2 +30 +31 +32 +34 +35 +36 +37 +38 +39 +40 +41 +42 +43 +44 +45 +46 +47 +48 +49 +50 +51 +52 +53 +54 +55 +56 +57 +58 +59 +60 +61 +62 +63 +64 +65 +66 +67 +68 +69 +70 +71 +72 +73 +74 +75 +76 +77 +78 +79 +80 +81 +86 +87 +88 +89 +90 +91 +92 +93 +94 +95 +96 +97 +98 +99 +100 +101 +102 +103 +104 +105 +106 +107 +108 +109 +110 +111 +112 +113 +114 +115 +116 +117 +118 +119 +120 +121 +122 +123 +124 +125 +126 +127 +128 +129 +130 +131 +132 +133 +202 +134 +204 +205 +135 +136 +137 +138 +139 +140 +206 +141 +142 +143 +144 +207 +208 +145 +146 +147 +148 +149 +150 +151 +152 +153 +154 +155 +156 +157 +158 +159 +160 +161 +162 +163 +164 +165 +166 +2 +167 +168 +170 +171 +172 +173 +174 +175 +176 +177 +178 +179 +180 +181 +182 +183 +188 +189 +190 +2 +191 +192 +193 +194 +195 +196 +197 +198 +209 +186 +210 +199 +2 +200 +201
>CP047973_1
+1 +2 +3 +4 +5 +6 +7 +8 +9 +10 +11 +12 +13 +14 +15 +16 +17 +18 +19 +20 +21 +22 +23 +24 +25 +26 +27 +2 +28 +29 +2 +30 +31 +32 +34 +35 +36 +37 +38 +39 +40 +41 +42 +43 +44 +46 +47 +48 +232 +49 +50 +51 +52 +53 +54 +55 +56 +57 +58 +59 +60 +61 +62 +63 +64 +65 +66 +67 +68 +69 +70 +71 +72 +73 +74 +75 +76 +77 +78 +79 +80 +81 +83 +86 +87 +88 +89 +90 +91 +92 +93 +94 +95 +97 +98 +101 +102 +103 +104 +105 +106 +107 +108 +109 +110 +111 +112 +113 +114 +115 +116 +117 +118 +119 +120 +121 +122 +123 +124 +126 +127 +129 +130 +132 +133 +134 +135 +136 +137 +138 +139 +140 +206 +141 +142 +143 +144 +233 +234 +145 +146 +147 +148 +149 +150 +151 +152 +153 +154 +155 +157 +158 +159 +160 +161 +235 +162 +163 +164 +165 +166 -2 +167 +168 +169 +170 +236 +237 +238 +171 +172 +173 +174 +175 +239 +176 +177 +178 +179 +180 +181 +182 +183 +188 +189 +190 -2 +191 +192 +193 +194 +195 +196 +198 +199 -2 +200 +201
>CP051862_1
+1 +2 -199 -198 -196 -195 -194 -192 -191 +2 -190 -189 -188 -183 -182 -181 -180 -179 -178 -177 -176 -175 -174 -173 -172 -171 +240 +241 -170 -169 -168 -167 +2 -166 -164 -163 -162 -161 -160 -159 -158 -157 -154 -153 -152 -151 -150 -149 -148 -147 -146 -145 -144 -143 -142 -140 -139 -138 -137 -136 -135 -134 -133 -132 -127 -126 +242 -123 -121 -120 -119 -118 -117 -116 -115 -114 -113 -112 -111 -110 -109 -108 -107 -106 -105 -104 -103 -102 -101 +243 -236 -98 +244 -97 +245 -95 -94 -93 -92 -91 -90 -89 -88 -87 -86 -81 -80 -79 -78 -77 -76 -75 -74 -73 -71 -70 -69 -68 -67 -66 -65 -64 -63 -62 -61 -60 -59 -58 -57 -56 -55 -54 -53 -52 -51 -50 -49 -48 -47 -46 -44 -43 -42 -41 -40 -39 -38 -37 -36 -35 -34 -32 -31 -30 -2 -29 -28 -2 -27 -26 -25 -24 -23 -22 -21 -20 -19 -18 -17 +246 -15 -14 -13 -12 -11 -10 -9 -8 -7 -6 +247 -5 -4 -3 -2 +200 +201
>CP059040_1
+1 +2 +3 +4 +5 +6 +7 +8 +9 +10 +11 +12 +13 +14 +202 +15 +16 +17 +18 +19 +203 +21 +22 +23 +24 +25 +26 +27 +2 +28 +29 +2 +30 +31 +32 +34 +35 +36 +37 +38 +39 +40 +41 +42 +43 +44 +45 +46 +47 +48 +49 +50 +51 +52 +53 +54 +55 +56 +57 +58 +59 +60 +61 +62 +63 +64 +65 +66 +67 +68 +69 +70 +71 +72 +73 +74 +75 +76 +77 +78 +79 +80 +81 +86 +87 +88 +89 +90 +91 +92 +93 +94 +95 +96 +97 +98 +99 +100 +101 +102 +103 +104 +105 +106 +107 +108 +109 +110 +111 +112 +113 +114 +115 +116 +117 +118 +119 +120 +121 +122 +123 +124 +125 +126 +127 +128 +129 +130 +131 +132 +133 -202 +134 +204 +205 +135 +136 +137 +138 +139 +140 +206 +141 +142 +143 +144 +207 +208 +145 +146 +147 +148 +149 +150 +151 +152 +153 +154 +155 +156 +157 +158 +159 +160 +161 +162 +163 +164 +165 +166 -2 +167 +168 +170 +171 +172 +173 +174 +175 +176 +177 +178 +179 +180 +181 +182 +183 +188 +189 +190 -2 +191 +192 +193 +194 +195 +196 +197 +198 +209 +186 +210 +199 -2 +200 +201
>CP015364_1
+1 +2 +3 +4 +5 +6 +7 +8 +9 +10 +11 +12 +13 +14 +15 +16 +17 +18 +19 +203 +21 +22 +23 +24 +25 +26 +27 +2 +28 +29 +2 +30 +31 +32 +34 +35 +36 +37 +38 +39 +40 +41 +42 +43 +44 +45 +46 +47 +48 +49 +50 +51 +52 +53 +54 +55 +56 +57 +58 +59 +60 +61 +62 +63 +64 +206 +65 +66 +67 +68 +69 +70 +211 +71 +73 +74 +75 +76 +82 +83 +84 +85 +77 +78 +79 +80 +81 +86 +87 +88 +89 +90 +91 +92 +93 +97 +98 +100 +101 +102 +103 +104 +184 +185 +212 +186 +187 +105 +106 +107 +108 +109 +110 +111 +112 +113 +114 +115 +116 +117 +118 +119 +120 +121 +122 +123 +124 +126 +127 +128 +129 +130 +132 +133 +134 +135 +136 +137 +138 +139 +140 +141 +145 +146 +147 +148 +149 +150 +151 +152 +153 +154 +155 +157 +158 +159 +160 +161 +162 +163 +164 +165 +166 +2 +167 +168 +170 +171 +172 +173 +174 +175 +176 +177 +178 +179 +180 +181 +182 +183 +213 +188 +189 +190 +2 +191 +192 +193 +194 +195 +196 +198 +199 +2 +200 +201
>CP045110_1
+1 +2 +3 +4 +5 +6 +7 +8 +9 +10 +11 +12 +13 +14 +202 +15 +16 +17 +18 +19 +203 +21 +22 +23 +24 +25 +26 +27 +2 +28 +29 +2 +30 +31 +32 +34 +35 +36 +37 +38 +39 +40 +41 +42 +43 +44 +45 +46 +47 +48 +49 +50 +51 +52 +53 +54 +55 +56 +57 +58 +59 +60 +61 +62 +63 +64 +65 +66 +67 +68 +69 +70 +71 +72 +73 +74 +75 +76 +77 +78 +79 +80 +81 +86 +87 +88 +89 +90 +91 +92 +93 +94 +95 +96 +97 +98 +99 +100 +101 +102 +103 +104 +105 +106 +107 +108 +109 +110 +111 +112 +113 +114 +115 +116 +117 +118 +119 +120 +121 +122 +123 +124 +125 +126 +127 +128 +129 +130 +131 +132 +133 +202 +134 +204 +205 +135 +136 +137 +138 +139 +140 +206 +141 +142 +143 +144 +207 +208 +145 +146 +147 +148 +149 +150 +151 +152 +153 +154 +155 +156 +157 +158 +159 +160 +161 +162 +163 +164 +165 +166 +2 +167 +168 +170 +171 +172 +173 +174 +175 +176 +177 +178 +179 +180 +181 +182 +183 +188 +189 +190 +2 +191 +192 +193 +194 +195 +196 +197 +198 +209 +186 +210 +199 +2 +200 +201
>CP033768_1
+1 +2 -199 -198 -196 -195 -194 -192 -191 +2 -190 -189 -188 -183 -182 -181 -180 -179 -178 -177 -176 -239 -175 -174 -173 -172 -171 +240 +241 -170 -168 -167 +2 -166 -164 -163 -162 -161 -160 -159 -158 -157 -155 -154 -153 -152 -151 -150 -149 -148 -147 -146 -145 -207 +248 -144 -140 -139 -138 -137 -136 -135 -134 -133 -132 -127 -126 -231 -124 -123 -122 -121 -120 -119 -118 -117 -116 -115 -114 -113 -112 -111 -110 -109 -108 -107 -106 -105 -104 -103 -102 -101 -100 -98 -97 -96 -95 -94 -93 -92 -91 -90 -89 -88 -87 -86 +206 -81 -80 -79 -78 -77 -76 -75 -74 -73 -71 -71 -70 -69 -68 -67 -66 -65 -64 -63 -62 -61 -60 -59 -58 -57 -56 -55 -54 -53 -52 -51 -50 -49 -48 -47 -46 -45 -44 -43 -42 -41 -40 -39 -38 -37 -36 -35 -34 -33 -32 -31 -30 -2 -29 -28 -2 -27 -26 -25 -24 -23 -22 -21 -203 -19 -18 -17 -16 -15 -14 -13 -12 -11 -10 -9 -8 -7 -6 -5 -4 -3 -2 +200 +201
>CP018254_1
+1 +2 +3 +4 +5 -247 +6 +7 +8 +9 +10 +11 +12 +13 +14 +15 -217 +16 -216 +17 +18 +19 +203 +21 +22 +23 +24 +25 +26 +27 +2 +28 +29 +2 +30 +31 +32 +34 +35 +36 +37 +38 +39 +40 +41 +42 +43 +44 +45 +46 +47 +48 +49 +50 +51 +52 +53 +54 +230 +55 +56 +57 +58 +59 +60 +61 +62 +63 +64 +65 +66 +67 +68 +69 +70 +211 +71 +73 +74 +75 +76 +249 +77 +78 +79 +80 +81 +86 +87 +88 -228 -227 -226 +89 +90 +91 +92 +93 +94 +95 -225 -245 +97 +220 +98 +221 +222 +223 +100 +101 +102 +103 +104 +105 +106 +107 +108 +109 +110 +111 +112 +113 +114 +115 +116 +117 +118 +119 +120 +121 +122 +123 +124 +126 +127 +128 +129 +130 +132 +133 +134 +135 +136 +137 +138 +139 +140 +141 +142 +144 -219 +145 +146 +147 +148 +149 +150 +151 +152 +153 +154 +155 +157 +158 +159 +160 +161 +162 +163 +164 +165 +166 -2 +167 +168 +170 +171 +172 +173 +174 +175 +176 +177 +178 +179 +180 +181 +182 +183 +188 +189 +190 -2 +191 +192 +193 +194 +195 +196 +198 +199 -2 +200 +201
>CP018332_1
+1 +2 -199 -198 -196 -195 -194 -192 -191 +2 -190 -189 -188 -183 -182 -181 -180 -179 -178 -177 -176 -175 -174 -173 -172 -171 -238 -237 -236 -170 -168 -167 +2 -166 -165 -164 -163 -162 -235 -161 -160 -159 -158 -157 -155 -154 -153 -152 -151 -150 -149 -148 -147 -146 -145 -234 -233 -144 -143 -142 -141 -206 -140 -139 -138 -137 -136 -135 -204 -134 -133 -119 -118 -117 -116 -115 -114 -113 -112 -111 -110 -109 -108 -107 -106 -105 -104 -103 -102 -101 -98 -97 -95 -94 -93 -92 -91 -90 -89 -88 -87 -86 -81 -80 -79 -78 -77 -76 -75 -74 -73 -72 -71 -70 -69 -68 -67 -66 -65 -64 -63 -62 -61 -60 -59 -58 -57 -56 -55 -54 -53 -52 -51 -50 -49 -232 -48 -47 -46 -44 -43 -42 -41 -40 -39 -38 -37 -36 -35 -34 -33 -32 -31 -30 -2 -29 -28 -2 -27 -26 -25 -24 -23 -22 -21 -20 -19 -18 -17 -16 -15 -14 -13 -12 -11 -10 -9 -8 -7 -6 -5 -4 -3 -2 +200 +201
>CP021347_1
+1 +2 +199 +198 +196 +195 +194 +192 +191 +2 +190 +189 +188 +183 +182 +181 +180 +179 +178 +177 +176 +239 +175 +174 +173 +172 +171 +240 +241 +170 +169 +168 +167 +2 +166 +164 +162 +161 +160 +159 +158 +157 +156 +154 +153 +152 +151 +150 +149 +148 +147 +146 +145 +144 +143 +142 +141 +206 +140 +139 +138 +137 +136 +135 +204 +134 +133 +132 +130 +129 +127 +126 +242 +123 +121 +120 +119 +118 +117 +116 +115 +114 +113 +112 +111 +110 +109 +108 +107 +106 +105 +104 +103 +102 +101 +243 +236 +98 +244 +97 +245 +95 +94 +93 +92 +91 +90 +89 +88 +87 +86 +81 +80 +79 +78 +77 +249 +76 +75 +74 +73 +71 +70 +69 +68 +67 +66 +65 +64 +63 +62 +61 +60 +59 +58 +57 +56 +55 +54 +53 +52 +51 +50 +49 +248 +207 +48 +47 +46 +44 +43 +42 +41 +40 +39 +38 +37 +36 +35 +34 +33 +32 +31 +30 +2 +29 +28 +2 +27 +26 +25 +24 +23 +22 +21 +20 +19 +18 +17 +246 +15 +14 +13 +12 +11 +10 +9 +8 +7 +6 +5 +4 +3 +2 +200 +201
