>CP010058.1
+1 +2 +3 +4 +5 +6 +7 +8 +9 +10 +11 +12 +13 +14 +15 +16 +17 +18 +19 +20 +21 +22 +23 +24 +25 +26 +27 +28 +29 +30 +31 +32 +33 +34 +35 +36 +37 +38 +39 +40 +41 +42 +43 +44 +45 +46 +47 +48 +49 +50 +51 +52 +53 +54 +55 +56 +57 +58 +59 +60 +61 +62 +63 +64 +65 +66 +67 +68 +69 +70 +71 +72 +73 +74 +75 +76 +77 +78 +79 +80 +81 +82 +83 $
>CP012206.1
+84 +3 +4 +5 +6 +7 -11 -10 -9 -8 +12 +13 +14 +15 +16 +17 +18 +19 +20 +21 +22 +23 +24 +25 +26 +27 +28 +29 +68 +30 +32 +33 +34 +35 +36 +37 +38 +39 +40 +41 +42 +43 +44 +45 +46 +47 +48 +49 +50 +51 +85 +52 +53 +54 +55 +56 +57 +86 +60 +61 +62 +63 +64 +65 +66 +67 +69 +70 +71 +72 +73 +74 +76 +77 +78 +79 +80 +81 +82 +83 +1 +2 $
>CP012210.1
+3 +4 +5 +6 +7 -11 -10 -9 -8 +12 +13 +14 +15 +16 +17 +18 +21 +22 +23 +24 +25 +26 +27 +28 +29 +68 +30 +19 +20 +32 +33 +34 +35 +36 +37 +38 +39 +40 +41 +42 +43 +44 +45 +46 +47 +48 +49 +50 +51 +85 +52 +53 +54 +55 +56 +57 +60 +61 +62 +63 +64 +65 +66 +67 +69 +70 +71 +72 +73 +74 +76 +77 +78 +79 +80 +81 +82 +83 +1 +2 $
>CP007192.1
+1 +2 +3 +4 +5 +6 +7 -11 -10 -9 -8 +12 +13 +14 +15 +16 +17 +18 +19 +20 +21 +22 +23 +24 +25 +26 +27 +28 +29 +30 +32 +33 +34 +35 +36 +37 +38 +39 +40 +41 +42 +43 +44 +45 +46 +47 +48 +49 +50 +51 +87 +52 +53 +54 +55 +56 +57 +60 +61 +62 +63 +64 +65 +66 +67 +68 +88 +69 +70 +71 +72 +73 +74 +75 +76 +77 +78 +79 +80 +89 +81 +82 +83 $
>CP007193.1
+1 +2 +3 +4 +5 +6 +7 -11 -10 -9 -8 +12 +13 +14 +15 +16 +17 +18 +19 +20 +21 +22 +23 +24 +25 +26 +27 +28 +29 +30 +32 +33 +34 +35 +36 +37 +38 +39 +40 +41 +42 +43 +44 +45 +46 +47 +48 +49 +50 +51 +87 +52 +53 +54 +55 +56 +57 +60 +61 +62 +63 +64 +65 +66 +67 +68 +88 +69 +70 +71 +72 +73 +74 +75 +76 +77 +78 +79 +80 +81 +82 +83 $
>CP014742.1
+76 +77 +78 +79 +80 +81 +82 +83 +1 +2 +3 +4 +5 +6 +7 -11 -10 -9 -8 +12 +13 +14 +15 +16 +17 +18 +19 +20 +21 +22 +23 +24 +25 +26 +27 +28 +29 +30 +32 +33 +34 +35 +36 +37 +38 +39 +40 +41 +42 -31 +43 +44 +45 +46 +47 +48 +49 +50 +51 +87 +52 +53 +54 +55 +56 +57 +60 +61 +62 +63 +64 +65 +66 +67 +68 +90 +69 +70 +71 +72 +73 +74 +75 $
>CP014744.1
+1 +2 +3 +4 +5 +6 +7 -11 -10 -9 -8 +12 +13 +14 +15 +16 +17 +18 +19 +20 +21 +22 +23 +25 +26 +27 +28 +29 +30 -68 -67 -66 -65 +91 +32 +33 +34 +35 +36 +37 +38 +39 +40 +41 +42 +43 +44 +45 +46 +47 +48 +49 +50 +51 +87 +52 +53 +54 +55 +56 +57 +58 +59 +60 +61 +62 +63 +64 +90 +69 +70 +71 +72 +73 +74 +75 +76 +77 +78 +79 +80 +81 +82 +83 $
>CP012214.1
-11 -10 -9 -8 +3 +4 +5 +6 +7 +12 +13 +14 +15 +16 +17 +18 +19 +20 +21 +22 +23 +24 +25 +26 +27 +28 +29 +30 +32 +33 +34 +35 +36 +37 +38 +39 +40 +41 +42 +43 +44 +45 +46 +47 +48 +49 +50 +51 +52 +53 +54 +55 +56 +57 +60 +61 +62 +63 +64 +65 +66 +67 +68 +92 +69 +70 +71 +72 +73 +74 +76 +77 +78 +79 +80 +81 +82 +83 +1 +2 $
>CP012220.1
+3 +4 +5 +6 +7 -11 -10 -9 -8 +12 +13 +14 +15 +16 +17 +18 +19 +20 +21 +22 +23 +24 +25 +26 +27 +28 +29 +30 +32 +33 +34 -35 +36 +37 +38 +39 +40 +41 +42 +43 +44 +45 +46 +47 +48 +49 +50 +51 +52 +53 +54 +55 +56 +57 +60 +61 +62 +63 +64 +65 +66 +67 +68 +69 +70 +71 +72 +73 +74 +76 +77 +78 +79 +80 +81 +82 +83 +1 +2 $
>CP000814.1
+1 +2 +84 +3 +4 +5 +6 +7 -11 -10 -9 -8 +12 +13 +14 +15 +16 +17 +18 +19 +20 +21 +22 +23 +24 +25 +26 +27 +28 +29 +68 +30 +32 +33 +34 +35 +36 +37 +38 +39 +40 +41 +42 +43 +44 +45 +46 +47 +48 +49 +50 +51 +85 +52 +53 +54 +55 +56 +57 +60 +61 +62 +63 +64 +65 +66 +67 +93 +69 +70 +71 +72 +73 +74 +76 +77 +78 +79 +80 +81 +82 +83 $
>CP000025.1
+1 +2 +3 +4 +5 +6 +7 -11 -10 -9 +31 -8 +12 +13 +14 +15 +16 +17 +18 +19 +20 +21 +22 +23 +24 +25 +26 +27 +28 +29 +30 +32 +33 +34 +35 +36 +37 +38 +39 +40 +41 +42 +43 +44 +45 +46 +47 +48 +49 +50 +51 +52 +53 +54 +55 +56 +57 +58 +59 +60 +61 +62 +63 +64 +65 +66 +67 +94 +69 +70 +71 +72 +73 +74 +76 +77 +78 +79 +80 +81 +82 +83 $
>CM000854.1
+82 +83 +1 +2 +84 +3 +4 +5 +6 +7 -11 -10 -9 -8 +12 +13 +14 +15 +16 +17 +18 +19 +20 +21 +22 +23 +24 +25 +26 +27 +28 +29 +30 +32 +33 +34 +35 +36 +37 +38 +39 +40 +41 +42 +43 +44 +45 +46 +47 +48 +49 +50 +51 +52 +53 +54 +55 +56 +57 +60 +61 +62 +63 +64 +65 +66 +67 +95 +69 +70 +71 +72 +73 +74 +76 +77 +78 +79 +80 +81 $
>CP006687.1
+1 +2 +3 +4 +5 +6 +7 -11 -10 -9 -8 +12 +13 +14 +15 +16 +17 +18 +19 +20 +21 +22 +23 +24 +25 +26 +27 +28 +29 +30 +32 +33 +34 +35 +36 +37 +38 +39 +40 +41 +42 +43 +44 +45 +46 +47 +48 +49 +50 +51 +87 +52 +53 +54 +55 +56 +57 +60 +61 +62 +63 +64 +65 +66 +67 +68 +88 +69 +70 +71 +72 +73 +74 +75 +76 +77 +78 +79 +80 +81 +82 +83 $
>CP006688.1
+1 +2 +3 +4 +5 +6 +7 -11 -10 -9 -8 +12 +13 +14 +15 +16 +17 +18 +19 +20 +21 +22 +23 +24 +25 +26 +27 +28 +29 +30 +32 +33 +34 +35 +36 +37 +38 +39 +40 +41 +42 +43 +44 +45 +46 +47 +48 +49 +50 +51 +87 +52 +53 +54 +55 +56 +57 +60 +61 +62 +63 +64 +65 +66 +67 +68 +88 +69 +70 +71 +72 +73 +74 +75 +76 +77 +78 +79 +80 +81 +82 +83 $
>CP006709.2
+1 +2 +3 +4 +5 +6 +7 -31 +8 +9 +10 +11 +12 +13 +14 +15 +16 +17 +18 +19 +20 +21 +22 +23 +24 +25 +26 +27 +28 +29 +30 +32 +33 +34 +35 +36 +37 +38 +39 +40 +41 +42 +43 +44 +45 +46 +47 +48 +49 +50 +51 +87 +52 +53 +54 +55 +56 +57 +58 +59 +60 +61 +62 +63 +64 +65 +66 +67 +68 +88 +69 +70 +71 +72 +73 +74 +75 +76 +77 +78 +79 +80 +81 +82 +83 $
>CP006851.1
+1 +2 +3 +4 +5 +6 +7 -11 -10 -9 -8 +12 +13 +14 +15 +16 +17 +18 +19 +20 +21 +22 +23 +24 +25 +26 +27 +28 +29 +30 +32 +33 +34 +35 +36 +37 +38 +39 +40 +41 +42 +43 +44 +45 +46 +47 +48 +49 +50 +51 +52 +53 +54 +55 +56 +57 +57 +60 +61 +96 +62 +63 +64 +65 +66 +31 +67 +68 +69 +70 +71 +72 +73 +74 +76 +77 +78 +79 +80 +81 +82 +83 $
>CP007188.1
+1 +2 +3 +4 +5 +6 +7 -91 -11 -10 -9 -8 -91 +12 +13 +14 +15 +16 +17 +18 +19 +20 +21 +22 +23 +24 +25 +26 +27 +28 +29 +30 +32 +33 +34 +35 +36 +37 +38 +39 +40 +41 +42 +43 +44 +45 +46 +47 +48 -31 +49 +50 +51 +52 +53 +54 +55 +56 +57 +60 -91 +61 +62 +63 +64 +65 +66 +67 +68 +88 +69 +70 +71 +72 +73 +74 +75 +76 +77 +78 +79 +80 +81 +91 +82 +83 $
>CP007189.1
+1 +2 +84 +3 +4 +5 +6 +7 -11 -10 -9 -8 +12 +13 +14 +15 +16 +17 +18 +19 +20 +21 +22 +23 +24 +25 +26 +27 +28 +29 +68 +30 +32 +33 +34 +35 +36 +37 +38 +39 +40 +41 +42 +43 +44 +45 +46 +47 +48 +49 +50 +51 +52 +53 +54 +55 +56 +57 +60 +61 +62 +63 +64 +65 +66 +67 +69 +70 +71 +72 +73 +74 +76 +77 +78 +79 +80 +81 +82 +83 $
>CP053659.1
+1 +2 +3 +4 +5 +6 +7 -11 -10 -9 -8 +12 +13 +14 +15 +16 +17 +18 +19 +20 +21 +22 +23 +24 +25 +26 +27 +28 +29 +30 +32 +33 +34 +35 +36 +37 +38 +39 +40 +41 +42 +43 +44 +45 +46 +47 +48 +49 +50 +51 +87 +52 +53 +54 +55 +56 +57 +60 +61 +62 +63 +64 +65 +66 +67 +68 -69 -90 -31 +70 +71 +72 +73 +74 +75 +76 +77 +78 +79 +80 +81 +82 +83 $
>CP007191.1
+1 +2 +3 +4 +5 +6 +7 -11 -10 -9 -8 +12 +13 +14 +15 +16 +17 +18 +19 +20 +21 +22 +23 +24 +25 +26 +27 +28 +29 +30 +32 +33 +34 +35 +36 +37 +38 +39 +40 +41 +42 +43 +44 +45 +46 +47 +48 +49 +50 +51 +87 +52 +53 +54 +55 +56 +57 +60 +61 +62 +63 +64 +65 +66 +67 +68 +88 +69 +70 +71 +72 +73 +74 +75 +76 +77 +78 +79 +80 +89 +81 +82 +83 $
>CP012217.1
+3 +4 +5 +6 +7 -11 -10 -9 -8 +31 +12 +13 +14 +15 +16 +17 +18 +76 +77 +78 +79 +80 +81 +82 +83 +1 +2 +19 +20 +21 +22 +23 +24 +25 +26 +27 +28 +29 +30 +32 +33 +34 +35 +36 +37 +38 +39 +40 +41 +42 +43 +44 +97 +45 +46 +47 +48 +49 +50 +51 +52 +53 +54 +55 +56 +57 +60 +61 +62 +63 +64 +65 +66 +67 +68 +88 +69 +70 +71 +72 +73 +74 $
>LR134502.1
+1 +2 +84 +3 +4 +5 +6 +7 -11 -10 -9 -8 +12 +13 +14 +15 +16 +17 +18 +19 +20 +21 +22 +23 +24 +25 +26 +27 +28 +29 +68 +30 +32 +33 +34 +35 +36 +37 +38 +39 +40 +41 +42 +43 +44 +45 +46 +47 +48 +49 +50 +51 +85 +52 +53 +54 +55 +56 +57 +60 +61 +62 +63 +64 +65 +66 +67 +98 +69 +70 +71 +72 +73 +74 +76 +77 +78 +79 +80 +81 +82 +83 $
>CP012221.1
+3 +4 +5 +6 +7 -11 -10 -9 -8 +12 +13 +14 +15 +16 +17 +18 +19 +20 +21 +22 +23 +24 +25 +26 +27 +28 +29 +30 +32 +33 +34 +35 +36 +37 +38 +39 +40 +41 +42 +43 +44 +97 +45 +46 +47 +91 +48 +49 +50 +51 +52 +53 +54 +55 +56 +57 +60 +61 +62 +63 +64 +65 +66 +67 +68 +69 +70 +71 +72 +73 +74 +76 +77 +78 +79 +80 +81 +82 +83 +1 +2 $
>CP017860.1
+3 +4 +5 +6 +7 -11 -10 -9 -8 +12 +13 +14 +15 +16 +17 +18 +19 +20 +21 +22 +23 +24 +25 +26 +27 +28 +29 +30 +32 +33 +34 +35 +36 +37 +38 +39 +40 +41 +42 +43 +44 +97 +45 +46 +47 +48 +49 +50 +51 +52 +53 +54 +55 +56 +57 +60 +61 +62 +63 +64 +65 +66 +67 +68 +69 +70 +71 +72 +73 +74 +76 +77 +78 +79 +80 +81 +82 +83 +1 +2 $
>CP019965.1
+1 +2 +84 +3 +4 +5 +6 +7 -11 -10 -9 -8 +12 +13 +14 +15 +16 +17 +18 +19 +20 +21 +22 +23 +24 +25 +26 +27 +28 +29 +30 +32 +33 +34 +35 +36 +37 +38 +39 +40 +41 +42 +43 +44 +45 +46 +47 +48 +49 +50 +51 +52 +53 +54 +55 +56 +57 +60 +61 +62 +63 +64 +65 +66 +67 +68 +92 +69 +70 +71 +72 +73 +74 +76 +77 +78 +79 +80 +81 +82 +83 $
>CP019838.1
+18 +19 +20 +21 +22 +23 +24 +25 +26 +27 +28 +29 +30 +32 +33 +34 +35 +36 +37 +38 +39 +40 +41 +42 +43 +44 +97 +45 +46 +47 +48 +49 +50 +51 +52 +53 +54 +55 +56 +57 +60 +61 +62 +63 +64 +65 +66 +67 +68 +99 +69 +70 +71 +72 +73 +74 +76 +77 +78 +79 +80 +81 +82 +83 +100 +1 +2 +3 +4 +5 +6 +7 -11 -10 -9 -8 +12 +13 +14 +15 +16 +17 +18 $
>CP012696.1
+1 +2 +3 +4 +5 +6 +7 -11 -10 -9 -8 +12 +13 +14 +15 +16 +17 +18 +19 +20 +21 +22 +23 +24 +25 +26 +27 +28 +29 +30 +32 +33 +34 +35 +36 +37 +38 +39 +40 +41 +42 +43 +44 +45 +46 +47 +48 +49 +50 +51 +87 +52 +53 +54 +55 +56 +57 +60 +61 +62 +63 +64 +65 +66 +67 +68 +69 +70 +71 +72 +73 +74 +75 +76 +77 +78 +79 +80 +81 +82 +83 $
>CP028912.1
+1 +2 +3 +4 +5 +6 +7 -11 -10 -9 -8 +12 +13 +14 +15 +16 +17 +18 +19 +20 +21 +22 +23 +24 +25 +26 +27 +28 +29 +30 +32 +33 +34 +35 +36 +37 +38 +39 +40 +41 +42 +43 +44 +45 +46 +47 +48 +49 +50 +51 +87 +52 +53 +54 +55 +56 +57 +60 +61 +62 +63 +64 +65 +66 +67 +68 +69 +70 +71 +72 +73 +74 +75 +76 +77 +78 +79 +80 +81 +82 +83 $
>CP020776.1
+1 +2 +3 +4 +5 +6 +7 +8 +9 +10 +11 +12 +13 +14 +15 +16 +17 +18 +19 +20 +21 +22 +23 +24 +25 +26 +27 +28 +29 +30 +32 +33 +34 +35 +36 +37 +38 +39 +40 +41 +42 +43 +44 +45 +46 +47 +48 +49 +50 +51 +87 +52 +53 +54 +55 +56 +57 +86 +60 +61 +62 +63 +31 +64 +65 +66 +67 +68 +88 +69 +70 +71 +72 +73 +74 +75 +76 +77 +78 +79 +80 +81 +82 +83 $
>CP000768.1
+1 +2 +3 +4 +5 +6 +7 -11 -10 -9 -8 -65 -64 -63 -62 -96 -61 -60 -57 -56 -55 -54 -53 -52 -51 -50 -49 -48 -47 +101 +102 +103 +104 -46 -45 -44 -43 -42 -40 -39 -86 +37 +38 -27 -26 -25 -24 +41 -36 -35 -34 -33 -32 -30 -29 -28 -23 -22 -21 -20 -19 +105 -18 -17 -16 -15 -14 -13 -12 +66 +67 +68 +69 +70 +71 +72 +73 +74 +76 +77 +78 +79 +80 +81 +82 +83 $
>LR134497.1
+1 +2 +3 +4 +5 +6 +7 -11 -10 -9 -8 +12 +13 +14 +15 +16 +17 +18 +19 +20 +21 +22 +23 +24 +25 +26 +27 +28 +29 +30 +32 +33 +34 +35 +36 +37 +38 +39 +40 +41 +42 +43 +44 +97 +45 +46 +47 +48 +49 +50 +31 +51 +52 +53 +54 +55 +56 +57 +60 +61 +62 +63 +64 +65 +66 +67 +68 +90 +69 +70 +71 +72 +73 +74 +76 +77 +78 +79 +80 +81 +82 +83 $
>CP012211.1
+84 +3 +4 +5 +6 +7 -11 -10 -9 -8 +12 +13 +14 +15 +16 +17 +18 +19 +20 +21 +22 +23 +24 +25 +26 +27 +28 +29 +30 +32 +33 +34 +35 +36 +37 +38 +39 +40 +41 +42 +43 +44 +45 +46 +47 +48 +49 +50 +51 +85 +52 +53 +54 +55 +56 +57 +60 +61 +62 +63 +64 +65 +66 +67 +93 +69 +70 +71 +72 +73 +74 -91 +76 +77 +78 +79 +80 +81 +82 +83 +1 +2 $
>CP006006.1
+40 +41 +42 +43 +44 +45 +46 -91 +47 +48 +49 +50 +51 +52 +53 +54 +55 +56 +57 +60 +61 +62 +63 +64 +65 +66 +67 +68 +69 +70 +71 +72 +73 +74 +76 +77 +78 +79 +80 +81 +82 +83 +1 +2 +3 +4 +5 +6 +7 -11 -10 -9 -8 +12 +13 +14 +15 +16 +17 +18 +19 +20 +21 +22 +23 +24 +25 +26 +27 +28 +29 +30 +32 +33 +34 +35 +36 +37 +38 +39 $
>LS483295.1
+1 +2 +3 +4 +5 +6 +7 -11 -10 -9 -8 +12 +13 +14 +15 +16 +17 +18 -105 +19 +20 +21 +22 +23 +28 +29 +30 +24 +25 +26 +106 +27 +32 +33 +34 +35 +36 -41 -40 -39 -38 -37 +42 +43 +44 +45 +46 -102 -101 +47 +48 +49 +50 +51 +52 +53 +54 +55 +56 +57 +60 +61 +62 +63 +64 +65 +66 +67 +68 +69 +70 +71 +72 +73 +74 +76 +77 +78 +79 +80 +81 +82 +83 $
>CP022080.1
-77 -76 -74 -73 -72 -71 -70 -69 -93 -67 -66 -65 -64 -63 -62 -61 -60 -57 -56 -55 -54 -53 -52 -85 -51 -50 -49 -48 -47 -46 -45 -44 -43 -42 -41 -40 -39 -38 -37 -36 -35 -34 -33 -32 -30 -68 -29 -28 -27 -26 -25 -24 -23 -22 -21 -20 -19 -18 -17 -16 -15 -14 -13 -12 +8 +9 +10 +11 -7 -6 -5 -4 -3 -84 -2 -1 -83 -82 -81 -80 -79 -78 $
>CP023867.1
-27 -26 -25 -24 -31 -23 -22 -21 -20 -19 -18 -17 -16 -15 -14 -13 -12 +8 +9 +10 +11 -7 -6 -5 -4 -3 -2 -1 -83 -82 -81 -80 -79 -78 -77 -76 -75 -74 -73 -72 -71 -70 -69 -88 -68 -67 -66 -65 -64 -63 -62 -61 -60 -57 -56 -55 -54 -53 -52 -51 -50 -49 -48 -47 -46 -45 -44 -43 -42 -41 -40 -39 -38 -37 -36 -35 -34 -33 -32 -30 -29 -28 $
>CP017029.1
+1 +2 +3 +4 +5 +6 +7 -11 -10 -9 -8 +12 +13 +14 +15 +16 +17 +18 +19 +20 +21 +22 +23 +24 +25 +26 +27 +28 +29 +30 +32 +33 +34 +35 +36 +37 +38 +39 +40 +41 +42 +43 +44 +97 +45 +46 +47 +48 +49 +50 +51 +52 +53 +54 +55 +56 +57 +60 +61 +62 +63 +64 +65 +66 +67 +68 +69 +70 +71 +72 +73 +74 +75 +76 +77 +78 +79 +80 +81 +82 +83 $
>CP006685.1
+1 +2 +3 +4 +5 +6 +7 -11 -10 -9 -8 +12 +13 +14 +15 +16 +17 +18 +19 +20 +21 +22 +23 +24 +25 +26 +27 +28 +29 +30 +32 +33 +34 +35 +36 +37 +38 +39 +40 +41 +42 +43 +44 +45 +46 +47 +48 +49 +50 +51 +87 +52 +53 +54 +55 +56 +57 +60 +61 +62 +63 +64 +65 +66 +67 +68 +88 +69 +70 +71 +72 +73 +74 +75 +76 +77 +78 +79 +80 +81 +82 +83 $
>CP022470.1
+1 +2 +3 +4 +5 +6 +7 -11 -10 -9 -8 +12 +13 +14 +15 +16 +17 +18 +19 +20 +21 +22 +23 +24 +25 +26 +27 +28 +29 +30 -31 +32 +33 +34 +35 +36 +37 +38 +39 +40 +41 +42 +43 +44 +45 +46 +47 +48 +49 +50 +51 +85 +52 +53 +54 +55 +56 +57 +60 +61 +62 +63 +64 +65 +66 +67 +93 +69 +70 +71 +72 +73 +74 +76 +77 +78 +79 +80 +81 +82 +83 $
>CP022440.1
+1 +2 +84 +3 +4 +5 +6 +7 -11 -10 -9 -8 +12 +13 +14 +15 +16 +17 +18 +19 +20 +21 +22 +23 +24 +25 +26 +27 +28 +29 +30 +32 +33 +34 +35 +36 +37 +38 +39 +40 +41 +42 +43 +44 +45 +46 +47 +48 +49 +50 +51 +52 +53 +54 +55 +56 +57 +60 +61 +62 +63 +64 +65 +66 +67 +68 +99 +69 +70 +71 +72 +73 +74 +75 +76 +77 +78 +79 +80 +81 +82 +83 $
>CP007751.1
+1 +2 +3 +4 +5 +6 +7 -11 -10 -9 -8 +12 +13 +14 +15 +16 +17 +18 +19 +20 +21 +22 +23 +24 +25 +26 +27 +28 +29 +30 +32 +33 +34 +35 +36 +37 +38 +39 +40 +41 +42 +43 +44 +45 +46 +47 +48 +49 +50 +51 +87 +52 +53 +54 +55 +56 +57 +58 +59 +60 +61 +62 +63 +64 +65 +66 +67 +68 +88 +69 +70 +71 +72 +73 +74 +75 +76 +77 +78 +79 +80 +81 +82 +83 $
>CP012213.1
+3 +4 +5 +6 +7 -11 -10 -9 -8 +12 +13 +14 +15 +16 +17 +18 +19 +20 +21 +22 +23 +24 +25 +26 +27 +28 +29 +68 +30 +32 +33 +34 +35 +36 +37 +38 +39 +40 +41 +42 +43 +44 +45 +46 +47 +48 +49 +50 +51 +85 +52 +53 +54 +55 +56 +57 +60 +61 +62 +63 +64 +65 +66 +67 +69 +70 +71 +72 +73 +74 +76 +77 +78 +79 +80 +81 +82 +83 +1 +2 $
>CP012216.1
+12 +13 +14 +15 +16 +17 +18 +3 +4 +5 +6 +7 -11 -10 -9 -8 +61 +62 +63 +64 +65 +66 +67 +68 +95 +69 +70 +71 +72 +73 +74 +76 +77 +78 +79 +80 +81 +82 +83 +1 +2 +19 +20 +21 +22 +23 +24 +25 +26 +27 +28 +29 +30 +32 +33 +34 +35 +36 +37 +38 +39 +40 +41 +42 +43 +44 +45 +46 +47 +48 +49 +50 +51 +85 +52 +53 +54 +55 +56 +57 +60 +107 +108 $
>CP020045.1
+1 +2 +84 +3 +4 +5 +6 +7 -11 -10 -9 -8 +12 +13 +14 +15 +16 +17 +18 +19 +20 +21 +22 +23 +24 +25 +26 +27 +28 +29 +30 +32 +33 +34 +35 +36 +37 +38 +39 +40 +41 +42 +43 +44 +45 +46 +47 +48 +49 +50 +51 +52 +53 +54 +55 +56 +57 +60 +61 +62 +63 +64 +65 +66 +67 +68 +92 +69 +70 +71 +72 +73 +74 +76 +77 +78 +79 +80 +81 +82 +83 $
>CP022439.1
+1 +2 +3 +4 +5 +6 +7 -11 -10 -9 -8 +12 +13 +14 +15 +16 +17 +18 +19 +20 +21 +22 +23 +24 +25 +26 +27 +28 +29 +30 +32 +33 +34 +35 +36 +37 +38 +39 +40 +41 +42 +43 +44 +45 +46 +47 +48 +49 +50 +51 +87 +52 +53 +54 +55 +56 +57 +60 +61 +62 +63 +64 +65 +66 +67 +68 +88 +69 +70 +71 +72 +73 +74 +75 +76 +77 +78 +79 +80 +81 +82 +83 $
>LR134359.1
-91 +54 +55 +56 +57 +86 +60 +61 +62 +63 +64 +65 +66 +67 -91 -105 +19 +20 +21 +22 +23 +24 +25 +26 +27 +28 +29 +30 +32 +33 +34 +35 +36 +37 +38 +39 +40 +41 +42 +43 +44 +45 +46 -101 +47 +48 +49 +50 +51 +52 +53 -91 +69 +70 +71 +72 +73 +74 +76 +77 +78 +79 +80 +81 +82 +83 +1 +2 +3 +4 +5 +6 +7 -11 -10 -9 -8 +12 +13 +14 +15 +16 +17 +18 -91 $
>HE978252.1
+1 +2 +3 +4 +5 +6 +7 -11 -10 -9 -8 +12 +13 +14 +15 +16 +17 +18 +19 +20 +21 +22 +23 +24 +25 +26 +27 +28 +29 +30 +32 +33 +34 +35 +36 +37 +38 +39 +40 +41 +42 +43 +44 +45 +46 +47 +48 +49 +50 +51 +87 +52 +53 +54 +55 +56 +57 +60 +61 +62 +63 +64 +65 +66 +67 +68 +88 +69 +70 +71 +72 +73 +74 +75 +76 +77 +78 +79 +80 +81 +82 +83 $
>CP023446.1
-2 -1 -83 -82 -81 -80 -79 -78 -77 -10 -9 -8 +12 +13 +14 +15 +16 +17 +18 +19 +20 +21 +22 +23 +24 +25 +26 +27 +28 +29 +30 +32 +33 +34 +35 +36 +37 +38 +39 +40 +41 +42 +43 +44 +45 +46 +47 +48 +49 +50 +51 +87 +52 +53 +54 +55 +56 +57 +58 +59 +60 +61 +62 +63 +64 +65 +66 +67 +68 +69 +70 +71 +72 +73 +74 +75 +76 +77 +78 +79 +80 +8 +9 +10 +11 -108 -107 $
>CP017862.1
+80 +81 +82 +83 +1 -37 -36 +2 +3 +4 +5 +6 +7 -11 -10 -9 -8 +12 +13 +14 +29 -91 +30 +15 +16 +17 +18 +19 +20 +21 +22 +23 +24 +25 +26 +27 +28 +29 +30 +32 +33 +34 +35 +38 +39 +40 +41 +42 +43 +44 +45 +46 +47 +48 +49 +50 +51 +52 +53 +54 +55 +56 +57 +60 +61 +62 +63 +64 +65 +66 +67 +68 +92 +69 +70 +71 +72 +73 +74 +76 +77 +78 +79 $
>CP017031.1
+1 +2 +3 +4 +5 +6 +7 -11 -10 -9 -8 +12 +13 +14 +15 +16 +17 +18 +19 +20 +21 +22 +23 +24 +25 +26 +27 +28 +29 +30 +32 +33 +34 +35 +36 +37 +38 +39 +40 +41 +42 +43 +44 +45 +46 +47 +48 +49 +50 +51 +87 +52 +53 +54 +55 +56 +57 +60 +61 +62 +63 +64 +65 +66 +67 +68 +90 +69 +70 +71 +72 +73 +74 +75 +76 +77 +78 +79 +80 +81 +82 +83 $
>CP017229.1
+1 +2 +84 +3 +4 +5 +6 +7 -11 -10 -9 -8 +12 +13 +14 +15 +16 +17 +18 +19 +20 +21 +22 +23 +24 +25 +26 +27 +28 +29 +30 +32 +33 +34 +35 +36 +37 +38 +39 +40 +41 +42 +43 +44 +45 +46 +47 +48 +49 +50 +51 +52 +53 +54 +55 +56 +57 +60 +61 +62 +63 +64 +65 +66 +67 +68 +109 +69 +70 +71 +72 +73 +74 +76 +77 +78 +79 +80 +81 +82 +83 +100 $
>CP010307.1
+1 +2 +3 +4 +5 +6 +7 +8 +9 +10 +11 +12 +13 +14 +15 +16 +17 +18 +19 +20 +21 +22 +23 +24 +25 +26 +27 +28 +29 +30 +32 +33 +34 +35 +36 +37 +38 +39 +40 +41 +42 +43 +44 +45 +46 +47 +48 +49 +50 +51 +52 +53 +54 +55 +56 +57 +58 +59 +60 +61 +62 +63 +64 +65 +66 +67 +68 +69 +70 +71 +72 +73 +74 +75 +76 +77 +78 +79 +80 +81 +82 +83 $
>CP012689.1
+1 +2 +84 +3 +4 +5 +6 +7 -11 -10 -9 -8 +12 +13 +14 +15 +16 +17 +18 +19 +20 +21 +22 +23 +24 +25 +26 +27 +28 +29 +30 -31 +32 +33 +34 +35 +36 +37 +38 +39 +40 +41 +42 +43 +44 +45 +46 +47 +48 +49 +50 +51 +52 +53 +54 +55 +56 +57 +60 +61 +62 +63 +64 +65 +66 +67 +69 +70 +71 +72 +73 +74 +76 +77 +78 +79 +80 +81 +82 +83 $
>CP028911.1
+1 +2 +84 +3 +4 +5 +6 +7 -11 -10 -9 -8 +12 +13 +14 +15 +16 +17 +18 +19 +20 +21 +22 +23 +24 +25 +26 +27 +28 +29 +30 +32 +33 +34 +35 +36 +37 +38 +39 +40 +41 +42 +43 +44 +45 +46 +47 +48 +49 +50 +51 +52 +53 +54 +55 +56 +57 +60 +61 +62 +63 +64 +65 +66 +67 +68 +92 +69 +70 +71 +72 +73 +74 +76 +77 +78 +79 +80 +81 +82 +83 $
>CP008787.1
+1 +2 +84 +3 +4 +5 +6 +7 -11 -10 -9 -8 +12 +13 +14 +15 +16 +17 +18 +19 +20 +21 +22 +23 +24 +25 +26 +27 +28 +29 +68 +30 +32 +33 +34 +35 +36 +37 +38 +39 +40 +41 +42 +43 +44 +45 +46 +47 +48 +49 +50 +51 +85 +52 +53 +54 +55 +56 +57 +60 +61 +62 +63 +64 +65 +66 +67 +110 +69 +70 +71 +72 +73 +74 +76 +77 +78 +79 +80 +81 +82 +83 $
>CP022079.1
+1 +2 +3 +4 +5 +6 +7 -11 -10 -9 -8 +12 +13 +14 +15 +16 +17 +18 +19 +20 +21 +22 +23 +24 +25 +26 +27 +28 +29 +30 +32 +33 +34 +35 +36 +37 +38 +39 +40 +41 +42 +43 +44 +45 +46 +47 +48 +49 +50 +51 +52 +53 +54 +55 +56 +57 +60 +61 +62 +63 +64 +65 +66 +67 +68 +69 +70 +71 +72 +73 +74 +76 +77 +78 +79 +80 +81 +82 +83 $
>CP022077.1
-79 -78 -77 -76 -75 -74 -73 -72 -71 -70 -69 -88 -68 -67 -66 -65 -64 -63 -62 -61 -60 -57 -56 -55 -54 -53 -52 -87 -51 -50 -49 -48 -47 -46 -45 -44 -43 -42 -41 -40 -39 -38 -37 -36 -35 -34 -33 -32 -30 -29 -28 -27 -26 -25 -24 -23 -22 -21 -20 -19 -18 -17 -16 -15 -14 -13 -12 -11 -10 -9 -8 -7 -6 -5 -4 -3 -2 -1 -83 -82 -81 -80 $
>CP015209.1
+1 +2 +84 +3 +4 +5 +6 +7 -11 -10 -9 -8 +12 +13 +14 +15 +16 +17 +18 +19 +20 +21 +22 +23 +24 +25 +26 +27 +28 +29 +30 +32 +33 +34 +35 +36 +37 +38 +39 +40 +41 +42 +43 +44 +45 +46 +47 +48 +49 +50 +51 +52 +53 +54 +55 +56 +57 +60 +61 +62 +63 +64 +65 +66 +67 +68 +109 +69 +70 +71 +72 +73 +74 +76 +77 +78 +79 +80 +81 +82 +83 +100 $
>CM000855.1
+3 +4 +5 -11 -10 -9 -8 -7 -6 +12 +13 +14 +15 +16 +17 +18 +19 +20 +21 +22 +23 +24 +25 +26 +27 +28 -31 -97 +29 +68 +30 +32 +33 +34 +35 +36 +37 +38 +39 +40 +41 +42 +43 +44 +45 +46 +47 +48 +49 +50 +51 +52 +53 +54 +55 +56 +57 +58 +59 +60 +61 +62 +63 +64 +65 +66 +67 +69 +70 +71 +72 +73 +74 +76 +77 +78 +79 +80 +81 +82 +83 +1 +2 +108 +107 $
>CP017863.1
+3 +4 +5 +6 +7 -14 -13 -12 -11 -10 -9 -8 +15 +16 +17 +18 +19 +20 +21 +22 +23 +24 +25 +26 +27 +28 +29 +30 +32 +33 +34 +35 +36 +37 +38 +39 +40 +41 +42 +43 +44 +97 +45 +46 +47 +48 +49 +50 +51 +85 +52 +53 +54 +55 +56 +57 +58 +59 +60 +61 +62 +63 +64 +65 +66 +67 +68 +69 +70 +71 +72 +73 +74 +75 +76 +77 +78 +79 +91 +80 +81 +82 +83 +1 +2 $
>CP027403.1
+70 +71 +72 +73 +74 +76 +77 +78 +79 +80 +81 +82 +83 +1 +2 +3 +4 +5 +6 +7 -11 -10 -9 -8 -65 -64 -63 -62 -96 -61 -60 -57 -56 -55 -54 -53 -52 -51 -50 -49 -48 -47 +101 +102 +103 +104 -46 -45 -44 -43 -42 -40 -39 -86 +37 +38 -27 -26 -25 -24 +41 -36 -35 -34 -33 -32 -30 -29 -28 -23 -22 -21 -20 -19 +105 -18 -17 -16 -15 -14 -13 -12 +66 +67 +68 +69 $
>CP023866.1
+62 +63 +64 +65 +66 +67 +94 +69 +70 +71 +72 +73 +74 +76 +77 +78 +79 +80 +81 +82 +83 +1 +2 +3 +4 +5 +6 +7 -11 -10 -9 +31 -8 +12 +13 +14 +15 +16 +17 +18 +19 +20 +21 +22 +23 +24 +25 +26 +27 +28 +29 +30 +32 +33 +34 +35 +36 +37 +38 +39 +40 +41 +42 +43 +44 +45 +46 +47 +48 +49 +50 +51 +52 +53 +54 +55 +56 +57 +58 +59 +60 +61 $
>CP028372.1
+1 +2 +3 +4 +5 +6 +7 -11 -10 -9 -8 +12 +13 +14 +15 +16 +17 +18 +19 +20 +21 +22 +23 +24 +25 +26 +27 +28 +29 +30 +32 +33 +34 +35 +36 +37 +38 +39 +40 +41 +42 +43 +44 +45 +46 +47 +48 +49 +50 +51 +87 +52 +53 +54 +55 +56 +57 +60 +61 +62 +63 +64 +65 +66 +67 +68 +69 +70 +71 +72 +73 +74 +76 +77 +78 +79 +80 +81 +82 +83 $
>LR134530.1
+1 +2 +3 +4 +5 +81 +6 +7 +8 +9 +10 +11 +12 +13 +14 +15 +16 +17 +18 -105 +19 +20 +21 +22 +23 +28 +29 +30 -57 -56 -42 +37 +38 +39 +40 -27 -106 -26 -25 -24 +41 -36 -35 -34 -33 -32 +55 +43 +44 +45 +46 -101 +47 +48 +49 +50 +51 +52 +53 +54 -86 +60 +61 +62 +63 +64 +65 +66 +67 +68 +69 +70 +71 +72 +73 +74 +76 +77 +78 +79 +80 +82 +83 $
>CP023543.1
+20 +21 +22 +23 +24 +25 +26 +27 +28 +29 -91 +30 +32 +33 +34 +35 +36 +37 +38 +39 +40 +41 +42 +43 +44 +45 +46 -91 +47 +48 +49 +50 +51 +87 +52 +53 +54 +55 +56 +57 +60 +61 +62 +63 +64 +65 +66 +67 +68 +69 +70 +71 +72 +73 +74 +76 +77 +78 +79 +80 +81 +82 +83 +1 +2 +3 +4 +5 +6 +7 -11 -10 -9 -8 +12 +13 +14 +15 +16 +17 +18 +19 $
>CP007190.1
+1 +2 +84 +3 +4 +5 +6 +7 -11 -10 -9 -8 +12 +13 +14 +15 +16 +17 +18 +19 +20 +21 +22 +23 +24 +25 +26 +27 +28 +29 +68 +30 +32 +33 +34 +35 +36 +37 +38 +39 +40 +41 +42 +43 +44 +45 +46 +47 +48 +49 +50 +51 +52 +53 +54 +55 +56 +57 +60 +61 +62 +63 +64 +65 +66 +67 +69 +70 +71 +72 +73 +74 +76 +77 +78 +79 +80 +81 +82 +83 $
>CP028910.1
+1 +2 +3 +4 +5 +6 +7 +8 +9 +10 +11 +12 +13 +14 +15 +16 +17 +18 +19 +20 +21 +22 +23 +24 +25 +26 +27 +28 +29 +30 +32 +33 +34 +35 +36 +37 +38 +39 +40 +41 +42 +43 +44 +45 +46 +47 +48 +49 +50 +51 +87 +52 +53 +54 +55 +56 +57 +60 +61 +62 +63 +64 +65 +66 +67 +68 +88 +69 +70 +71 +72 +73 +74 +75 +76 +77 +78 +79 +80 +81 +82 +83 $
>CP001876.1
+1 +2 +3 +4 +5 +6 +7 -11 -10 -9 -8 +12 +13 +14 +15 +16 +17 +18 +19 +20 +21 +22 +23 +24 +25 +26 +27 +28 +29 +30 +32 +33 +34 +35 +36 +37 +38 +39 +40 +41 +42 +43 +44 +45 +46 +47 +48 +49 +50 +51 +87 +52 +53 +54 +55 +56 +57 +60 +61 +62 +63 +64 +65 +66 +67 +68 +69 +70 +71 +72 +73 +74 +75 +76 +77 +78 +79 +80 +81 +82 +83 $
>CP001960.1
+1 +2 +3 +4 +5 +6 +7 -11 -10 -9 -8 +12 +13 +14 +15 +16 +17 +18 +19 +20 +21 +22 +23 +24 +25 +26 +27 +28 +29 +91 +30 +32 +33 +34 +35 +36 +37 +38 +39 +40 +41 +42 +43 +44 +45 +46 +47 +48 +49 +50 +51 +52 +53 +54 +55 +56 +57 +58 +59 +60 +61 +62 +63 +64 +65 +66 +67 +94 +69 +70 +71 +72 +73 +74 +76 +77 +78 +79 +80 +81 +82 +83 $
>CP022076.1
+76 +77 +78 +79 +80 +81 +82 +83 +100 +1 +2 +3 +4 +5 +6 +7 -11 -10 -9 -8 +12 +13 +14 +15 +16 +17 +18 +19 +20 +21 +22 +23 +24 +25 +26 +27 +28 +29 +30 +32 +33 +34 +35 +36 +37 +38 +39 +40 +41 +42 +43 +44 +97 +45 +46 +47 +48 +49 +50 +51 +52 +53 +54 +55 +56 +57 +60 +61 +62 +63 +64 +65 +66 +67 +68 +99 +69 +70 +71 +72 +73 +74 $
>CP006689.1
+1 +2 +3 +4 +5 +6 +7 -11 -10 -9 -8 +12 +13 +14 +15 +16 +17 +18 +19 +20 +21 +22 +23 +24 +25 +26 +27 +28 +29 +30 +32 +33 +34 +35 +36 +37 +38 +39 +40 +41 +42 +43 +44 +45 +46 +47 +48 +49 +50 +51 +87 +52 +53 +54 +55 +56 +57 +60 +61 +62 +63 +64 +65 +66 +67 +68 +88 +69 +70 +71 +72 +73 +74 +75 +76 +77 +78 +79 +80 +81 +82 +83 $
>CP045789.1
+20 +21 +22 +23 +24 +25 +26 +27 +28 +29 -91 +30 +32 +33 +34 +35 +36 +37 +38 +39 +40 +41 +42 +43 +44 +45 +46 -91 +47 +48 +49 +50 +51 +87 +52 +53 +54 +55 +56 +57 +60 +61 +62 +63 +64 +65 +66 +67 +68 +69 +70 +71 +72 +73 +74 +76 +77 +78 +79 +80 +81 +82 +83 +1 +2 +3 +4 +5 +6 +7 -11 -10 -9 -8 +12 +13 +14 +15 +16 +17 +18 +19 -91 $
>CP023343.1
+3 +4 +5 +6 +7 -11 -10 -9 -8 +12 +13 +14 +15 +16 +17 +18 +19 +20 +21 +22 +23 +24 +25 +26 +27 +28 +29 +30 +32 +33 +34 +35 +36 +37 +38 +39 +40 +41 +42 +43 +44 +45 +46 +47 +48 +49 +50 +51 +52 +53 +54 +55 +56 +57 +60 +69 +70 +71 +72 +73 +74 +76 +77 +78 +79 +80 +81 +82 +83 +1 +2 $
>CP012149.1
+1 +2 +84 +3 +4 +5 +6 +7 -11 -10 -9 -8 +12 +13 +14 +15 +16 +17 +18 +19 +20 +21 +22 +23 +24 +25 +26 +27 +28 +29 +68 +30 +32 +33 +34 +35 +36 +37 +38 +39 +40 +41 +42 +43 +44 +45 +46 +47 +48 +49 +50 +51 +85 +52 +53 +54 +55 +56 +57 +60 +61 +62 +63 +64 +65 +66 +67 +110 +69 +70 +71 +72 +73 +74 +76 +77 +78 +79 +80 +81 +82 +83 $
>HG428754.1
+1 +2 +3 +4 +5 +6 +7 -11 -10 -9 -8 +12 +13 +14 +15 +16 +17 +18 +19 +20 +21 +22 +23 +24 +25 +26 +27 +28 +29 +68 +30 +32 +33 +34 +35 +36 +37 +38 +39 +40 +41 +42 +43 +44 +45 +46 +47 +48 +49 +50 +51 +85 +52 +53 +54 +55 +56 +57 +60 +61 +62 +63 +64 +65 +66 +67 +69 +70 +71 +72 +73 +74 +76 +77 +78 +79 +80 +81 +82 +83 $
>CP014344.1
+1 +2 +3 +4 +5 +6 +7 -11 -10 -9 -8 +12 +13 +14 +15 +16 +17 +18 +19 +20 +21 +22 +23 +24 +25 +26 +27 +28 +29 +30 +32 +33 +34 +35 +36 +37 +38 +39 +40 +41 +42 +43 +44 +45 +46 +47 +48 +49 +50 +51 +52 +53 +54 +55 +56 +57 +60 +61 +62 +63 +64 +65 +66 +67 +68 +69 +70 +71 +72 +73 +74 +76 +77 +78 +79 +80 +81 +82 +83 $
>LS483362.1
+1 +2 +3 +4 +5 +6 +7 +8 +9 +10 +11 +12 +13 +14 +15 +16 +17 +18 +19 +20 +21 +22 +23 +24 +25 +26 +27 +28 +29 +30 +32 +33 +34 +35 +36 +37 +38 +39 +40 +41 +42 +43 +44 +45 +46 +47 +48 +49 +50 +51 +87 +52 +53 +54 +55 +56 +57 +60 +61 +62 +63 +64 +65 +66 +67 +68 +88 +69 +70 +71 +72 +73 +74 +75 +76 +77 +78 +79 +80 +81 +82 +83 $
>CP012224.1
+84 +3 +4 +5 +6 +7 -11 -10 -9 -8 +12 +13 +14 +15 +16 +17 +18 +19 +20 +21 +22 +23 +24 +25 +26 +27 +28 +29 +30 +32 +33 +34 +35 +36 +37 +38 +39 +40 +41 +42 +43 +44 +45 +46 +47 +48 +49 +50 +51 +52 +53 +54 +55 +56 +57 +60 +61 +62 +63 +64 +65 +66 +67 +68 +69 +70 +71 +72 +73 +74 +76 +77 +78 +79 +80 +81 +82 +83 +1 +2 $
>CP047478.1
-27 -26 -25 -24 -23 -22 -21 -20 -19 -18 -17 -16 -15 -14 -13 -12 +8 +9 +10 +11 -7 -6 -5 -4 -3 -2 -1 -83 -82 -81 -80 -79 -78 -77 -76 -75 -74 -73 -72 -71 -70 -69 -90 -68 -67 -66 -65 -64 -63 -62 -61 -60 -57 -56 -55 -54 -53 -52 -87 -51 -50 -49 -48 -47 -46 -45 -44 -43 -42 -41 -40 -39 -38 -37 -36 -35 -34 -33 -32 -30 -29 -28 $
>LR134507.1
+1 +2 +84 +3 +4 +5 +6 +7 -11 -10 -9 -8 +12 +13 +14 +15 +16 +17 +18 +19 +20 +21 +22 +23 +24 +25 +26 +27 +28 +29 +68 +30 +32 +33 +34 +35 +36 +37 +38 +39 +40 +41 +42 +43 +44 +45 +46 +47 +48 +49 +50 +51 +85 +52 +53 +54 +55 +56 +57 +60 +61 +62 +63 +64 +65 +66 +67 +98 +69 +70 +71 +72 +73 +74 +76 +77 +78 +79 +80 +81 +82 +83 $
>CP034393.1
+1 +2 +3 +4 +5 +6 +7 -11 -10 -9 -8 +12 +13 +14 +15 +16 +17 +18 +19 +20 +21 +22 +23 +24 +25 +26 +27 +28 +29 +30 +31 +32 +33 +34 +35 +36 +37 +38 +39 +40 +41 +42 +43 +44 +45 +46 +47 +48 +49 +50 +51 +52 +53 +54 +55 +56 +57 +60 +61 +62 +63 +64 +65 -31 +66 +67 +94 +69 +70 +71 +72 +73 +74 +76 +77 +78 +79 +80 +81 +82 +83 $
>AL111168.1
+1 +2 +3 +4 +5 +6 +7 -11 -10 -9 -8 +12 +13 +14 +15 +16 +17 +18 +19 +20 +21 +22 +23 +24 +25 +26 +27 +28 +29 +30 +32 +33 +34 +35 +36 +37 +38 +39 +40 +41 +42 +43 +44 +45 +46 +47 +48 +49 +50 +51 +87 +52 +53 +54 +55 +56 +57 +60 +61 +62 +63 +64 +65 +66 +67 +68 +88 +69 +70 +71 +72 +73 +74 +75 +76 +77 +78 +79 +80 +81 +82 +83 $
>CP017456.1
+1 +2 +84 +3 +4 +5 +6 +7 -11 -10 -9 -8 +12 +13 +14 +15 +16 +17 +18 +19 +20 +21 +22 +23 +24 +25 +26 +27 +28 +29 +30 +32 +33 +34 +35 +36 +37 +38 +39 +40 +41 +42 +43 +44 +45 +46 +47 +48 +49 +50 +51 +52 +53 +54 +55 +56 +57 +60 +61 +62 +63 +64 +65 +66 -31 +67 +68 +109 +69 +70 +71 +72 +73 +74 +76 +77 +78 +79 +80 +81 +82 +83 +100 $
>CP047484.1
+3 +4 +5 +6 +7 -11 -10 -9 -8 +12 +13 +14 +15 +16 +17 +18 +19 +20 +21 +22 +23 +24 +25 +26 +27 +28 +29 +30 +32 +33 +34 +35 +36 +37 +38 +39 +40 +41 +42 +43 +44 +45 +46 +47 +48 +49 +50 +51 +87 +52 +53 +54 +55 +56 +57 +60 +61 +62 +63 +64 +65 +66 +67 +68 +69 +70 +71 +72 +73 +74 +75 +76 +77 +78 +79 +80 +81 +82 +83 +1 +2 $
>LR134511.1
+1 +2 +3 +4 +5 +6 +7 -11 -10 -9 -8 +12 +13 +14 +15 +16 +17 +18 +19 +20 +21 +22 +23 +24 +25 +26 +27 +28 +29 +30 +32 +33 +34 +35 +36 +37 +38 +39 +40 +41 +42 +43 +44 +45 +46 +47 +48 +49 +50 +51 +87 +52 +53 +54 +55 +56 +57 +60 +61 +62 +63 +64 +65 +66 +67 +68 +88 +69 +70 +71 +72 +73 +74 +75 +76 +77 +78 +79 +80 +81 +82 +83 $
>CP001900.1
+1 +2 +84 +3 +4 +5 +6 +7 -11 -10 -9 -8 +12 +13 +14 +15 +16 +17 +18 +19 +20 +21 +22 +23 +24 +25 +26 +27 +28 +29 +68 +30 +32 +33 +34 +35 +36 +37 +38 +39 +40 +41 +42 +43 +44 +45 +46 +47 +48 +49 +50 +51 +85 +52 +53 +54 +55 +56 +57 +60 +61 +62 +63 +64 +65 +66 +67 +110 +69 +70 +71 +72 +73 +74 +76 +77 +78 +79 +80 +81 +82 +83 $
>CP047480.1
+19 +20 +21 +22 +23 +24 +25 +26 +27 +28 +29 +31 +30 +32 +33 +34 +35 +36 +37 +38 +39 +40 +41 +42 +43 +44 +45 +46 +47 +48 +49 +50 +51 +52 +53 +54 +55 +56 +57 +60 +61 +62 +63 +64 +65 +66 +67 +68 +88 +69 +70 +71 +72 +73 +74 +76 +77 +78 +79 +80 +81 +82 +83 +1 +2 +3 +4 +5 +6 +7 -11 -10 -9 -8 +12 +13 +14 +15 +16 +17 +18 $
>CP012690.1
+1 +2 +84 +3 +4 +5 +6 +7 -11 -10 -9 -8 +12 +13 +14 +15 +16 +17 +18 +19 +20 +21 +22 +23 +24 +25 +26 +27 +28 +29 +30 -31 +32 +33 +34 +35 +36 +37 +38 +39 +40 +41 +42 +43 +44 +45 +46 +47 +48 +49 +50 +51 +52 +53 +54 +55 +56 +57 +60 +61 +62 +63 +64 +65 +66 +67 +69 +70 +71 +72 +73 +74 +76 +77 +78 +79 +80 +81 +82 +83 $
>CP005388.1
+1 +2 +3 +4 +5 +6 +7 -11 -10 -9 -8 +12 +13 +14 +15 +16 +17 +18 +19 +20 +21 +22 +23 +24 +25 +26 +27 +28 +29 +30 +32 +33 +34 +35 +36 +37 +38 +39 +40 +41 +42 +43 +44 +45 +46 +47 +48 +49 +50 +51 +85 +52 +53 +54 +55 +56 +57 +60 +61 +62 +63 +64 +65 +66 +67 +68 +99 +69 +70 +71 +72 +73 +74 +76 +77 +78 +79 +80 +81 +82 +83 $
>CP047477.1
-30 -29 -28 -27 -26 -25 -24 -23 -22 -21 -20 -19 -18 -17 -16 -15 -14 -13 -12 +8 +9 +10 +11 -7 -6 -5 -4 -3 -2 -1 -83 -82 -81 -80 -79 -78 -77 -76 -74 -73 -72 -71 -70 -69 -88 -68 -67 -66 -65 -64 -63 -62 -61 -60 -59 -58 -57 -56 -55 -54 -53 -52 -51 -50 -49 -48 -47 -46 -45 -44 -43 -42 -41 -40 -39 -38 -37 -36 -35 -34 -33 -32 $
>LN831025.1
+1 +2 +3 +4 +5 +6 +7 -11 -10 -9 -8 +12 +13 +14 +15 +16 +17 +18 +19 +20 +21 +22 +23 +24 +25 +26 +27 +28 +29 +30 +32 +33 +34 +35 +36 +37 +38 +39 +40 +41 +42 +43 +44 +97 +45 +46 +47 +48 +49 +50 +51 +52 +53 +54 +55 +56 +57 +60 +61 +62 +63 +64 +65 +66 +67 +68 +99 +69 +70 +71 +72 +73 +74 +76 +77 +78 +79 +80 +81 +82 +83 +100 $
>CP022559.1
+1 +2 +3 +4 +5 +6 +7 -11 -10 -9 -8 +12 +13 +14 +15 +16 +17 +18 +19 +20 +21 +22 +23 +24 +25 +26 +27 +28 +29 +30 +32 +33 +34 +35 +36 +37 +38 +39 +40 +41 +42 +43 +44 +45 +46 +47 +48 +49 +50 +51 +87 +52 +53 +54 +55 +56 +57 +60 +61 +62 +63 +64 +65 +66 +67 +68 +88 +69 +70 +71 +72 +73 +74 +75 +76 +77 +78 +79 +80 +81 +82 +83 $
>CP006686.1
+1 +2 +3 +4 +5 +6 +7 -11 -10 -9 -8 +12 +13 +14 +15 +16 +17 +18 +19 +20 +21 +22 +23 +24 +25 +26 +27 +28 +29 +30 +32 +33 +34 +35 +36 +37 +38 +39 +40 +41 +42 +43 +44 +45 +46 +47 +48 +49 +50 +51 +87 +52 +53 +54 +55 +56 +57 +60 +61 +62 +63 +64 +65 +66 +67 +68 +88 +69 +70 +71 +72 +73 +74 +75 +76 +77 +78 +79 +80 +81 +82 +83 $
>CP045048.1
+1 +2 +3 +4 +5 +6 +7 -11 -10 -9 -8 +12 +13 +14 +15 -59 -58 +16 +17 +18 +19 +20 +21 +22 +23 +24 +25 +26 +27 +28 +29 +30 +32 +33 +34 +35 +36 +37 +38 +39 +40 +41 +42 +43 +44 +31 +45 +46 +47 +48 +49 +50 +51 +87 +52 +53 +54 +55 +56 +57 +60 +61 +62 +63 +64 +65 +66 +67 +68 +69 +70 +71 +72 +73 +74 +76 +77 +78 +79 +80 +81 +82 +83 $
>CP041584.1
+1 +2 +3 +4 +5 +6 +7 -11 -10 -9 -8 +12 +13 +14 +15 +16 +17 +18 +19 +20 +21 +22 +23 +24 +25 +26 +27 +28 +29 -31 +30 +32 +33 +34 +35 +36 +37 +38 +39 +40 +41 +42 +43 +44 +97 +45 +46 +47 +48 +49 +50 +51 +87 +52 +53 +54 +55 +56 +57 +60 +61 +62 +63 +64 +65 +66 +67 +68 +69 +70 +71 +72 +73 +74 +75 +76 +77 +78 +79 +80 +81 +82 +83 $
>CP002029.1
+1 +2 +84 +3 +4 +5 +6 +7 -11 -10 -9 -8 +12 +13 +14 +15 +16 +17 +18 +19 +20 +21 +22 +23 +24 +25 +26 +27 +28 +29 +30 -31 +32 +33 +34 +35 +36 +37 +38 +39 +40 +41 +42 +43 +44 +45 +46 +47 +48 +49 +50 +51 +52 +53 +54 +55 +56 +57 +60 +61 +62 +63 +64 +65 +66 +67 +69 +70 +71 +72 +73 +74 +76 +77 +78 +79 +80 +81 +82 +83 $
>CP003871.4
+1 +2 +3 +4 +5 +6 +7 -11 -10 -9 -8 +12 +13 +14 +15 +16 +17 +18 +19 +20 +21 +22 +23 +24 +25 +26 +27 +28 +29 +30 +32 +33 +34 +35 +36 +37 +38 +39 +40 +41 +42 +43 +44 +45 +46 +47 +48 +49 +50 +51 +87 +52 +53 +54 +55 +56 +57 +60 +61 +62 +63 +64 +65 +66 +67 +68 +69 +70 +71 +72 +73 +74 +75 +76 +77 +78 +79 +80 +81 +82 +83 $
