>CP010058.1
+1 +2 +11 +12 +13 +14 +15 +16 +17 +19 +20 +21 +22 +23 +25 +26 +27 +28 +32 +33 +34 +35 +36 +37 +38 +39 +40 +41 +42 +43 +44 +45 +46 +47 +48 +49 +50 +51 +52 +53 +54 +55 +56 +60 +69 +70 +71 +72 +73 +74 +76 +81 +82 +83 @
>CP012206.1
-11 +12 +13 +14 +15 +16 +17 +19 +20 +21 +22 +23 +25 +26 +27 +28 +32 +33 +34 +35 +36 +37 +38 +39 +40 +41 +42 +43 +44 +45 +46 +47 +48 +49 +50 +51 +52 +53 +54 +55 +56 +60 +69 +70 +71 +72 +73 +74 +76 +81 +82 +83 +1 +2 @
>CP012210.1
-11 +12 +13 +14 +15 +16 +17 +21 +22 +23 +25 +26 +27 +28 +19 +20 +32 +33 +34 +35 +36 +37 +38 +39 +40 +41 +42 +43 +44 +45 +46 +47 +48 +49 +50 +51 +52 +53 +54 +55 +56 +60 +69 +70 +71 +72 +73 +74 +76 +81 +82 +83 +1 +2 @
>CP007192.1
+1 +2 -11 +12 +13 +14 +15 +16 +17 +19 +20 +21 +22 +23 +25 +26 +27 +28 +32 +33 +34 +35 +36 +37 +38 +39 +40 +41 +42 +43 +44 +45 +46 +47 +48 +49 +50 +51 +52 +53 +54 +55 +56 +60 +69 +70 +71 +72 +73 +74 +76 +81 +82 +83 @
>CP007193.1
+1 +2 -11 +12 +13 +14 +15 +16 +17 +19 +20 +21 +22 +23 +25 +26 +27 +28 +32 +33 +34 +35 +36 +37 +38 +39 +40 +41 +42 +43 +44 +45 +46 +47 +48 +49 +50 +51 +52 +53 +54 +55 +56 +60 +69 +70 +71 +72 +73 +74 +76 +81 +82 +83 @
>CP014742.1
+76 +81 +82 +83 +1 +2 -11 +12 +13 +14 +15 +16 +17 +19 +20 +21 +22 +23 +25 +26 +27 +28 +32 +33 +34 +35 +36 +37 +38 +39 +40 +41 +42 +43 +44 +45 +46 +47 +48 +49 +50 +51 +52 +53 +54 +55 +56 +60 +69 +70 +71 +72 +73 +74 @
>CP014744.1
+1 +2 -11 +12 +13 +14 +15 +16 +17 +19 +20 +21 +22 +23 +25 +26 +27 +28 +32 +33 +34 +35 +36 +37 +38 +39 +40 +41 +42 +43 +44 +45 +46 +47 +48 +49 +50 +51 +52 +53 +54 +55 +56 +60 +69 +70 +71 +72 +73 +74 +76 +81 +82 +83 @
>CP012214.1
-11 +12 +13 +14 +15 +16 +17 +19 +20 +21 +22 +23 +25 +26 +27 +28 +32 +33 +34 +35 +36 +37 +38 +39 +40 +41 +42 +43 +44 +45 +46 +47 +48 +49 +50 +51 +52 +53 +54 +55 +56 +60 +69 +70 +71 +72 +73 +74 +76 +81 +82 +83 +1 +2 @
>CP012220.1
-11 +12 +13 +14 +15 +16 +17 +19 +20 +21 +22 +23 +25 +26 +27 +28 +32 +33 +34 -35 +36 +37 +38 +39 +40 +41 +42 +43 +44 +45 +46 +47 +48 +49 +50 +51 +52 +53 +54 +55 +56 +60 +69 +70 +71 +72 +73 +74 +76 +81 +82 +83 +1 +2 @
>CP000814.1
+1 +2 -11 +12 +13 +14 +15 +16 +17 +19 +20 +21 +22 +23 +25 +26 +27 +28 +32 +33 +34 +35 +36 +37 +38 +39 +40 +41 +42 +43 +44 +45 +46 +47 +48 +49 +50 +51 +52 +53 +54 +55 +56 +60 +69 +70 +71 +72 +73 +74 +76 +81 +82 +83 @
>CP000025.1
+1 +2 -11 +12 +13 +14 +15 +16 +17 +19 +20 +21 +22 +23 +25 +26 +27 +28 +32 +33 +34 +35 +36 +37 +38 +39 +40 +41 +42 +43 +44 +45 +46 +47 +48 +49 +50 +51 +52 +53 +54 +55 +56 +60 +69 +70 +71 +72 +73 +74 +76 +81 +82 +83 @
>CM000854.1
+82 +83 +1 +2 -11 +12 +13 +14 +15 +16 +17 +19 +20 +21 +22 +23 +25 +26 +27 +28 +32 +33 +34 +35 +36 +37 +38 +39 +40 +41 +42 +43 +44 +45 +46 +47 +48 +49 +50 +51 +52 +53 +54 +55 +56 +60 +69 +70 +71 +72 +73 +74 +76 +81 @
>CP006687.1
+1 +2 -11 +12 +13 +14 +15 +16 +17 +19 +20 +21 +22 +23 +25 +26 +27 +28 +32 +33 +34 +35 +36 +37 +38 +39 +40 +41 +42 +43 +44 +45 +46 +47 +48 +49 +50 +51 +52 +53 +54 +55 +56 +60 +69 +70 +71 +72 +73 +74 +76 +81 +82 +83 @
>CP006688.1
+1 +2 -11 +12 +13 +14 +15 +16 +17 +19 +20 +21 +22 +23 +25 +26 +27 +28 +32 +33 +34 +35 +36 +37 +38 +39 +40 +41 +42 +43 +44 +45 +46 +47 +48 +49 +50 +51 +52 +53 +54 +55 +56 +60 +69 +70 +71 +72 +73 +74 +76 +81 +82 +83 @
>CP006709.2
+1 +2 +11 +12 +13 +14 +15 +16 +17 +19 +20 +21 +22 +23 +25 +26 +27 +28 +32 +33 +34 +35 +36 +37 +38 +39 +40 +41 +42 +43 +44 +45 +46 +47 +48 +49 +50 +51 +52 +53 +54 +55 +56 +60 +69 +70 +71 +72 +73 +74 +76 +81 +82 +83 @
>CP006851.1
+1 +2 -11 +12 +13 +14 +15 +16 +17 +19 +20 +21 +22 +23 +25 +26 +27 +28 +32 +33 +34 +35 +36 +37 +38 +39 +40 +41 +42 +43 +44 +45 +46 +47 +48 +49 +50 +51 +52 +53 +54 +55 +56 +60 +69 +70 +71 +72 +73 +74 +76 +81 +82 +83 @
>CP007188.1
+1 +2 -11 +12 +13 +14 +15 +16 +17 +19 +20 +21 +22 +23 +25 +26 +27 +28 +32 +33 +34 +35 +36 +37 +38 +39 +40 +41 +42 +43 +44 +45 +46 +47 +48 +49 +50 +51 +52 +53 +54 +55 +56 +60 +69 +70 +71 +72 +73 +74 +76 +81 +82 +83 @
>CP007189.1
+1 +2 -11 +12 +13 +14 +15 +16 +17 +19 +20 +21 +22 +23 +25 +26 +27 +28 +32 +33 +34 +35 +36 +37 +38 +39 +40 +41 +42 +43 +44 +45 +46 +47 +48 +49 +50 +51 +52 +53 +54 +55 +56 +60 +69 +70 +71 +72 +73 +74 +76 +81 +82 +83 @
>CP053659.1
+1 +2 -11 +12 +13 +14 +15 +16 +17 +19 +20 +21 +22 +23 +25 +26 +27 +28 +32 +33 +34 +35 +36 +37 +38 +39 +40 +41 +42 +43 +44 +45 +46 +47 +48 +49 +50 +51 +52 +53 +54 +55 +56 +60 -69 +70 +71 +72 +73 +74 +76 +81 +82 +83 @
>CP007191.1
+1 +2 -11 +12 +13 +14 +15 +16 +17 +19 +20 +21 +22 +23 +25 +26 +27 +28 +32 +33 +34 +35 +36 +37 +38 +39 +40 +41 +42 +43 +44 +45 +46 +47 +48 +49 +50 +51 +52 +53 +54 +55 +56 +60 +69 +70 +71 +72 +73 +74 +76 +81 +82 +83 @
>CP012217.1
-11 +12 +13 +14 +15 +16 +17 +76 +81 +82 +83 +1 +2 +19 +20 +21 +22 +23 +25 +26 +27 +28 +32 +33 +34 +35 +36 +37 +38 +39 +40 +41 +42 +43 +44 +45 +46 +47 +48 +49 +50 +51 +52 +53 +54 +55 +56 +60 +69 +70 +71 +72 +73 +74 @
>LR134502.1
+1 +2 -11 +12 +13 +14 +15 +16 +17 +19 +20 +21 +22 +23 +25 +26 +27 +28 +32 +33 +34 +35 +36 +37 +38 +39 +40 +41 +42 +43 +44 +45 +46 +47 +48 +49 +50 +51 +52 +53 +54 +55 +56 +60 +69 +70 +71 +72 +73 +74 +76 +81 +82 +83 @
>CP012221.1
-11 +12 +13 +14 +15 +16 +17 +19 +20 +21 +22 +23 +25 +26 +27 +28 +32 +33 +34 +35 +36 +37 +38 +39 +40 +41 +42 +43 +44 +45 +46 +47 +48 +49 +50 +51 +52 +53 +54 +55 +56 +60 +69 +70 +71 +72 +73 +74 +76 +81 +82 +83 +1 +2 @
>CP017860.1
-11 +12 +13 +14 +15 +16 +17 +19 +20 +21 +22 +23 +25 +26 +27 +28 +32 +33 +34 +35 +36 +37 +38 +39 +40 +41 +42 +43 +44 +45 +46 +47 +48 +49 +50 +51 +52 +53 +54 +55 +56 +60 +69 +70 +71 +72 +73 +74 +76 +81 +82 +83 +1 +2 @
>CP019965.1
+1 +2 -11 +12 +13 +14 +15 +16 +17 +19 +20 +21 +22 +23 +25 +26 +27 +28 +32 +33 +34 +35 +36 +37 +38 +39 +40 +41 +42 +43 +44 +45 +46 +47 +48 +49 +50 +51 +52 +53 +54 +55 +56 +60 +69 +70 +71 +72 +73 +74 +76 +81 +82 +83 @
>CP019838.1
+19 +20 +21 +22 +23 +25 +26 +27 +28 +32 +33 +34 +35 +36 +37 +38 +39 +40 +41 +42 +43 +44 +45 +46 +47 +48 +49 +50 +51 +52 +53 +54 +55 +56 +60 +69 +70 +71 +72 +73 +74 +76 +81 +82 +83 +1 +2 -11 +12 +13 +14 +15 +16 +17 @
>CP012696.1
+1 +2 -11 +12 +13 +14 +15 +16 +17 +19 +20 +21 +22 +23 +25 +26 +27 +28 +32 +33 +34 +35 +36 +37 +38 +39 +40 +41 +42 +43 +44 +45 +46 +47 +48 +49 +50 +51 +52 +53 +54 +55 +56 +60 +69 +70 +71 +72 +73 +74 +76 +81 +82 +83 @
>CP028912.1
+1 +2 -11 +12 +13 +14 +15 +16 +17 +19 +20 +21 +22 +23 +25 +26 +27 +28 +32 +33 +34 +35 +36 +37 +38 +39 +40 +41 +42 +43 +44 +45 +46 +47 +48 +49 +50 +51 +52 +53 +54 +55 +56 +60 +69 +70 +71 +72 +73 +74 +76 +81 +82 +83 @
>CP020776.1
+1 +2 +11 +12 +13 +14 +15 +16 +17 +19 +20 +21 +22 +23 +25 +26 +27 +28 +32 +33 +34 +35 +36 +37 +38 +39 +40 +41 +42 +43 +44 +45 +46 +47 +48 +49 +50 +51 +52 +53 +54 +55 +56 +60 +69 +70 +71 +72 +73 +74 +76 +81 +82 +83 @
>CP000768.1
+1 +2 -11 -60 -56 -55 -54 -53 -52 -51 -50 -49 -48 -47 -46 -45 -44 -43 -42 -40 -39 +37 +38 -27 -26 -25 +41 -36 -35 -34 -33 -32 -28 -23 -22 -21 -20 -19 -17 -16 -15 -14 -13 -12 +69 +70 +71 +72 +73 +74 +76 +81 +82 +83 @
>LR134497.1
+1 +2 -11 +12 +13 +14 +15 +16 +17 +19 +20 +21 +22 +23 +25 +26 +27 +28 +32 +33 +34 +35 +36 +37 +38 +39 +40 +41 +42 +43 +44 +45 +46 +47 +48 +49 +50 +51 +52 +53 +54 +55 +56 +60 +69 +70 +71 +72 +73 +74 +76 +81 +82 +83 @
>CP012211.1
-11 +12 +13 +14 +15 +16 +17 +19 +20 +21 +22 +23 +25 +26 +27 +28 +32 +33 +34 +35 +36 +37 +38 +39 +40 +41 +42 +43 +44 +45 +46 +47 +48 +49 +50 +51 +52 +53 +54 +55 +56 +60 +69 +70 +71 +72 +73 +74 +76 +81 +82 +83 +1 +2 @
>CP006006.1
+40 +41 +42 +43 +44 +45 +46 +47 +48 +49 +50 +51 +52 +53 +54 +55 +56 +60 +69 +70 +71 +72 +73 +74 +76 +81 +82 +83 +1 +2 -11 +12 +13 +14 +15 +16 +17 +19 +20 +21 +22 +23 +25 +26 +27 +28 +32 +33 +34 +35 +36 +37 +38 +39 @
>LS483295.1
+1 +2 -11 +12 +13 +14 +15 +16 +17 +19 +20 +21 +22 +23 +28 +25 +26 +27 +32 +33 +34 +35 +36 -41 -40 -39 -38 -37 +42 +43 +44 +45 +46 +47 +48 +49 +50 +51 +52 +53 +54 +55 +56 +60 +69 +70 +71 +72 +73 +74 +76 +81 +82 +83 @
>CP022080.1
-76 -74 -73 -72 -71 -70 -69 -60 -56 -55 -54 -53 -52 -51 -50 -49 -48 -47 -46 -45 -44 -43 -42 -41 -40 -39 -38 -37 -36 -35 -34 -33 -32 -28 -27 -26 -25 -23 -22 -21 -20 -19 -17 -16 -15 -14 -13 -12 +11 -2 -1 -83 -82 -81 @
>CP023867.1
-27 -26 -25 -23 -22 -21 -20 -19 -17 -16 -15 -14 -13 -12 +11 -2 -1 -83 -82 -81 -76 -74 -73 -72 -71 -70 -69 -60 -56 -55 -54 -53 -52 -51 -50 -49 -48 -47 -46 -45 -44 -43 -42 -41 -40 -39 -38 -37 -36 -35 -34 -33 -32 -28 @
>CP017029.1
+1 +2 -11 +12 +13 +14 +15 +16 +17 +19 +20 +21 +22 +23 +25 +26 +27 +28 +32 +33 +34 +35 +36 +37 +38 +39 +40 +41 +42 +43 +44 +45 +46 +47 +48 +49 +50 +51 +52 +53 +54 +55 +56 +60 +69 +70 +71 +72 +73 +74 +76 +81 +82 +83 @
>CP006685.1
+1 +2 -11 +12 +13 +14 +15 +16 +17 +19 +20 +21 +22 +23 +25 +26 +27 +28 +32 +33 +34 +35 +36 +37 +38 +39 +40 +41 +42 +43 +44 +45 +46 +47 +48 +49 +50 +51 +52 +53 +54 +55 +56 +60 +69 +70 +71 +72 +73 +74 +76 +81 +82 +83 @
>CP022470.1
+1 +2 -11 +12 +13 +14 +15 +16 +17 +19 +20 +21 +22 +23 +25 +26 +27 +28 +32 +33 +34 +35 +36 +37 +38 +39 +40 +41 +42 +43 +44 +45 +46 +47 +48 +49 +50 +51 +52 +53 +54 +55 +56 +60 +69 +70 +71 +72 +73 +74 +76 +81 +82 +83 @
>CP022440.1
+1 +2 -11 +12 +13 +14 +15 +16 +17 +19 +20 +21 +22 +23 +25 +26 +27 +28 +32 +33 +34 +35 +36 +37 +38 +39 +40 +41 +42 +43 +44 +45 +46 +47 +48 +49 +50 +51 +52 +53 +54 +55 +56 +60 +69 +70 +71 +72 +73 +74 +76 +81 +82 +83 @
>CP007751.1
+1 +2 -11 +12 +13 +14 +15 +16 +17 +19 +20 +21 +22 +23 +25 +26 +27 +28 +32 +33 +34 +35 +36 +37 +38 +39 +40 +41 +42 +43 +44 +45 +46 +47 +48 +49 +50 +51 +52 +53 +54 +55 +56 +60 +69 +70 +71 +72 +73 +74 +76 +81 +82 +83 @
>CP012213.1
-11 +12 +13 +14 +15 +16 +17 +19 +20 +21 +22 +23 +25 +26 +27 +28 +32 +33 +34 +35 +36 +37 +38 +39 +40 +41 +42 +43 +44 +45 +46 +47 +48 +49 +50 +51 +52 +53 +54 +55 +56 +60 +69 +70 +71 +72 +73 +74 +76 +81 +82 +83 +1 +2 @
>CP012216.1
+12 +13 +14 +15 +16 +17 -11 +69 +70 +71 +72 +73 +74 +76 +81 +82 +83 +1 +2 +19 +20 +21 +22 +23 +25 +26 +27 +28 +32 +33 +34 +35 +36 +37 +38 +39 +40 +41 +42 +43 +44 +45 +46 +47 +48 +49 +50 +51 +52 +53 +54 +55 +56 +60 @
>CP020045.1
+1 +2 -11 +12 +13 +14 +15 +16 +17 +19 +20 +21 +22 +23 +25 +26 +27 +28 +32 +33 +34 +35 +36 +37 +38 +39 +40 +41 +42 +43 +44 +45 +46 +47 +48 +49 +50 +51 +52 +53 +54 +55 +56 +60 +69 +70 +71 +72 +73 +74 +76 +81 +82 +83 @
>CP022439.1
+1 +2 -11 +12 +13 +14 +15 +16 +17 +19 +20 +21 +22 +23 +25 +26 +27 +28 +32 +33 +34 +35 +36 +37 +38 +39 +40 +41 +42 +43 +44 +45 +46 +47 +48 +49 +50 +51 +52 +53 +54 +55 +56 +60 +69 +70 +71 +72 +73 +74 +76 +81 +82 +83 @
>LR134359.1
+54 +55 +56 +60 +19 +20 +21 +22 +23 +25 +26 +27 +28 +32 +33 +34 +35 +36 +37 +38 +39 +40 +41 +42 +43 +44 +45 +46 +47 +48 +49 +50 +51 +52 +53 +69 +70 +71 +72 +73 +74 +76 +81 +82 +83 +1 +2 -11 +12 +13 +14 +15 +16 +17 @
>HE978252.1
+1 +2 -11 +12 +13 +14 +15 +16 +17 +19 +20 +21 +22 +23 +25 +26 +27 +28 +32 +33 +34 +35 +36 +37 +38 +39 +40 +41 +42 +43 +44 +45 +46 +47 +48 +49 +50 +51 +52 +53 +54 +55 +56 +60 +69 +70 +71 +72 +73 +74 +76 +81 +82 +83 @
>CP023446.1
-2 -1 -83 -82 -81 +12 +13 +14 +15 +16 +17 +19 +20 +21 +22 +23 +25 +26 +27 +28 +32 +33 +34 +35 +36 +37 +38 +39 +40 +41 +42 +43 +44 +45 +46 +47 +48 +49 +50 +51 +52 +53 +54 +55 +56 +60 +69 +70 +71 +72 +73 +74 +76 +11 @
>CP017862.1
+81 +82 +83 +1 -37 -36 +2 -11 +12 +13 +14 +15 +16 +17 +19 +20 +21 +22 +23 +25 +26 +27 +28 +32 +33 +34 +35 +38 +39 +40 +41 +42 +43 +44 +45 +46 +47 +48 +49 +50 +51 +52 +53 +54 +55 +56 +60 +69 +70 +71 +72 +73 +74 +76 @
>CP017031.1
+1 +2 -11 +12 +13 +14 +15 +16 +17 +19 +20 +21 +22 +23 +25 +26 +27 +28 +32 +33 +34 +35 +36 +37 +38 +39 +40 +41 +42 +43 +44 +45 +46 +47 +48 +49 +50 +51 +52 +53 +54 +55 +56 +60 +69 +70 +71 +72 +73 +74 +76 +81 +82 +83 @
>CP017229.1
+1 +2 -11 +12 +13 +14 +15 +16 +17 +19 +20 +21 +22 +23 +25 +26 +27 +28 +32 +33 +34 +35 +36 +37 +38 +39 +40 +41 +42 +43 +44 +45 +46 +47 +48 +49 +50 +51 +52 +53 +54 +55 +56 +60 +69 +70 +71 +72 +73 +74 +76 +81 +82 +83 @
>CP010307.1
+1 +2 +11 +12 +13 +14 +15 +16 +17 +19 +20 +21 +22 +23 +25 +26 +27 +28 +32 +33 +34 +35 +36 +37 +38 +39 +40 +41 +42 +43 +44 +45 +46 +47 +48 +49 +50 +51 +52 +53 +54 +55 +56 +60 +69 +70 +71 +72 +73 +74 +76 +81 +82 +83 @
>CP012689.1
+1 +2 -11 +12 +13 +14 +15 +16 +17 +19 +20 +21 +22 +23 +25 +26 +27 +28 +32 +33 +34 +35 +36 +37 +38 +39 +40 +41 +42 +43 +44 +45 +46 +47 +48 +49 +50 +51 +52 +53 +54 +55 +56 +60 +69 +70 +71 +72 +73 +74 +76 +81 +82 +83 @
>CP028911.1
+1 +2 -11 +12 +13 +14 +15 +16 +17 +19 +20 +21 +22 +23 +25 +26 +27 +28 +32 +33 +34 +35 +36 +37 +38 +39 +40 +41 +42 +43 +44 +45 +46 +47 +48 +49 +50 +51 +52 +53 +54 +55 +56 +60 +69 +70 +71 +72 +73 +74 +76 +81 +82 +83 @
>CP008787.1
+1 +2 -11 +12 +13 +14 +15 +16 +17 +19 +20 +21 +22 +23 +25 +26 +27 +28 +32 +33 +34 +35 +36 +37 +38 +39 +40 +41 +42 +43 +44 +45 +46 +47 +48 +49 +50 +51 +52 +53 +54 +55 +56 +60 +69 +70 +71 +72 +73 +74 +76 +81 +82 +83 @
>CP022079.1
+1 +2 -11 +12 +13 +14 +15 +16 +17 +19 +20 +21 +22 +23 +25 +26 +27 +28 +32 +33 +34 +35 +36 +37 +38 +39 +40 +41 +42 +43 +44 +45 +46 +47 +48 +49 +50 +51 +52 +53 +54 +55 +56 +60 +69 +70 +71 +72 +73 +74 +76 +81 +82 +83 @
>CP022077.1
-76 -74 -73 -72 -71 -70 -69 -60 -56 -55 -54 -53 -52 -51 -50 -49 -48 -47 -46 -45 -44 -43 -42 -41 -40 -39 -38 -37 -36 -35 -34 -33 -32 -28 -27 -26 -25 -23 -22 -21 -20 -19 -17 -16 -15 -14 -13 -12 -11 -2 -1 -83 -82 -81 @
>CP015209.1
+1 +2 -11 +12 +13 +14 +15 +16 +17 +19 +20 +21 +22 +23 +25 +26 +27 +28 +32 +33 +34 +35 +36 +37 +38 +39 +40 +41 +42 +43 +44 +45 +46 +47 +48 +49 +50 +51 +52 +53 +54 +55 +56 +60 +69 +70 +71 +72 +73 +74 +76 +81 +82 +83 @
>CM000855.1
-11 +12 +13 +14 +15 +16 +17 +19 +20 +21 +22 +23 +25 +26 +27 +28 +32 +33 +34 +35 +36 +37 +38 +39 +40 +41 +42 +43 +44 +45 +46 +47 +48 +49 +50 +51 +52 +53 +54 +55 +56 +60 +69 +70 +71 +72 +73 +74 +76 +81 +82 +83 +1 +2 @
>CP017863.1
-14 -13 -12 -11 +15 +16 +17 +19 +20 +21 +22 +23 +25 +26 +27 +28 +32 +33 +34 +35 +36 +37 +38 +39 +40 +41 +42 +43 +44 +45 +46 +47 +48 +49 +50 +51 +52 +53 +54 +55 +56 +60 +69 +70 +71 +72 +73 +74 +76 +81 +82 +83 +1 +2 @
>CP027403.1
+70 +71 +72 +73 +74 +76 +81 +82 +83 +1 +2 -11 -60 -56 -55 -54 -53 -52 -51 -50 -49 -48 -47 -46 -45 -44 -43 -42 -40 -39 +37 +38 -27 -26 -25 +41 -36 -35 -34 -33 -32 -28 -23 -22 -21 -20 -19 -17 -16 -15 -14 -13 -12 +69 @
>CP023866.1
+69 +70 +71 +72 +73 +74 +76 +81 +82 +83 +1 +2 -11 +12 +13 +14 +15 +16 +17 +19 +20 +21 +22 +23 +25 +26 +27 +28 +32 +33 +34 +35 +36 +37 +38 +39 +40 +41 +42 +43 +44 +45 +46 +47 +48 +49 +50 +51 +52 +53 +54 +55 +56 +60 @
>CP028372.1
+1 +2 -11 +12 +13 +14 +15 +16 +17 +19 +20 +21 +22 +23 +25 +26 +27 +28 +32 +33 +34 +35 +36 +37 +38 +39 +40 +41 +42 +43 +44 +45 +46 +47 +48 +49 +50 +51 +52 +53 +54 +55 +56 +60 +69 +70 +71 +72 +73 +74 +76 +81 +82 +83 @
>LR134530.1
+1 +2 +81 +11 +12 +13 +14 +15 +16 +17 +19 +20 +21 +22 +23 +28 -56 -42 +37 +38 +39 +40 -27 -26 -25 +41 -36 -35 -34 -33 -32 +55 +43 +44 +45 +46 +47 +48 +49 +50 +51 +52 +53 +54 +60 +69 +70 +71 +72 +73 +74 +76 +82 +83 @
>CP023543.1
+20 +21 +22 +23 +25 +26 +27 +28 +32 +33 +34 +35 +36 +37 +38 +39 +40 +41 +42 +43 +44 +45 +46 +47 +48 +49 +50 +51 +52 +53 +54 +55 +56 +60 +69 +70 +71 +72 +73 +74 +76 +81 +82 +83 +1 +2 -11 +12 +13 +14 +15 +16 +17 +19 @
>CP007190.1
+1 +2 -11 +12 +13 +14 +15 +16 +17 +19 +20 +21 +22 +23 +25 +26 +27 +28 +32 +33 +34 +35 +36 +37 +38 +39 +40 +41 +42 +43 +44 +45 +46 +47 +48 +49 +50 +51 +52 +53 +54 +55 +56 +60 +69 +70 +71 +72 +73 +74 +76 +81 +82 +83 @
>CP028910.1
+1 +2 +11 +12 +13 +14 +15 +16 +17 +19 +20 +21 +22 +23 +25 +26 +27 +28 +32 +33 +34 +35 +36 +37 +38 +39 +40 +41 +42 +43 +44 +45 +46 +47 +48 +49 +50 +51 +52 +53 +54 +55 +56 +60 +69 +70 +71 +72 +73 +74 +76 +81 +82 +83 @
>CP001876.1
+1 +2 -11 +12 +13 +14 +15 +16 +17 +19 +20 +21 +22 +23 +25 +26 +27 +28 +32 +33 +34 +35 +36 +37 +38 +39 +40 +41 +42 +43 +44 +45 +46 +47 +48 +49 +50 +51 +52 +53 +54 +55 +56 +60 +69 +70 +71 +72 +73 +74 +76 +81 +82 +83 @
>CP001960.1
+1 +2 -11 +12 +13 +14 +15 +16 +17 +19 +20 +21 +22 +23 +25 +26 +27 +28 +32 +33 +34 +35 +36 +37 +38 +39 +40 +41 +42 +43 +44 +45 +46 +47 +48 +49 +50 +51 +52 +53 +54 +55 +56 +60 +69 +70 +71 +72 +73 +74 +76 +81 +82 +83 @
>CP022076.1
+76 +81 +82 +83 +1 +2 -11 +12 +13 +14 +15 +16 +17 +19 +20 +21 +22 +23 +25 +26 +27 +28 +32 +33 +34 +35 +36 +37 +38 +39 +40 +41 +42 +43 +44 +45 +46 +47 +48 +49 +50 +51 +52 +53 +54 +55 +56 +60 +69 +70 +71 +72 +73 +74 @
>CP006689.1
+1 +2 -11 +12 +13 +14 +15 +16 +17 +19 +20 +21 +22 +23 +25 +26 +27 +28 +32 +33 +34 +35 +36 +37 +38 +39 +40 +41 +42 +43 +44 +45 +46 +47 +48 +49 +50 +51 +52 +53 +54 +55 +56 +60 +69 +70 +71 +72 +73 +74 +76 +81 +82 +83 @
>CP045789.1
+20 +21 +22 +23 +25 +26 +27 +28 +32 +33 +34 +35 +36 +37 +38 +39 +40 +41 +42 +43 +44 +45 +46 +47 +48 +49 +50 +51 +52 +53 +54 +55 +56 +60 +69 +70 +71 +72 +73 +74 +76 +81 +82 +83 +1 +2 -11 +12 +13 +14 +15 +16 +17 +19 @
>CP023343.1
-11 +12 +13 +14 +15 +16 +17 +19 +20 +21 +22 +23 +25 +26 +27 +28 +32 +33 +34 +35 +36 +37 +38 +39 +40 +41 +42 +43 +44 +45 +46 +47 +48 +49 +50 +51 +52 +53 +54 +55 +56 +60 +69 +70 +71 +72 +73 +74 +76 +81 +82 +83 +1 +2 @
>CP012149.1
+1 +2 -11 +12 +13 +14 +15 +16 +17 +19 +20 +21 +22 +23 +25 +26 +27 +28 +32 +33 +34 +35 +36 +37 +38 +39 +40 +41 +42 +43 +44 +45 +46 +47 +48 +49 +50 +51 +52 +53 +54 +55 +56 +60 +69 +70 +71 +72 +73 +74 +76 +81 +82 +83 @
>HG428754.1
+1 +2 -11 +12 +13 +14 +15 +16 +17 +19 +20 +21 +22 +23 +25 +26 +27 +28 +32 +33 +34 +35 +36 +37 +38 +39 +40 +41 +42 +43 +44 +45 +46 +47 +48 +49 +50 +51 +52 +53 +54 +55 +56 +60 +69 +70 +71 +72 +73 +74 +76 +81 +82 +83 @
>CP014344.1
+1 +2 -11 +12 +13 +14 +15 +16 +17 +19 +20 +21 +22 +23 +25 +26 +27 +28 +32 +33 +34 +35 +36 +37 +38 +39 +40 +41 +42 +43 +44 +45 +46 +47 +48 +49 +50 +51 +52 +53 +54 +55 +56 +60 +69 +70 +71 +72 +73 +74 +76 +81 +82 +83 @
>LS483362.1
+1 +2 +11 +12 +13 +14 +15 +16 +17 +19 +20 +21 +22 +23 +25 +26 +27 +28 +32 +33 +34 +35 +36 +37 +38 +39 +40 +41 +42 +43 +44 +45 +46 +47 +48 +49 +50 +51 +52 +53 +54 +55 +56 +60 +69 +70 +71 +72 +73 +74 +76 +81 +82 +83 @
>CP012224.1
-11 +12 +13 +14 +15 +16 +17 +19 +20 +21 +22 +23 +25 +26 +27 +28 +32 +33 +34 +35 +36 +37 +38 +39 +40 +41 +42 +43 +44 +45 +46 +47 +48 +49 +50 +51 +52 +53 +54 +55 +56 +60 +69 +70 +71 +72 +73 +74 +76 +81 +82 +83 +1 +2 @
>CP047478.1
-27 -26 -25 -23 -22 -21 -20 -19 -17 -16 -15 -14 -13 -12 +11 -2 -1 -83 -82 -81 -76 -74 -73 -72 -71 -70 -69 -60 -56 -55 -54 -53 -52 -51 -50 -49 -48 -47 -46 -45 -44 -43 -42 -41 -40 -39 -38 -37 -36 -35 -34 -33 -32 -28 @
>LR134507.1
+1 +2 -11 +12 +13 +14 +15 +16 +17 +19 +20 +21 +22 +23 +25 +26 +27 +28 +32 +33 +34 +35 +36 +37 +38 +39 +40 +41 +42 +43 +44 +45 +46 +47 +48 +49 +50 +51 +52 +53 +54 +55 +56 +60 +69 +70 +71 +72 +73 +74 +76 +81 +82 +83 @
>CP034393.1
+1 +2 -11 +12 +13 +14 +15 +16 +17 +19 +20 +21 +22 +23 +25 +26 +27 +28 +32 +33 +34 +35 +36 +37 +38 +39 +40 +41 +42 +43 +44 +45 +46 +47 +48 +49 +50 +51 +52 +53 +54 +55 +56 +60 +69 +70 +71 +72 +73 +74 +76 +81 +82 +83 @
>AL111168.1
+1 +2 -11 +12 +13 +14 +15 +16 +17 +19 +20 +21 +22 +23 +25 +26 +27 +28 +32 +33 +34 +35 +36 +37 +38 +39 +40 +41 +42 +43 +44 +45 +46 +47 +48 +49 +50 +51 +52 +53 +54 +55 +56 +60 +69 +70 +71 +72 +73 +74 +76 +81 +82 +83 @
>CP017456.1
+1 +2 -11 +12 +13 +14 +15 +16 +17 +19 +20 +21 +22 +23 +25 +26 +27 +28 +32 +33 +34 +35 +36 +37 +38 +39 +40 +41 +42 +43 +44 +45 +46 +47 +48 +49 +50 +51 +52 +53 +54 +55 +56 +60 +69 +70 +71 +72 +73 +74 +76 +81 +82 +83 @
>CP047484.1
-11 +12 +13 +14 +15 +16 +17 +19 +20 +21 +22 +23 +25 +26 +27 +28 +32 +33 +34 +35 +36 +37 +38 +39 +40 +41 +42 +43 +44 +45 +46 +47 +48 +49 +50 +51 +52 +53 +54 +55 +56 +60 +69 +70 +71 +72 +73 +74 +76 +81 +82 +83 +1 +2 @
>LR134511.1
+1 +2 -11 +12 +13 +14 +15 +16 +17 +19 +20 +21 +22 +23 +25 +26 +27 +28 +32 +33 +34 +35 +36 +37 +38 +39 +40 +41 +42 +43 +44 +45 +46 +47 +48 +49 +50 +51 +52 +53 +54 +55 +56 +60 +69 +70 +71 +72 +73 +74 +76 +81 +82 +83 @
>CP001900.1
+1 +2 -11 +12 +13 +14 +15 +16 +17 +19 +20 +21 +22 +23 +25 +26 +27 +28 +32 +33 +34 +35 +36 +37 +38 +39 +40 +41 +42 +43 +44 +45 +46 +47 +48 +49 +50 +51 +52 +53 +54 +55 +56 +60 +69 +70 +71 +72 +73 +74 +76 +81 +82 +83 @
>CP047480.1
+19 +20 +21 +22 +23 +25 +26 +27 +28 +32 +33 +34 +35 +36 +37 +38 +39 +40 +41 +42 +43 +44 +45 +46 +47 +48 +49 +50 +51 +52 +53 +54 +55 +56 +60 +69 +70 +71 +72 +73 +74 +76 +81 +82 +83 +1 +2 -11 +12 +13 +14 +15 +16 +17 @
>CP012690.1
+1 +2 -11 +12 +13 +14 +15 +16 +17 +19 +20 +21 +22 +23 +25 +26 +27 +28 +32 +33 +34 +35 +36 +37 +38 +39 +40 +41 +42 +43 +44 +45 +46 +47 +48 +49 +50 +51 +52 +53 +54 +55 +56 +60 +69 +70 +71 +72 +73 +74 +76 +81 +82 +83 @
>CP005388.1
+1 +2 -11 +12 +13 +14 +15 +16 +17 +19 +20 +21 +22 +23 +25 +26 +27 +28 +32 +33 +34 +35 +36 +37 +38 +39 +40 +41 +42 +43 +44 +45 +46 +47 +48 +49 +50 +51 +52 +53 +54 +55 +56 +60 +69 +70 +71 +72 +73 +74 +76 +81 +82 +83 @
>CP047477.1
-28 -27 -26 -25 -23 -22 -21 -20 -19 -17 -16 -15 -14 -13 -12 +11 -2 -1 -83 -82 -81 -76 -74 -73 -72 -71 -70 -69 -60 -56 -55 -54 -53 -52 -51 -50 -49 -48 -47 -46 -45 -44 -43 -42 -41 -40 -39 -38 -37 -36 -35 -34 -33 -32 @
>LN831025.1
+1 +2 -11 +12 +13 +14 +15 +16 +17 +19 +20 +21 +22 +23 +25 +26 +27 +28 +32 +33 +34 +35 +36 +37 +38 +39 +40 +41 +42 +43 +44 +45 +46 +47 +48 +49 +50 +51 +52 +53 +54 +55 +56 +60 +69 +70 +71 +72 +73 +74 +76 +81 +82 +83 @
>CP022559.1
+1 +2 -11 +12 +13 +14 +15 +16 +17 +19 +20 +21 +22 +23 +25 +26 +27 +28 +32 +33 +34 +35 +36 +37 +38 +39 +40 +41 +42 +43 +44 +45 +46 +47 +48 +49 +50 +51 +52 +53 +54 +55 +56 +60 +69 +70 +71 +72 +73 +74 +76 +81 +82 +83 @
>CP006686.1
+1 +2 -11 +12 +13 +14 +15 +16 +17 +19 +20 +21 +22 +23 +25 +26 +27 +28 +32 +33 +34 +35 +36 +37 +38 +39 +40 +41 +42 +43 +44 +45 +46 +47 +48 +49 +50 +51 +52 +53 +54 +55 +56 +60 +69 +70 +71 +72 +73 +74 +76 +81 +82 +83 @
>CP045048.1
+1 +2 -11 +12 +13 +14 +15 +16 +17 +19 +20 +21 +22 +23 +25 +26 +27 +28 +32 +33 +34 +35 +36 +37 +38 +39 +40 +41 +42 +43 +44 +45 +46 +47 +48 +49 +50 +51 +52 +53 +54 +55 +56 +60 +69 +70 +71 +72 +73 +74 +76 +81 +82 +83 @
>CP041584.1
+1 +2 -11 +12 +13 +14 +15 +16 +17 +19 +20 +21 +22 +23 +25 +26 +27 +28 +32 +33 +34 +35 +36 +37 +38 +39 +40 +41 +42 +43 +44 +45 +46 +47 +48 +49 +50 +51 +52 +53 +54 +55 +56 +60 +69 +70 +71 +72 +73 +74 +76 +81 +82 +83 @
>CP002029.1
+1 +2 -11 +12 +13 +14 +15 +16 +17 +19 +20 +21 +22 +23 +25 +26 +27 +28 +32 +33 +34 +35 +36 +37 +38 +39 +40 +41 +42 +43 +44 +45 +46 +47 +48 +49 +50 +51 +52 +53 +54 +55 +56 +60 +69 +70 +71 +72 +73 +74 +76 +81 +82 +83 @
>CP003871.4
+1 +2 -11 +12 +13 +14 +15 +16 +17 +19 +20 +21 +22 +23 +25 +26 +27 +28 +32 +33 +34 +35 +36 +37 +38 +39 +40 +41 +42 +43 +44 +45 +46 +47 +48 +49 +50 +51 +52 +53 +54 +55 +56 +60 +69 +70 +71 +72 +73 +74 +76 +81 +82 +83 @
