>CP010058_1
+1 +2 +11 +12 +13 +14 +15 +16 +17 +19 +20 +21 +22 +23 +25 +26 +27 +28 +32 +33 +34 +35 +36 +37 +38 +39 +40 +41 +42 +43 +44 +45 +46 +47 +48 +49 +50 +51 +52 +53 +54 +55 +56 +60 +69 +70 +71 +72 +73 +74 +76 +81 +82 +83
>CP012206_1
+1 +2 -11 +12 +13 +14 +15 +16 +17 +19 +20 +21 +22 +23 +25 +26 +27 +28 +32 +33 +34 +35 +36 +37 +38 +39 +40 +41 +42 +43 +44 +45 +46 +47 +48 +49 +50 +51 +52 +53 +54 +55 +56 +60 +69 +70 +71 +72 +73 +74 +76 +81 +82 +83
>CP012210_1
+1 +2 -11 +12 +13 +14 +15 +16 +17 +21 +22 +23 +25 +26 +27 +28 +19 +20 +32 +33 +34 +35 +36 +37 +38 +39 +40 +41 +42 +43 +44 +45 +46 +47 +48 +49 +50 +51 +52 +53 +54 +55 +56 +60 +69 +70 +71 +72 +73 +74 +76 +81 +82 +83
>CP007192_1
+1 +2 -11 +12 +13 +14 +15 +16 +17 +19 +20 +21 +22 +23 +25 +26 +27 +28 +32 +33 +34 +35 +36 +37 +38 +39 +40 +41 +42 +43 +44 +45 +46 +47 +48 +49 +50 +51 +52 +53 +54 +55 +56 +60 +69 +70 +71 +72 +73 +74 +76 +81 +82 +83
>CP007193_1
+1 +2 -11 +12 +13 +14 +15 +16 +17 +19 +20 +21 +22 +23 +25 +26 +27 +28 +32 +33 +34 +35 +36 +37 +38 +39 +40 +41 +42 +43 +44 +45 +46 +47 +48 +49 +50 +51 +52 +53 +54 +55 +56 +60 +69 +70 +71 +72 +73 +74 +76 +81 +82 +83
>CP014742_1
+1 +2 -11 +12 +13 +14 +15 +16 +17 +19 +20 +21 +22 +23 +25 +26 +27 +28 +32 +33 +34 +35 +36 +37 +38 +39 +40 +41 +42 +43 +44 +45 +46 +47 +48 +49 +50 +51 +52 +53 +54 +55 +56 +60 +69 +70 +71 +72 +73 +74 +76 +81 +82 +83
>CP014744_1
+1 +2 -11 +12 +13 +14 +15 +16 +17 +19 +20 +21 +22 +23 +25 +26 +27 +28 +32 +33 +34 +35 +36 +37 +38 +39 +40 +41 +42 +43 +44 +45 +46 +47 +48 +49 +50 +51 +52 +53 +54 +55 +56 +60 +69 +70 +71 +72 +73 +74 +76 +81 +82 +83
>CP012214_1
+1 +2 -11 +12 +13 +14 +15 +16 +17 +19 +20 +21 +22 +23 +25 +26 +27 +28 +32 +33 +34 +35 +36 +37 +38 +39 +40 +41 +42 +43 +44 +45 +46 +47 +48 +49 +50 +51 +52 +53 +54 +55 +56 +60 +69 +70 +71 +72 +73 +74 +76 +81 +82 +83
>CP012220_1
+1 +2 -11 +12 +13 +14 +15 +16 +17 +19 +20 +21 +22 +23 +25 +26 +27 +28 +32 +33 +34 -35 +36 +37 +38 +39 +40 +41 +42 +43 +44 +45 +46 +47 +48 +49 +50 +51 +52 +53 +54 +55 +56 +60 +69 +70 +71 +72 +73 +74 +76 +81 +82 +83
>CP000814_1
+1 +2 -11 +12 +13 +14 +15 +16 +17 +19 +20 +21 +22 +23 +25 +26 +27 +28 +32 +33 +34 +35 +36 +37 +38 +39 +40 +41 +42 +43 +44 +45 +46 +47 +48 +49 +50 +51 +52 +53 +54 +55 +56 +60 +69 +70 +71 +72 +73 +74 +76 +81 +82 +83
>CP000025_1
+1 +2 -11 +12 +13 +14 +15 +16 +17 +19 +20 +21 +22 +23 +25 +26 +27 +28 +32 +33 +34 +35 +36 +37 +38 +39 +40 +41 +42 +43 +44 +45 +46 +47 +48 +49 +50 +51 +52 +53 +54 +55 +56 +60 +69 +70 +71 +72 +73 +74 +76 +81 +82 +83
>CM000854_1
+1 +2 -11 +12 +13 +14 +15 +16 +17 +19 +20 +21 +22 +23 +25 +26 +27 +28 +32 +33 +34 +35 +36 +37 +38 +39 +40 +41 +42 +43 +44 +45 +46 +47 +48 +49 +50 +51 +52 +53 +54 +55 +56 +60 +69 +70 +71 +72 +73 +74 +76 +81 +82 +83
>CP006687_1
+1 +2 -11 +12 +13 +14 +15 +16 +17 +19 +20 +21 +22 +23 +25 +26 +27 +28 +32 +33 +34 +35 +36 +37 +38 +39 +40 +41 +42 +43 +44 +45 +46 +47 +48 +49 +50 +51 +52 +53 +54 +55 +56 +60 +69 +70 +71 +72 +73 +74 +76 +81 +82 +83
>CP006688_1
+1 +2 -11 +12 +13 +14 +15 +16 +17 +19 +20 +21 +22 +23 +25 +26 +27 +28 +32 +33 +34 +35 +36 +37 +38 +39 +40 +41 +42 +43 +44 +45 +46 +47 +48 +49 +50 +51 +52 +53 +54 +55 +56 +60 +69 +70 +71 +72 +73 +74 +76 +81 +82 +83
>CP006709_2
+1 +2 +11 +12 +13 +14 +15 +16 +17 +19 +20 +21 +22 +23 +25 +26 +27 +28 +32 +33 +34 +35 +36 +37 +38 +39 +40 +41 +42 +43 +44 +45 +46 +47 +48 +49 +50 +51 +52 +53 +54 +55 +56 +60 +69 +70 +71 +72 +73 +74 +76 +81 +82 +83
>CP006851_1
+1 +2 -11 +12 +13 +14 +15 +16 +17 +19 +20 +21 +22 +23 +25 +26 +27 +28 +32 +33 +34 +35 +36 +37 +38 +39 +40 +41 +42 +43 +44 +45 +46 +47 +48 +49 +50 +51 +52 +53 +54 +55 +56 +60 +69 +70 +71 +72 +73 +74 +76 +81 +82 +83
>CP007188_1
+1 +2 -11 +12 +13 +14 +15 +16 +17 +19 +20 +21 +22 +23 +25 +26 +27 +28 +32 +33 +34 +35 +36 +37 +38 +39 +40 +41 +42 +43 +44 +45 +46 +47 +48 +49 +50 +51 +52 +53 +54 +55 +56 +60 +69 +70 +71 +72 +73 +74 +76 +81 +82 +83
>CP007189_1
+1 +2 -11 +12 +13 +14 +15 +16 +17 +19 +20 +21 +22 +23 +25 +26 +27 +28 +32 +33 +34 +35 +36 +37 +38 +39 +40 +41 +42 +43 +44 +45 +46 +47 +48 +49 +50 +51 +52 +53 +54 +55 +56 +60 +69 +70 +71 +72 +73 +74 +76 +81 +82 +83
>CP053659_1
+1 +2 -11 +12 +13 +14 +15 +16 +17 +19 +20 +21 +22 +23 +25 +26 +27 +28 +32 +33 +34 +35 +36 +37 +38 +39 +40 +41 +42 +43 +44 +45 +46 +47 +48 +49 +50 +51 +52 +53 +54 +55 +56 +60 -69 +70 +71 +72 +73 +74 +76 +81 +82 +83
>CP007191_1
+1 +2 -11 +12 +13 +14 +15 +16 +17 +19 +20 +21 +22 +23 +25 +26 +27 +28 +32 +33 +34 +35 +36 +37 +38 +39 +40 +41 +42 +43 +44 +45 +46 +47 +48 +49 +50 +51 +52 +53 +54 +55 +56 +60 +69 +70 +71 +72 +73 +74 +76 +81 +82 +83
>CP012217_1
+1 +2 +19 +20 +21 +22 +23 +25 +26 +27 +28 +32 +33 +34 +35 +36 +37 +38 +39 +40 +41 +42 +43 +44 +45 +46 +47 +48 +49 +50 +51 +52 +53 +54 +55 +56 +60 +69 +70 +71 +72 +73 +74 -11 +12 +13 +14 +15 +16 +17 +76 +81 +82 +83
>LR134502_1
+1 +2 -11 +12 +13 +14 +15 +16 +17 +19 +20 +21 +22 +23 +25 +26 +27 +28 +32 +33 +34 +35 +36 +37 +38 +39 +40 +41 +42 +43 +44 +45 +46 +47 +48 +49 +50 +51 +52 +53 +54 +55 +56 +60 +69 +70 +71 +72 +73 +74 +76 +81 +82 +83
>CP012221_1
+1 +2 -11 +12 +13 +14 +15 +16 +17 +19 +20 +21 +22 +23 +25 +26 +27 +28 +32 +33 +34 +35 +36 +37 +38 +39 +40 +41 +42 +43 +44 +45 +46 +47 +48 +49 +50 +51 +52 +53 +54 +55 +56 +60 +69 +70 +71 +72 +73 +74 +76 +81 +82 +83
>CP017860_1
+1 +2 -11 +12 +13 +14 +15 +16 +17 +19 +20 +21 +22 +23 +25 +26 +27 +28 +32 +33 +34 +35 +36 +37 +38 +39 +40 +41 +42 +43 +44 +45 +46 +47 +48 +49 +50 +51 +52 +53 +54 +55 +56 +60 +69 +70 +71 +72 +73 +74 +76 +81 +82 +83
>CP019965_1
+1 +2 -11 +12 +13 +14 +15 +16 +17 +19 +20 +21 +22 +23 +25 +26 +27 +28 +32 +33 +34 +35 +36 +37 +38 +39 +40 +41 +42 +43 +44 +45 +46 +47 +48 +49 +50 +51 +52 +53 +54 +55 +56 +60 +69 +70 +71 +72 +73 +74 +76 +81 +82 +83
>CP019838_1
+1 +2 -11 +12 +13 +14 +15 +16 +17 +19 +20 +21 +22 +23 +25 +26 +27 +28 +32 +33 +34 +35 +36 +37 +38 +39 +40 +41 +42 +43 +44 +45 +46 +47 +48 +49 +50 +51 +52 +53 +54 +55 +56 +60 +69 +70 +71 +72 +73 +74 +76 +81 +82 +83
>CP012696_1
+1 +2 -11 +12 +13 +14 +15 +16 +17 +19 +20 +21 +22 +23 +25 +26 +27 +28 +32 +33 +34 +35 +36 +37 +38 +39 +40 +41 +42 +43 +44 +45 +46 +47 +48 +49 +50 +51 +52 +53 +54 +55 +56 +60 +69 +70 +71 +72 +73 +74 +76 +81 +82 +83
>CP028912_1
+1 +2 -11 +12 +13 +14 +15 +16 +17 +19 +20 +21 +22 +23 +25 +26 +27 +28 +32 +33 +34 +35 +36 +37 +38 +39 +40 +41 +42 +43 +44 +45 +46 +47 +48 +49 +50 +51 +52 +53 +54 +55 +56 +60 +69 +70 +71 +72 +73 +74 +76 +81 +82 +83
>CP020776_1
+1 +2 +11 +12 +13 +14 +15 +16 +17 +19 +20 +21 +22 +23 +25 +26 +27 +28 +32 +33 +34 +35 +36 +37 +38 +39 +40 +41 +42 +43 +44 +45 +46 +47 +48 +49 +50 +51 +52 +53 +54 +55 +56 +60 +69 +70 +71 +72 +73 +74 +76 +81 +82 +83
>CP000768_1
+1 +2 -11 -60 -56 -55 -54 -53 -52 -51 -50 -49 -48 -47 -46 -45 -44 -43 -42 -40 -39 +37 +38 -27 -26 -25 +41 -36 -35 -34 -33 -32 -28 -23 -22 -21 -20 -19 -17 -16 -15 -14 -13 -12 +69 +70 +71 +72 +73 +74 +76 +81 +82 +83
>LR134497_1
+1 +2 -11 +12 +13 +14 +15 +16 +17 +19 +20 +21 +22 +23 +25 +26 +27 +28 +32 +33 +34 +35 +36 +37 +38 +39 +40 +41 +42 +43 +44 +45 +46 +47 +48 +49 +50 +51 +52 +53 +54 +55 +56 +60 +69 +70 +71 +72 +73 +74 +76 +81 +82 +83
>CP012211_1
+1 +2 -11 +12 +13 +14 +15 +16 +17 +19 +20 +21 +22 +23 +25 +26 +27 +28 +32 +33 +34 +35 +36 +37 +38 +39 +40 +41 +42 +43 +44 +45 +46 +47 +48 +49 +50 +51 +52 +53 +54 +55 +56 +60 +69 +70 +71 +72 +73 +74 +76 +81 +82 +83
>CP006006_1
+1 +2 -11 +12 +13 +14 +15 +16 +17 +19 +20 +21 +22 +23 +25 +26 +27 +28 +32 +33 +34 +35 +36 +37 +38 +39 +40 +41 +42 +43 +44 +45 +46 +47 +48 +49 +50 +51 +52 +53 +54 +55 +56 +60 +69 +70 +71 +72 +73 +74 +76 +81 +82 +83
>LS483295_1
+1 +2 -11 +12 +13 +14 +15 +16 +17 +19 +20 +21 +22 +23 +28 +25 +26 +27 +32 +33 +34 +35 +36 -41 -40 -39 -38 -37 +42 +43 +44 +45 +46 +47 +48 +49 +50 +51 +52 +53 +54 +55 +56 +60 +69 +70 +71 +72 +73 +74 +76 +81 +82 +83
>CP022080_1
+1 +2 +11 +12 +13 +14 +15 +16 +17 +19 +20 +21 +22 +23 +25 +26 +27 +28 +32 +33 +34 +35 +36 +37 +38 +39 +40 +41 +42 +43 +44 +45 +46 +47 +48 +49 +50 +51 +52 +53 +54 +55 +56 +60 +69 +70 +71 +72 +73 +74 +76 +81 +82 +83
>CP023867_1
+1 +2 +11 +12 +13 +14 +15 +16 +17 +19 +20 +21 +22 +23 +25 +26 +27 +28 +32 +33 +34 +35 +36 +37 +38 +39 +40 +41 +42 +43 +44 +45 +46 +47 +48 +49 +50 +51 +52 +53 +54 +55 +56 +60 +69 +70 +71 +72 +73 +74 +76 +81 +82 +83
>CP017029_1
+1 +2 -11 +12 +13 +14 +15 +16 +17 +19 +20 +21 +22 +23 +25 +26 +27 +28 +32 +33 +34 +35 +36 +37 +38 +39 +40 +41 +42 +43 +44 +45 +46 +47 +48 +49 +50 +51 +52 +53 +54 +55 +56 +60 +69 +70 +71 +72 +73 +74 +76 +81 +82 +83
>CP006685_1
+1 +2 -11 +12 +13 +14 +15 +16 +17 +19 +20 +21 +22 +23 +25 +26 +27 +28 +32 +33 +34 +35 +36 +37 +38 +39 +40 +41 +42 +43 +44 +45 +46 +47 +48 +49 +50 +51 +52 +53 +54 +55 +56 +60 +69 +70 +71 +72 +73 +74 +76 +81 +82 +83
>CP022470_1
+1 +2 -11 +12 +13 +14 +15 +16 +17 +19 +20 +21 +22 +23 +25 +26 +27 +28 +32 +33 +34 +35 +36 +37 +38 +39 +40 +41 +42 +43 +44 +45 +46 +47 +48 +49 +50 +51 +52 +53 +54 +55 +56 +60 +69 +70 +71 +72 +73 +74 +76 +81 +82 +83
>CP022440_1
+1 +2 -11 +12 +13 +14 +15 +16 +17 +19 +20 +21 +22 +23 +25 +26 +27 +28 +32 +33 +34 +35 +36 +37 +38 +39 +40 +41 +42 +43 +44 +45 +46 +47 +48 +49 +50 +51 +52 +53 +54 +55 +56 +60 +69 +70 +71 +72 +73 +74 +76 +81 +82 +83
>CP007751_1
+1 +2 -11 +12 +13 +14 +15 +16 +17 +19 +20 +21 +22 +23 +25 +26 +27 +28 +32 +33 +34 +35 +36 +37 +38 +39 +40 +41 +42 +43 +44 +45 +46 +47 +48 +49 +50 +51 +52 +53 +54 +55 +56 +60 +69 +70 +71 +72 +73 +74 +76 +81 +82 +83
>CP012213_1
+1 +2 -11 +12 +13 +14 +15 +16 +17 +19 +20 +21 +22 +23 +25 +26 +27 +28 +32 +33 +34 +35 +36 +37 +38 +39 +40 +41 +42 +43 +44 +45 +46 +47 +48 +49 +50 +51 +52 +53 +54 +55 +56 +60 +69 +70 +71 +72 +73 +74 +76 +81 +82 +83
>CP012216_1
+1 +2 +19 +20 +21 +22 +23 +25 +26 +27 +28 +32 +33 +34 +35 +36 +37 +38 +39 +40 +41 +42 +43 +44 +45 +46 +47 +48 +49 +50 +51 +52 +53 +54 +55 +56 +60 +12 +13 +14 +15 +16 +17 -11 +69 +70 +71 +72 +73 +74 +76 +81 +82 +83
>CP020045_1
+1 +2 -11 +12 +13 +14 +15 +16 +17 +19 +20 +21 +22 +23 +25 +26 +27 +28 +32 +33 +34 +35 +36 +37 +38 +39 +40 +41 +42 +43 +44 +45 +46 +47 +48 +49 +50 +51 +52 +53 +54 +55 +56 +60 +69 +70 +71 +72 +73 +74 +76 +81 +82 +83
>CP022439_1
+1 +2 -11 +12 +13 +14 +15 +16 +17 +19 +20 +21 +22 +23 +25 +26 +27 +28 +32 +33 +34 +35 +36 +37 +38 +39 +40 +41 +42 +43 +44 +45 +46 +47 +48 +49 +50 +51 +52 +53 +54 +55 +56 +60 +69 +70 +71 +72 +73 +74 +76 +81 +82 +83
>LR134359_1
+1 +2 -11 +12 +13 +14 +15 +16 +17 +54 +55 +56 +60 +19 +20 +21 +22 +23 +25 +26 +27 +28 +32 +33 +34 +35 +36 +37 +38 +39 +40 +41 +42 +43 +44 +45 +46 +47 +48 +49 +50 +51 +52 +53 +69 +70 +71 +72 +73 +74 +76 +81 +82 +83
>HE978252_1
+1 +2 -11 +12 +13 +14 +15 +16 +17 +19 +20 +21 +22 +23 +25 +26 +27 +28 +32 +33 +34 +35 +36 +37 +38 +39 +40 +41 +42 +43 +44 +45 +46 +47 +48 +49 +50 +51 +52 +53 +54 +55 +56 +60 +69 +70 +71 +72 +73 +74 +76 +81 +82 +83
>CP023446_1
+1 +2 +11 +76 +74 +73 +72 +71 +70 +69 +60 +56 +55 +54 +53 +52 +51 +50 +49 +48 +47 +46 +45 +44 +43 +42 +41 +40 +39 +38 +37 +36 +35 +34 +33 +32 +28 +27 +26 +25 +23 +22 +21 +20 +19 +17 +16 +15 +14 +13 +12 +81 +82 +83
>CP017862_1
+1 -37 -36 +2 -11 +12 +13 +14 +15 +16 +17 +19 +20 +21 +22 +23 +25 +26 +27 +28 +32 +33 +34 +35 +38 +39 +40 +41 +42 +43 +44 +45 +46 +47 +48 +49 +50 +51 +52 +53 +54 +55 +56 +60 +69 +70 +71 +72 +73 +74 +76 +81 +82 +83
>CP017031_1
+1 +2 -11 +12 +13 +14 +15 +16 +17 +19 +20 +21 +22 +23 +25 +26 +27 +28 +32 +33 +34 +35 +36 +37 +38 +39 +40 +41 +42 +43 +44 +45 +46 +47 +48 +49 +50 +51 +52 +53 +54 +55 +56 +60 +69 +70 +71 +72 +73 +74 +76 +81 +82 +83
>CP017229_1
+1 +2 -11 +12 +13 +14 +15 +16 +17 +19 +20 +21 +22 +23 +25 +26 +27 +28 +32 +33 +34 +35 +36 +37 +38 +39 +40 +41 +42 +43 +44 +45 +46 +47 +48 +49 +50 +51 +52 +53 +54 +55 +56 +60 +69 +70 +71 +72 +73 +74 +76 +81 +82 +83
>CP010307_1
+1 +2 +11 +12 +13 +14 +15 +16 +17 +19 +20 +21 +22 +23 +25 +26 +27 +28 +32 +33 +34 +35 +36 +37 +38 +39 +40 +41 +42 +43 +44 +45 +46 +47 +48 +49 +50 +51 +52 +53 +54 +55 +56 +60 +69 +70 +71 +72 +73 +74 +76 +81 +82 +83
>CP012689_1
+1 +2 -11 +12 +13 +14 +15 +16 +17 +19 +20 +21 +22 +23 +25 +26 +27 +28 +32 +33 +34 +35 +36 +37 +38 +39 +40 +41 +42 +43 +44 +45 +46 +47 +48 +49 +50 +51 +52 +53 +54 +55 +56 +60 +69 +70 +71 +72 +73 +74 +76 +81 +82 +83
>CP028911_1
+1 +2 -11 +12 +13 +14 +15 +16 +17 +19 +20 +21 +22 +23 +25 +26 +27 +28 +32 +33 +34 +35 +36 +37 +38 +39 +40 +41 +42 +43 +44 +45 +46 +47 +48 +49 +50 +51 +52 +53 +54 +55 +56 +60 +69 +70 +71 +72 +73 +74 +76 +81 +82 +83
>CP008787_1
+1 +2 -11 +12 +13 +14 +15 +16 +17 +19 +20 +21 +22 +23 +25 +26 +27 +28 +32 +33 +34 +35 +36 +37 +38 +39 +40 +41 +42 +43 +44 +45 +46 +47 +48 +49 +50 +51 +52 +53 +54 +55 +56 +60 +69 +70 +71 +72 +73 +74 +76 +81 +82 +83
>CP022079_1
+1 +2 -11 +12 +13 +14 +15 +16 +17 +19 +20 +21 +22 +23 +25 +26 +27 +28 +32 +33 +34 +35 +36 +37 +38 +39 +40 +41 +42 +43 +44 +45 +46 +47 +48 +49 +50 +51 +52 +53 +54 +55 +56 +60 +69 +70 +71 +72 +73 +74 +76 +81 +82 +83
>CP022077_1
+1 +2 +11 +12 +13 +14 +15 +16 +17 +19 +20 +21 +22 +23 +25 +26 +27 +28 +32 +33 +34 +35 +36 +37 +38 +39 +40 +41 +42 +43 +44 +45 +46 +47 +48 +49 +50 +51 +52 +53 +54 +55 +56 +60 +69 +70 +71 +72 +73 +74 +76 +81 +82 +83
>CP015209_1
+1 +2 -11 +12 +13 +14 +15 +16 +17 +19 +20 +21 +22 +23 +25 +26 +27 +28 +32 +33 +34 +35 +36 +37 +38 +39 +40 +41 +42 +43 +44 +45 +46 +47 +48 +49 +50 +51 +52 +53 +54 +55 +56 +60 +69 +70 +71 +72 +73 +74 +76 +81 +82 +83
>CM000855_1
+1 +2 -11 +12 +13 +14 +15 +16 +17 +19 +20 +21 +22 +23 +25 +26 +27 +28 +32 +33 +34 +35 +36 +37 +38 +39 +40 +41 +42 +43 +44 +45 +46 +47 +48 +49 +50 +51 +52 +53 +54 +55 +56 +60 +69 +70 +71 +72 +73 +74 +76 +81 +82 +83
>CP017863_1
+1 +2 -14 -13 -12 -11 +15 +16 +17 +19 +20 +21 +22 +23 +25 +26 +27 +28 +32 +33 +34 +35 +36 +37 +38 +39 +40 +41 +42 +43 +44 +45 +46 +47 +48 +49 +50 +51 +52 +53 +54 +55 +56 +60 +69 +70 +71 +72 +73 +74 +76 +81 +82 +83
>CP027403_1
+1 +2 -11 -60 -56 -55 -54 -53 -52 -51 -50 -49 -48 -47 -46 -45 -44 -43 -42 -40 -39 +37 +38 -27 -26 -25 +41 -36 -35 -34 -33 -32 -28 -23 -22 -21 -20 -19 -17 -16 -15 -14 -13 -12 +69 +70 +71 +72 +73 +74 +76 +81 +82 +83
>CP023866_1
+1 +2 -11 +12 +13 +14 +15 +16 +17 +19 +20 +21 +22 +23 +25 +26 +27 +28 +32 +33 +34 +35 +36 +37 +38 +39 +40 +41 +42 +43 +44 +45 +46 +47 +48 +49 +50 +51 +52 +53 +54 +55 +56 +60 +69 +70 +71 +72 +73 +74 +76 +81 +82 +83
>CP028372_1
+1 +2 -11 +12 +13 +14 +15 +16 +17 +19 +20 +21 +22 +23 +25 +26 +27 +28 +32 +33 +34 +35 +36 +37 +38 +39 +40 +41 +42 +43 +44 +45 +46 +47 +48 +49 +50 +51 +52 +53 +54 +55 +56 +60 +69 +70 +71 +72 +73 +74 +76 +81 +82 +83
>LR134530_1
+1 +2 +81 +11 +12 +13 +14 +15 +16 +17 +19 +20 +21 +22 +23 +28 -56 -42 +37 +38 +39 +40 -27 -26 -25 +41 -36 -35 -34 -33 -32 +55 +43 +44 +45 +46 +47 +48 +49 +50 +51 +52 +53 +54 +60 +69 +70 +71 +72 +73 +74 +76 +82 +83
>CP023543_1
+1 +2 -11 +12 +13 +14 +15 +16 +17 +19 +20 +21 +22 +23 +25 +26 +27 +28 +32 +33 +34 +35 +36 +37 +38 +39 +40 +41 +42 +43 +44 +45 +46 +47 +48 +49 +50 +51 +52 +53 +54 +55 +56 +60 +69 +70 +71 +72 +73 +74 +76 +81 +82 +83
>CP007190_1
+1 +2 -11 +12 +13 +14 +15 +16 +17 +19 +20 +21 +22 +23 +25 +26 +27 +28 +32 +33 +34 +35 +36 +37 +38 +39 +40 +41 +42 +43 +44 +45 +46 +47 +48 +49 +50 +51 +52 +53 +54 +55 +56 +60 +69 +70 +71 +72 +73 +74 +76 +81 +82 +83
>CP028910_1
+1 +2 +11 +12 +13 +14 +15 +16 +17 +19 +20 +21 +22 +23 +25 +26 +27 +28 +32 +33 +34 +35 +36 +37 +38 +39 +40 +41 +42 +43 +44 +45 +46 +47 +48 +49 +50 +51 +52 +53 +54 +55 +56 +60 +69 +70 +71 +72 +73 +74 +76 +81 +82 +83
>CP001876_1
+1 +2 -11 +12 +13 +14 +15 +16 +17 +19 +20 +21 +22 +23 +25 +26 +27 +28 +32 +33 +34 +35 +36 +37 +38 +39 +40 +41 +42 +43 +44 +45 +46 +47 +48 +49 +50 +51 +52 +53 +54 +55 +56 +60 +69 +70 +71 +72 +73 +74 +76 +81 +82 +83
>CP001960_1
+1 +2 -11 +12 +13 +14 +15 +16 +17 +19 +20 +21 +22 +23 +25 +26 +27 +28 +32 +33 +34 +35 +36 +37 +38 +39 +40 +41 +42 +43 +44 +45 +46 +47 +48 +49 +50 +51 +52 +53 +54 +55 +56 +60 +69 +70 +71 +72 +73 +74 +76 +81 +82 +83
>CP022076_1
+1 +2 -11 +12 +13 +14 +15 +16 +17 +19 +20 +21 +22 +23 +25 +26 +27 +28 +32 +33 +34 +35 +36 +37 +38 +39 +40 +41 +42 +43 +44 +45 +46 +47 +48 +49 +50 +51 +52 +53 +54 +55 +56 +60 +69 +70 +71 +72 +73 +74 +76 +81 +82 +83
>CP006689_1
+1 +2 -11 +12 +13 +14 +15 +16 +17 +19 +20 +21 +22 +23 +25 +26 +27 +28 +32 +33 +34 +35 +36 +37 +38 +39 +40 +41 +42 +43 +44 +45 +46 +47 +48 +49 +50 +51 +52 +53 +54 +55 +56 +60 +69 +70 +71 +72 +73 +74 +76 +81 +82 +83
>CP045789_1
+1 +2 -11 +12 +13 +14 +15 +16 +17 +19 +20 +21 +22 +23 +25 +26 +27 +28 +32 +33 +34 +35 +36 +37 +38 +39 +40 +41 +42 +43 +44 +45 +46 +47 +48 +49 +50 +51 +52 +53 +54 +55 +56 +60 +69 +70 +71 +72 +73 +74 +76 +81 +82 +83
>CP023343_1
+1 +2 -11 +12 +13 +14 +15 +16 +17 +19 +20 +21 +22 +23 +25 +26 +27 +28 +32 +33 +34 +35 +36 +37 +38 +39 +40 +41 +42 +43 +44 +45 +46 +47 +48 +49 +50 +51 +52 +53 +54 +55 +56 +60 +69 +70 +71 +72 +73 +74 +76 +81 +82 +83
>CP012149_1
+1 +2 -11 +12 +13 +14 +15 +16 +17 +19 +20 +21 +22 +23 +25 +26 +27 +28 +32 +33 +34 +35 +36 +37 +38 +39 +40 +41 +42 +43 +44 +45 +46 +47 +48 +49 +50 +51 +52 +53 +54 +55 +56 +60 +69 +70 +71 +72 +73 +74 +76 +81 +82 +83
>HG428754_1
+1 +2 -11 +12 +13 +14 +15 +16 +17 +19 +20 +21 +22 +23 +25 +26 +27 +28 +32 +33 +34 +35 +36 +37 +38 +39 +40 +41 +42 +43 +44 +45 +46 +47 +48 +49 +50 +51 +52 +53 +54 +55 +56 +60 +69 +70 +71 +72 +73 +74 +76 +81 +82 +83
>CP014344_1
+1 +2 -11 +12 +13 +14 +15 +16 +17 +19 +20 +21 +22 +23 +25 +26 +27 +28 +32 +33 +34 +35 +36 +37 +38 +39 +40 +41 +42 +43 +44 +45 +46 +47 +48 +49 +50 +51 +52 +53 +54 +55 +56 +60 +69 +70 +71 +72 +73 +74 +76 +81 +82 +83
>LS483362_1
+1 +2 +11 +12 +13 +14 +15 +16 +17 +19 +20 +21 +22 +23 +25 +26 +27 +28 +32 +33 +34 +35 +36 +37 +38 +39 +40 +41 +42 +43 +44 +45 +46 +47 +48 +49 +50 +51 +52 +53 +54 +55 +56 +60 +69 +70 +71 +72 +73 +74 +76 +81 +82 +83
>CP012224_1
+1 +2 -11 +12 +13 +14 +15 +16 +17 +19 +20 +21 +22 +23 +25 +26 +27 +28 +32 +33 +34 +35 +36 +37 +38 +39 +40 +41 +42 +43 +44 +45 +46 +47 +48 +49 +50 +51 +52 +53 +54 +55 +56 +60 +69 +70 +71 +72 +73 +74 +76 +81 +82 +83
>CP047478_1
+1 +2 +11 +12 +13 +14 +15 +16 +17 +19 +20 +21 +22 +23 +25 +26 +27 +28 +32 +33 +34 +35 +36 +37 +38 +39 +40 +41 +42 +43 +44 +45 +46 +47 +48 +49 +50 +51 +52 +53 +54 +55 +56 +60 +69 +70 +71 +72 +73 +74 +76 +81 +82 +83
>LR134507_1
+1 +2 -11 +12 +13 +14 +15 +16 +17 +19 +20 +21 +22 +23 +25 +26 +27 +28 +32 +33 +34 +35 +36 +37 +38 +39 +40 +41 +42 +43 +44 +45 +46 +47 +48 +49 +50 +51 +52 +53 +54 +55 +56 +60 +69 +70 +71 +72 +73 +74 +76 +81 +82 +83
>CP034393_1
+1 +2 -11 +12 +13 +14 +15 +16 +17 +19 +20 +21 +22 +23 +25 +26 +27 +28 +32 +33 +34 +35 +36 +37 +38 +39 +40 +41 +42 +43 +44 +45 +46 +47 +48 +49 +50 +51 +52 +53 +54 +55 +56 +60 +69 +70 +71 +72 +73 +74 +76 +81 +82 +83
>AL111168_1
+1 +2 -11 +12 +13 +14 +15 +16 +17 +19 +20 +21 +22 +23 +25 +26 +27 +28 +32 +33 +34 +35 +36 +37 +38 +39 +40 +41 +42 +43 +44 +45 +46 +47 +48 +49 +50 +51 +52 +53 +54 +55 +56 +60 +69 +70 +71 +72 +73 +74 +76 +81 +82 +83
>CP017456_1
+1 +2 -11 +12 +13 +14 +15 +16 +17 +19 +20 +21 +22 +23 +25 +26 +27 +28 +32 +33 +34 +35 +36 +37 +38 +39 +40 +41 +42 +43 +44 +45 +46 +47 +48 +49 +50 +51 +52 +53 +54 +55 +56 +60 +69 +70 +71 +72 +73 +74 +76 +81 +82 +83
>CP047484_1
+1 +2 -11 +12 +13 +14 +15 +16 +17 +19 +20 +21 +22 +23 +25 +26 +27 +28 +32 +33 +34 +35 +36 +37 +38 +39 +40 +41 +42 +43 +44 +45 +46 +47 +48 +49 +50 +51 +52 +53 +54 +55 +56 +60 +69 +70 +71 +72 +73 +74 +76 +81 +82 +83
>LR134511_1
+1 +2 -11 +12 +13 +14 +15 +16 +17 +19 +20 +21 +22 +23 +25 +26 +27 +28 +32 +33 +34 +35 +36 +37 +38 +39 +40 +41 +42 +43 +44 +45 +46 +47 +48 +49 +50 +51 +52 +53 +54 +55 +56 +60 +69 +70 +71 +72 +73 +74 +76 +81 +82 +83
>CP001900_1
+1 +2 -11 +12 +13 +14 +15 +16 +17 +19 +20 +21 +22 +23 +25 +26 +27 +28 +32 +33 +34 +35 +36 +37 +38 +39 +40 +41 +42 +43 +44 +45 +46 +47 +48 +49 +50 +51 +52 +53 +54 +55 +56 +60 +69 +70 +71 +72 +73 +74 +76 +81 +82 +83
>CP047480_1
+1 +2 -11 +12 +13 +14 +15 +16 +17 +19 +20 +21 +22 +23 +25 +26 +27 +28 +32 +33 +34 +35 +36 +37 +38 +39 +40 +41 +42 +43 +44 +45 +46 +47 +48 +49 +50 +51 +52 +53 +54 +55 +56 +60 +69 +70 +71 +72 +73 +74 +76 +81 +82 +83
>CP012690_1
+1 +2 -11 +12 +13 +14 +15 +16 +17 +19 +20 +21 +22 +23 +25 +26 +27 +28 +32 +33 +34 +35 +36 +37 +38 +39 +40 +41 +42 +43 +44 +45 +46 +47 +48 +49 +50 +51 +52 +53 +54 +55 +56 +60 +69 +70 +71 +72 +73 +74 +76 +81 +82 +83
>CP005388_1
+1 +2 -11 +12 +13 +14 +15 +16 +17 +19 +20 +21 +22 +23 +25 +26 +27 +28 +32 +33 +34 +35 +36 +37 +38 +39 +40 +41 +42 +43 +44 +45 +46 +47 +48 +49 +50 +51 +52 +53 +54 +55 +56 +60 +69 +70 +71 +72 +73 +74 +76 +81 +82 +83
>CP047477_1
+1 +2 +11 +12 +13 +14 +15 +16 +17 +19 +20 +21 +22 +23 +25 +26 +27 +28 +32 +33 +34 +35 +36 +37 +38 +39 +40 +41 +42 +43 +44 +45 +46 +47 +48 +49 +50 +51 +52 +53 +54 +55 +56 +60 +69 +70 +71 +72 +73 +74 +76 +81 +82 +83
>LN831025_1
+1 +2 -11 +12 +13 +14 +15 +16 +17 +19 +20 +21 +22 +23 +25 +26 +27 +28 +32 +33 +34 +35 +36 +37 +38 +39 +40 +41 +42 +43 +44 +45 +46 +47 +48 +49 +50 +51 +52 +53 +54 +55 +56 +60 +69 +70 +71 +72 +73 +74 +76 +81 +82 +83
>CP022559_1
+1 +2 -11 +12 +13 +14 +15 +16 +17 +19 +20 +21 +22 +23 +25 +26 +27 +28 +32 +33 +34 +35 +36 +37 +38 +39 +40 +41 +42 +43 +44 +45 +46 +47 +48 +49 +50 +51 +52 +53 +54 +55 +56 +60 +69 +70 +71 +72 +73 +74 +76 +81 +82 +83
>CP006686_1
+1 +2 -11 +12 +13 +14 +15 +16 +17 +19 +20 +21 +22 +23 +25 +26 +27 +28 +32 +33 +34 +35 +36 +37 +38 +39 +40 +41 +42 +43 +44 +45 +46 +47 +48 +49 +50 +51 +52 +53 +54 +55 +56 +60 +69 +70 +71 +72 +73 +74 +76 +81 +82 +83
>CP045048_1
+1 +2 -11 +12 +13 +14 +15 +16 +17 +19 +20 +21 +22 +23 +25 +26 +27 +28 +32 +33 +34 +35 +36 +37 +38 +39 +40 +41 +42 +43 +44 +45 +46 +47 +48 +49 +50 +51 +52 +53 +54 +55 +56 +60 +69 +70 +71 +72 +73 +74 +76 +81 +82 +83
>CP041584_1
+1 +2 -11 +12 +13 +14 +15 +16 +17 +19 +20 +21 +22 +23 +25 +26 +27 +28 +32 +33 +34 +35 +36 +37 +38 +39 +40 +41 +42 +43 +44 +45 +46 +47 +48 +49 +50 +51 +52 +53 +54 +55 +56 +60 +69 +70 +71 +72 +73 +74 +76 +81 +82 +83
>CP002029_1
+1 +2 -11 +12 +13 +14 +15 +16 +17 +19 +20 +21 +22 +23 +25 +26 +27 +28 +32 +33 +34 +35 +36 +37 +38 +39 +40 +41 +42 +43 +44 +45 +46 +47 +48 +49 +50 +51 +52 +53 +54 +55 +56 +60 +69 +70 +71 +72 +73 +74 +76 +81 +82 +83
>CP003871_4
+1 +2 -11 +12 +13 +14 +15 +16 +17 +19 +20 +21 +22 +23 +25 +26 +27 +28 +32 +33 +34 +35 +36 +37 +38 +39 +40 +41 +42 +43 +44 +45 +46 +47 +48 +49 +50 +51 +52 +53 +54 +55 +56 +60 +69 +70 +71 +72 +73 +74 +76 +81 +82 +83
