>CP010058.1
+1 +2 +3 +4 +5 +6 +7 +8 +9 +10 +11 +12 +13 +14 +15 +16 +17 +18 +19 +20 +21 +22 +23 +24 +25 +26 +27 +28 +29 +30 +31 +32 +33 +34 +35 +36 +37 +38 +39 +40 +41 +42 +43 +44 +45 +46 +47 +48 +49 +50 +51 +52 +53 +54 +55 +56 +57 +58 +59 +60 +61 +62 +63 +64 +65 +66 +67 +68 +69 +70 +71 +72 +73 +74 +75 +76 +77 +78 +79 +80 +81 +82 +83 +84 +85 +86 +87 +88 +89 +90 +91 +92 +93 +94 +95 +96 +97 +98 +99 +100 +101 +102 +103 +104 +105 +106 +107 +108 +109 +110 +111 +112 +113 +114 $
>CP012206.1
+115 +4 +5 +6 +7 +8 +9 -14 -13 -12 -11 -10 +15 +16 +17 +18 +19 +20 +21 +22 +23 +24 +25 +26 +27 +28 +29 +30 +31 +32 +116 +33 +34 +35 +36 +37 +38 +39 +40 +93 +41 +42 +44 +45 +46 +47 +48 +49 +50 +51 +52 +53 +54 +55 +56 +57 +58 +59 +60 +61 +62 +63 +64 +65 +66 +67 +68 +69 +70 +117 +71 +72 +73 +74 +75 +76 +77 +78 +118 +119 +120 +121 +82 +84 +85 +86 +87 +88 +89 +90 +91 +92 +122 +95 +96 +97 +98 +99 +100 +101 +102 +103 +105 +106 +107 +108 +109 +110 +111 +112 +113 +1 +2 +3 $
>CP012210.1
+4 +5 +6 +7 +8 +9 -14 -13 -12 -11 -10 +15 +16 +17 +18 +19 +20 +21 +22 +23 +24 +30 +31 +32 +116 +33 +34 +35 +36 +37 +38 +39 +40 +93 +41 +42 +25 +26 +27 +28 +123 +29 +44 +45 +46 +47 +48 +49 +50 +51 +52 +53 +54 +55 +56 +57 +58 +59 +60 +61 +62 +63 +64 +65 +66 +67 +68 +69 +70 +117 +71 +72 +73 +74 +75 +76 +77 +78 +82 +83 +84 +85 +86 +87 +88 +89 +90 +91 +92 +122 +124 +125 +95 +96 +97 +98 +99 +100 +101 +102 +103 +105 +106 +107 +108 +109 +110 +111 +112 +113 +1 +2 +3 $
>CP007192.1
+1 +2 +3 +4 +5 +6 +7 +8 +9 -14 -13 -12 -11 -10 +15 +16 +17 +18 +19 +20 +21 +22 +23 +24 +25 +26 +27 +28 +29 +30 +31 +32 +33 +34 +35 +36 +37 +38 +39 +40 +41 +42 +44 +45 +46 +47 +48 +49 +50 +51 +52 +53 +54 +55 +56 +57 +58 +59 +60 +61 +62 +63 +64 +65 +66 +67 +68 +69 +70 +126 +71 +72 +73 +74 +75 +76 +77 +78 +82 +83 +84 +85 +86 +87 +88 +89 +90 +91 +92 +93 +127 +128 +129 +95 +96 +97 +98 +99 +100 +101 +102 +103 +104 +105 +106 +107 +108 +109 +130 +131 +110 +111 +112 +113 +114 $
>CP007193.1
+1 +2 +3 +4 +5 +6 +7 +8 +9 -14 -13 -12 -11 -10 +15 +16 +17 +18 +19 +20 +21 +22 +23 +24 +25 +26 +27 +28 +29 +30 +31 +32 +33 +34 +35 +36 +37 +38 +39 +40 +41 +42 +44 +45 +46 +47 +48 +49 +50 +51 +52 +53 +54 +55 +56 +57 +58 +59 +60 +61 +62 +63 +64 +65 +66 +67 +68 +69 +70 +126 +71 +72 +73 +74 +75 +76 +77 +78 +82 +83 +84 +85 +86 +87 +88 +89 +90 +91 +92 +93 +127 +128 +129 +95 +96 +97 +98 +99 +100 +101 +102 +103 +104 +105 +106 +107 +108 +109 +110 +111 +112 +113 +114 $
>CP014742.1
+105 +106 +107 +108 +109 +110 +111 +112 +113 +114 +1 +2 +3 +4 +5 +6 +7 +8 +9 -14 -13 -12 -11 -10 +15 +16 +17 +18 +19 +20 +21 +22 +23 +24 +25 +26 +27 +28 +29 +30 +31 +32 +33 +34 +35 +36 +37 +38 +39 +40 +41 +42 +132 +44 +45 +46 +47 +48 +49 +50 +51 +52 +53 +54 +55 +56 +57 +58 +59 +60 -43 +61 +62 +63 +64 +65 +66 +67 +68 +69 +70 +126 +71 +72 +73 +74 +75 +76 +77 +78 +82 +83 +84 +85 +86 +87 +88 +89 +90 +91 +92 +93 +133 +95 +96 +97 +98 +99 +100 +101 +102 +103 +104 $
>CP014744.1
+1 +2 +3 +4 +5 +6 +7 +8 +9 -14 -13 -12 -11 -10 +15 +16 +17 +18 +19 +20 +21 +22 +23 +24 +25 +26 +27 +28 +29 +30 +31 +32 +35 +36 +37 +38 +39 +40 +41 +42 +132 -93 -92 -91 -90 +134 +135 +136 +137 +44 +45 +46 +47 +48 +49 +50 +51 +52 +53 +54 +55 +56 +57 +58 +59 +60 +61 +62 +63 +64 +65 +66 +67 +68 +69 +70 +126 +71 +72 +73 +74 +75 +76 +77 +78 +79 +80 +81 +82 +83 +84 +85 +86 +87 +88 +89 +133 +95 +96 +97 +98 +99 +100 +101 +102 +103 +104 +105 +106 +107 +108 +109 +110 +111 +112 +113 +114 $
>CP012214.1
-14 -13 -12 -11 -10 +138 +4 +5 +6 +7 +8 +9 +15 +16 +17 +18 +19 +20 +21 +22 +23 +24 +25 +26 +27 +28 +29 +30 +31 +32 +33 +34 +35 +36 +37 +38 +39 +40 +41 +42 +44 +45 +46 +47 +48 +49 +50 +51 +52 +53 +54 +55 +56 +57 +58 +59 +60 +61 +62 +63 +64 +65 +66 +67 +68 +69 +70 +71 +72 +73 +74 +75 +76 +77 +78 +82 +83 +84 +85 +86 +87 +88 +89 +90 +91 +92 +93 +139 +95 +96 +97 +98 +99 +100 +101 +102 +103 +105 +106 +107 +108 +109 +110 +111 +112 +113 +114 +1 +2 +3 $
>CP012220.1
+4 +5 +6 +7 +8 +9 -14 -13 -12 -11 -10 +138 +15 +16 +17 +18 +19 +20 +21 +22 +23 +24 +25 +26 +27 +28 +29 +30 +31 +32 +140 +33 +34 +35 +36 +37 +38 +39 +40 +41 +42 +44 +45 +46 +47 -48 +49 +50 +51 +52 +53 +54 +55 +56 +57 +58 +59 +60 +61 +62 +63 +64 +65 +66 +67 +68 +69 +70 +71 +72 +73 +74 +75 +76 +77 +78 +82 +141 +83 +84 +85 +86 +87 +88 +89 +90 +91 +92 +93 +95 +96 +97 +98 +99 +100 +101 +102 +103 +105 +106 +107 +108 +109 +110 +111 +112 +113 +1 +2 +3 $
>CP000814.1
+1 +2 +3 +115 +4 +5 +6 +7 +8 +9 -14 -13 -12 -11 -10 +15 +16 +17 +18 +19 +20 +21 +22 +23 +24 +25 +26 +27 +28 +29 +30 +31 +32 +116 +33 +34 +35 +36 +37 +38 +39 +40 +93 +41 +42 +44 +45 +46 +47 +48 +49 +50 +51 +52 +53 +54 +55 +56 +57 +58 +59 +60 +61 +62 +63 +64 +65 +66 +67 +68 +69 +70 +117 +71 +72 +73 +74 +75 +76 +77 +78 +82 +84 +85 +86 +87 +88 +89 +90 +91 +92 +142 +125 +95 +96 +97 +98 +99 +100 +101 +102 +103 +105 +106 +107 +108 +109 +110 +111 +112 +113 $
>CP000025.1
+1 +2 +3 +4 +5 +6 +7 +8 +9 -14 -13 -12 +43 -11 -10 +138 +15 +16 +17 +18 +19 +20 +21 +22 +23 +24 +25 +26 +27 +28 +123 +29 +30 +31 +32 +33 +34 +35 +36 +37 +143 +38 +39 +40 +41 +42 +44 +45 +46 +47 +48 +49 +50 +51 +52 +53 +54 +55 +56 +57 +58 +59 +60 +61 +62 +144 +145 +63 +64 +65 +66 +67 +68 +69 +70 +71 +72 +73 +74 +75 +76 +77 +78 +80 +81 +82 +141 +83 +84 +85 +86 +87 +88 +89 +90 +91 +92 +146 +147 +95 +96 +97 +98 +99 +100 +101 +102 +103 +105 +106 +107 +108 +109 +110 +111 +112 +113 +114 $
>CM000854.1
+111 +112 +1 +2 +3 +115 +4 +5 +6 +7 +8 +9 -14 -13 -12 -11 -10 +15 +16 +17 +18 +19 +20 +21 +22 +23 +24 +25 +26 +27 +28 +29 +30 +31 +32 +33 +34 +35 +36 +37 +38 +39 +40 +41 +42 +44 +45 +46 +47 +48 +49 +50 +51 +52 +53 +54 +55 +123 +56 +57 +58 +59 +60 +61 +62 +63 +64 +65 +66 +67 +68 +69 +70 +71 +72 +73 +74 +75 +76 +77 +78 +82 +84 +85 +86 +87 +88 +89 +90 +91 +92 +148 +95 +96 +97 +98 +99 +100 +101 +102 +103 +105 +106 +107 +108 +109 +110 $
>CP006687.1
+1 +2 +3 +4 +5 +6 +7 +8 +9 -14 -13 -12 -11 -10 +15 +16 +17 +18 +19 +20 +21 +22 +23 +24 +25 +26 +27 +28 +29 +30 +31 +32 +33 +34 +35 +36 +37 +38 +39 +40 +41 +42 +44 +45 +46 +47 +48 +49 +50 +51 +52 +53 +54 +55 +56 +57 +58 +59 +60 +61 +62 +63 +64 +65 +66 +67 +68 +69 +70 +126 +71 +72 +73 +74 +75 +76 +77 +78 +82 +83 +84 +85 +86 +87 +88 +89 +90 +91 +92 +93 +127 +128 +129 +95 +96 +97 +98 +99 +100 +101 +102 +103 +104 +105 +106 +107 +108 +109 +110 +111 +112 +113 +114 $
>CP006688.1
+1 +2 +3 +4 +5 +6 +7 +8 +9 -14 -13 -12 -11 -10 +15 +16 +17 +18 +19 +20 +21 +22 +23 +24 +25 +26 +27 +28 +29 +30 +31 +32 +33 +34 +35 +36 +37 +38 +39 +40 +41 +42 +44 +45 +46 +47 +48 +49 +50 +51 +52 +53 +54 +55 +56 +57 +58 +59 +60 +61 +62 +63 +64 +65 +66 +67 +68 +69 +70 +126 +71 +72 +73 +74 +75 +76 +77 +78 +82 +83 +84 +85 +86 +87 +88 +89 +90 +91 +92 +93 +127 +128 +129 +95 +96 +97 +98 +99 +100 +101 +102 +103 +104 +105 +106 +107 +108 +109 +110 +111 +112 +113 +114 $
>CP006709.2
+1 +2 +3 +4 +5 +6 +7 +8 +9 -43 +10 +11 +12 +13 +14 +15 +16 +17 +18 +19 +20 +21 +22 +23 +24 +25 +26 +27 +28 +29 +30 +31 +32 +33 +34 +35 +36 +37 +38 +39 +40 +41 +42 +44 +45 +46 +47 +48 +49 +50 +51 +52 +53 +54 +55 +56 +57 +58 +59 +60 +61 +62 +63 +64 +65 +66 +67 +68 +69 +70 +126 +71 +72 +73 +74 +75 +76 +77 +78 +80 +81 +82 +83 +84 +85 +86 +87 +88 +89 +90 +91 +92 +93 +127 +128 +129 +95 +96 +97 +98 +99 +100 +101 +102 +103 +104 +105 +106 +107 +108 +109 +110 +111 +112 +113 +114 $
>CP006851.1
+1 +2 +3 +4 +5 +6 +7 +8 +9 -14 -13 -12 -11 -10 +15 +16 +17 +18 +19 +20 +21 +22 +23 +24 +25 +26 +27 +28 +29 +30 +31 +32 +116 +33 +34 +35 +36 +37 +38 +39 +40 +41 +42 +44 +45 +46 +47 +48 +49 +50 +51 +52 +53 +54 +55 +56 +57 +58 +59 +60 +61 +62 +63 +64 +65 +66 +67 +68 +69 +70 +149 +71 +72 +73 +74 +75 +76 +77 +78 +78 +82 +84 +150 +85 +86 +87 +88 +89 +90 +91 +43 +92 +93 +125 +95 +96 +97 +98 +99 +100 +101 +102 +103 +105 +106 +107 +108 +109 +110 +111 +112 +113 +114 $
>CP007188.1
+1 +2 +3 +4 +5 +6 +7 +8 +9 -136 -135 -14 -13 -12 -11 -10 -136 -135 -134 +15 +16 +17 +18 +19 +20 +21 +22 +23 +24 +25 +26 +27 +28 +29 +30 +31 +32 +33 +34 +35 +36 +37 +38 +39 +40 +41 +42 +44 +45 +46 +47 +48 +49 +50 +51 +52 +53 +54 +55 +56 +57 +58 +59 +60 +61 +62 +63 +64 +65 +66 +67 -43 +137 +68 +69 +70 +71 +72 +73 +74 +75 +76 +77 +78 +82 -136 -135 +83 +84 +85 +86 +87 +88 +89 +90 +91 +92 +93 +127 +128 +129 +95 +96 +97 +98 +99 +100 +101 +102 +103 +104 +105 +106 +107 +108 +109 +110 +134 +135 +136 +111 +112 +113 +114 $
>CP007189.1
+1 +2 +3 +115 +4 +5 +6 +7 +8 +9 -14 -13 -12 -11 -10 +15 +16 +17 +18 +19 +20 +21 +22 +23 +24 +25 +26 +27 +28 +29 +30 +31 +32 +116 +33 +34 +35 +36 +37 +38 +39 +40 +93 +41 +42 +44 +45 +46 +47 +48 +49 +50 +51 +52 +53 +54 +55 +56 +57 +58 +59 +60 +61 +62 +63 +64 +65 +66 +67 +68 +69 +70 +149 +71 +72 +73 +74 +75 +76 +77 +78 +82 +83 +84 +85 +86 +87 +88 +89 +90 +91 +92 +122 +151 +125 +95 +96 +97 +98 +99 +100 +101 +102 +103 +105 +106 +107 +108 +109 +110 +111 +112 +113 $
>CP053659.1
+1 +2 +3 +4 +5 +6 +7 +8 +9 -14 -13 -12 -11 -10 +15 +16 +17 +18 +19 +20 +21 +22 +23 +24 +25 +26 +27 +28 +29 +30 +31 +32 +33 +34 +35 +36 +37 +38 +39 +40 +41 +42 +44 +45 +46 +47 +48 +49 +50 +51 +52 +53 +54 +55 +56 +57 +58 +59 +60 +61 +62 +63 +64 +65 +66 +67 +68 +69 +70 +126 +71 +72 +73 +74 +75 +76 +77 +78 +82 +83 +84 +85 +86 +87 +88 +89 +90 +91 +92 +93 -95 -133 +132 +96 +97 -43 +98 +99 +100 +101 +102 +103 +104 +105 +106 +107 +108 +109 +110 +111 +112 +113 +114 $
>CP007191.1
+1 +2 +3 +4 +5 +6 +7 +8 +9 -14 -13 -12 -11 -10 +15 +16 +17 +18 +19 +20 +21 +22 +23 +24 +25 +26 +27 +28 +29 +30 +31 +32 +33 +34 +35 +36 +37 +38 +39 +40 +41 +42 +44 +45 +46 +47 +48 +49 +50 +51 +52 +53 +54 +55 +56 +57 +58 +59 +60 +61 +62 +63 +64 +65 +66 +67 +68 +69 +70 +126 +71 +72 +73 +74 +75 +76 +77 +78 +82 +83 +84 +85 +86 +87 +88 +89 +90 +91 +92 +93 +127 +128 +129 +95 +96 +97 +98 +99 +100 +101 +102 +103 +104 +105 +106 +107 +108 +109 +130 +131 +110 +111 +112 +113 +114 $
>CP012217.1
+4 +5 +6 +7 +8 +9 -14 -13 -12 -11 -10 +138 +43 +15 +16 +17 +152 +18 +19 +20 +21 +22 +23 +24 +105 +106 +107 +108 +109 +110 +111 +112 +113 +1 +2 +3 +25 +26 +27 +28 +29 +30 +31 +32 +33 +34 +35 +36 +37 +143 +38 +39 +40 +41 +42 +44 +45 +46 +47 +48 +49 +50 +51 +52 +53 +54 +55 +56 +57 +58 +59 +60 +61 +62 +144 +145 +153 +154 +63 +64 +65 +66 +67 +68 +69 +70 +71 +72 +73 +74 +75 +76 +77 +78 +82 +83 +84 +85 +86 +87 +88 +89 +90 +91 +92 +93 +127 +129 +95 +96 +97 +98 +99 +100 +101 +102 +103 +128 $
>LR134502.1
+1 +2 +3 +115 +4 +5 +6 +7 +8 +9 -14 -13 -12 -11 -10 +15 +16 +17 +18 +19 +20 +21 +22 +23 +24 +25 +26 +27 +28 +29 +30 +31 +32 +116 +33 +34 +35 +36 +37 +38 +39 +40 +93 +41 +42 +44 +45 +46 +47 +48 +49 +50 +51 +52 +53 +54 +55 +56 +57 +58 +59 +60 +61 +62 +63 +64 +65 +66 +67 +68 +69 +70 +117 +71 +72 +73 +74 +75 +76 +77 +78 +82 +141 +83 +84 +85 +86 +87 +88 +89 +90 +91 +92 +155 +125 +95 -96 +156 +97 +98 +99 +100 +101 +102 +103 +105 +106 +107 +108 +109 +110 +111 +112 +113 $
>CP012221.1
+4 +5 +6 +7 +8 +9 -14 -13 -12 -11 -10 +15 +16 +17 +18 +19 +20 +21 +22 +23 +24 +25 +26 +27 +28 +123 +29 +30 +31 +32 +33 +34 +35 +36 +37 +38 +39 +40 +41 +42 +44 +45 +46 +47 +48 +49 +50 +51 +52 +53 +54 +55 +56 +57 +58 +59 +60 +61 +62 +144 +145 +153 +154 +63 +64 +65 +66 +134 +135 +136 +137 +67 +68 +69 +70 +71 +72 +73 +74 +75 +76 +77 +78 +82 +141 +83 +84 +85 +86 +87 +88 +89 +90 +91 +92 +93 +157 +95 +96 +97 +98 +99 +100 +101 +102 +103 +105 +106 +107 +108 +109 +110 +111 +112 +113 +1 +2 +3 +158 $
>CP017860.1
+4 +5 +6 +7 +8 +9 -14 -13 -12 -11 -10 +15 +16 +17 +18 +19 +20 +21 +22 +23 +24 +25 +26 +27 +28 +123 +29 +30 +31 +32 +116 +33 +34 +35 +36 +37 +38 +39 +40 +41 +42 +44 +45 +46 +47 +48 +49 +50 +51 +52 +53 +54 +55 +56 +57 +58 +59 +60 +61 +62 -145 -144 +153 +154 +63 +64 +65 +66 +67 +68 +69 +70 +71 +72 +73 +74 +75 +76 +77 +78 +82 +83 +84 +85 +86 +87 +88 +89 +90 +91 +92 +93 +95 +96 +97 +98 +99 +100 +101 +102 +103 +105 +106 +107 +108 +109 +110 +111 +112 +113 +114 +1 +2 +3 $
>CP019965.1
+1 +2 +3 +115 +4 +5 +6 +7 +8 +9 -14 -13 -12 -11 -10 +15 +16 +17 +152 +18 +19 +20 +21 +22 +23 +24 +25 +26 +27 +28 +29 +30 +31 +32 +33 +34 +35 +36 +37 +38 +39 +40 +41 +42 +44 +45 +46 +47 +48 +49 +50 +51 +52 +53 +54 +55 +56 +57 +58 +59 +60 +61 +62 +63 +64 +65 +66 +67 +68 +69 +70 +71 +72 +73 +74 +75 +76 +77 +78 +82 +83 +84 +85 +86 +87 +88 +89 +90 +91 +92 +93 +139 +95 +96 +97 +98 +99 +100 +101 +102 +103 +105 +106 +107 +108 +109 +110 +111 +112 +113 $
>CP019838.1
+24 +25 +26 +27 +28 +29 +30 +31 +32 +33 +34 +35 +36 +37 +38 +39 +40 +41 +42 +44 +45 +46 +47 +48 +49 +50 +51 +52 +53 +54 +55 +56 +57 +58 +59 +60 +61 +62 +144 -145 +145 +153 +154 +159 +63 +64 +65 +66 +67 +68 +69 +70 +71 +72 +73 +74 +75 +76 +77 +78 +82 +83 +84 +85 +86 +87 +88 +89 +90 +91 +92 +93 +160 +95 +96 +97 +98 +99 +100 +101 +102 +103 +105 +106 +161 +107 +108 +109 +110 +111 +112 +113 +162 +1 +2 +3 +4 +5 +6 +7 +8 +9 -14 -13 -12 -11 -10 +15 +16 +17 +152 +18 +19 +20 +21 +22 +23 +24 $
>CP012696.1
+1 +2 +3 +4 +5 +6 +7 +8 +9 -14 -13 -12 -11 -10 +15 +16 +17 +18 +19 +20 +21 +22 +23 +24 +25 +26 +27 +28 +29 +30 +31 +32 +33 +34 +35 +36 +37 +38 +39 +40 +41 +42 +44 +45 +46 +47 +48 +49 +50 +51 +52 +53 +54 +55 +56 +57 +58 +59 +60 +61 +62 +63 +64 +65 +66 +67 +68 +69 +70 +126 +71 +72 +73 +74 +75 +76 +77 +78 +82 +83 +84 +85 +86 +87 +88 +89 +90 +91 +92 +93 +158 +157 +95 +96 +97 +98 +99 +100 +101 +102 +103 +104 +105 +106 +107 +108 +109 +110 +111 +112 +113 +114 $
>CP028912.1
+1 +2 +3 +4 +5 +6 +7 +8 +9 -14 -13 -12 -11 -10 +15 +16 +17 +18 +19 +20 +21 +22 +23 +24 +25 +26 +27 +28 +29 +30 +31 +32 +33 +34 +35 +36 +37 +38 +39 +40 +41 +42 +44 +45 +46 +47 +48 +49 +50 +51 +52 +53 +54 +55 +56 +57 +58 +59 +60 +61 +62 +63 +64 +65 +66 +67 +68 +69 +70 +126 +71 +72 +73 +74 +75 +76 +77 +78 +82 +83 +84 +85 +86 +87 +88 +89 +90 +91 +92 +93 +158 +157 +95 +96 +97 +98 +99 +100 +101 +102 +103 +104 +105 +106 +107 +108 +109 +110 +111 +112 +113 +114 $
>CP020776.1
+1 +2 +3 +4 +5 +6 +7 +8 +9 +10 +11 +12 +13 +14 +15 +16 +17 +18 +19 +20 +21 +22 +23 +24 +25 +26 +27 +28 +29 +30 +31 +32 +33 +34 +35 +36 +37 +38 +39 +40 +41 +42 +44 +45 +46 +47 +48 +49 +50 +51 +52 +53 +54 +55 +56 +57 +58 +59 +60 +61 +62 +63 +64 +65 +66 +67 +68 +69 +70 +126 +71 +72 +73 +74 +75 +76 +77 +78 +118 +119 +120 +121 +82 +83 +84 +85 +86 +87 +88 +43 +89 +90 +91 +92 +93 +127 +128 +129 +95 +96 +97 +98 +99 +100 +101 +102 +103 +104 +105 +106 +107 +108 +109 +110 +111 +112 +113 +114 $
>CP000768.1
+1 +2 +3 +163 +4 +5 +6 +7 +8 +9 -14 -13 -12 -11 -10 -90 -89 -88 -87 -86 +123 -85 -150 -84 -83 -82 -78 -77 -76 -75 -74 -73 -72 -71 -70 -69 -68 -67 -66 +164 -65 +165 +166 +167 -64 -63 -62 -61 -60 -59 -58 -118 -55 -54 -121 -120 +50 +51 +52 +53 -37 -36 -35 -34 -33 +123 +168 +169 +57 +170 -50 -49 -48 -47 -46 -45 -44 -42 -41 -40 -39 -38 -32 -31 -30 -29 -28 -27 -26 -25 +171 -24 -23 -22 -21 -20 -19 -18 -17 -16 -15 +91 +92 +93 +172 +95 +96 +158 +97 +98 +99 +100 +101 +102 +103 +105 +106 +107 +108 +109 +110 +111 +112 +113 +114 $
>LR134497.1
+1 +2 +3 +4 +5 +6 +7 +8 +9 -14 -13 -12 -11 -10 +15 +16 +17 +152 +18 +19 +20 +21 +22 +23 +24 +25 +26 +27 +28 +29 +30 +31 +32 +140 +33 +34 +35 +36 +37 +38 +39 +40 +41 +42 +44 +45 +46 +47 +48 +49 +50 +51 +52 +53 +54 +55 +56 +57 +58 +59 +60 +61 +62 +144 +145 +153 +154 +63 +64 +65 +66 +67 +68 +69 +43 +70 +71 +72 +73 +74 +75 +76 +77 +78 +82 +83 +84 +85 +86 +87 +88 +89 +90 +91 +92 +93 +158 -132 +133 +95 +96 +97 +98 +99 +100 +101 +102 +103 +105 +106 +161 +107 +108 +109 +110 +111 +112 +113 $
>CP012211.1
+115 +4 +5 +6 +7 +8 +9 -14 -13 -12 -11 -10 +15 +16 +17 +18 +19 +20 +21 +22 +23 +24 +25 +26 +27 +28 +29 +30 +31 +32 +116 +33 +34 +35 +36 +37 +38 +39 +40 +41 +42 +44 +45 +46 +47 +48 +49 +50 +51 +52 +53 +54 +55 +56 +57 +58 +59 +60 +61 +62 +63 +64 +65 +66 +67 +68 +69 +70 +117 +71 +72 +73 +74 +75 +76 +77 +78 +82 +84 +85 +86 +87 +88 +89 +90 +91 +92 +142 +125 +95 +96 +97 +98 +99 +100 +101 +102 +103 -137 -136 -135 -134 +105 +106 +107 +108 +109 +110 +111 +112 +113 +1 +2 +3 $
>CP006006.1
+55 +56 +57 +58 +59 +60 +61 +62 +63 +64 -137 -136 -135 -134 +65 +66 +67 +68 +69 +70 +71 +72 +73 +74 +75 +76 +77 +78 +82 +83 +84 +85 +86 +87 +88 +89 +90 +91 +92 +93 +158 +94 +95 +173 +96 +97 +98 +99 +100 +101 +102 +103 +105 +106 +107 +108 +109 +110 +111 +112 +113 +114 +1 +2 +3 +4 +5 +6 +7 +8 +9 -14 -13 -12 -11 -10 +15 +16 +17 +152 +18 +19 +20 +21 +22 +23 +24 +25 +26 +27 +28 +29 +30 +31 +32 +33 +34 +35 +36 +37 +38 +39 +40 +41 +42 +44 +45 +46 +47 +48 +49 +50 +51 +52 +53 +54 $
>LS483295.1
+1 +2 +3 +4 +5 +6 +7 +8 +9 -14 -13 -12 -11 -10 +138 +15 +16 +17 +18 +19 +20 +21 +22 +23 +24 -171 +25 +26 +27 +28 +29 +30 +31 +32 +38 +39 +40 +41 +42 +33 +34 +35 +36 +174 +37 +44 +45 +46 +47 +48 +49 +50 -170 -57 -55 -54 -53 -52 -51 -50 +58 +59 +60 +61 +62 +63 +64 -165 +65 -164 +66 +67 +68 +69 +70 +71 +72 +73 +74 +75 +76 +77 +78 +82 +83 +84 +85 +86 +87 +88 +89 +90 +91 +92 +93 +172 +95 +96 +158 +97 +98 +99 +100 +101 +102 +103 +105 +106 +107 +108 +109 +110 +111 +112 +113 +114 $
>CP022080.1
-106 -105 -103 -102 -101 -100 -99 -98 -97 -96 -95 -125 -142 -92 -91 -90 -89 -88 -87 -86 -85 -84 -82 -78 -77 -76 -75 -74 -73 -72 -71 -117 -70 -69 -68 -67 -66 -65 -64 -63 -62 -61 -60 -59 -58 -57 -56 -55 -54 -53 -52 -51 -50 -49 -48 -47 -46 -45 -44 -42 -41 -93 -40 -39 -38 -37 -36 -35 -34 -33 -116 -32 -31 -30 -29 -28 -27 -26 -25 -24 -23 -22 -21 -20 -19 -18 -17 -16 -15 +10 +11 +12 +13 +14 -9 -8 -7 -6 -5 -4 -115 -3 -2 -1 -113 -112 -111 -110 -109 -108 -107 $
>CP023867.1
-37 -36 -35 -34 -33 -43 -32 -31 -30 -29 -28 -27 -26 -25 -24 -23 -22 -21 -20 -19 -18 -17 -16 -15 +10 +11 +12 +13 +14 -9 -8 -7 -6 -5 -4 -3 -2 -1 -114 -113 -112 -111 -110 -109 -108 -107 -106 -105 -104 -103 -102 -101 -100 -99 -98 -97 -96 -95 -129 -128 -127 -93 -92 -91 -90 -89 -88 -87 -86 -85 -84 -83 -82 -78 -77 -76 -75 -74 -73 -72 -71 -70 -69 -68 -67 -66 -65 -64 -63 -62 -61 -60 -59 -58 -57 -56 -55 -54 -53 -52 -51 -50 -49 -48 -47 -46 -45 -44 -42 -41 -40 -39 -38 $
>CP017029.1
+1 +2 +3 +4 +5 +6 +7 +8 +9 -14 -13 -12 -11 -10 +138 +15 +16 +17 +18 +19 +20 +21 +22 +23 +24 +25 +26 +27 +28 +29 +30 +31 +32 +33 +34 +35 +36 +37 +38 +39 +40 +41 +42 +44 +45 +46 +47 +48 +49 +50 +51 +52 +53 +54 +55 +56 +57 +58 +59 +60 +61 +62 -145 +145 +153 +154 +63 +64 +65 +66 +67 +68 +69 +70 +71 +72 +73 +74 +75 +76 +77 +78 +82 +83 +84 +85 +86 +87 +88 +89 +90 +91 +92 +93 +95 +96 +97 +98 +99 +100 +101 +102 +103 +104 +105 +106 +107 +108 +109 +110 +111 +112 +113 $
>CP006685.1
+1 +2 +3 +4 +5 +6 +7 +8 +9 -14 -13 -12 -11 -10 +15 +16 +17 +18 +19 +20 +21 +22 +23 +24 +25 +26 +27 +28 +29 +30 +31 +32 +33 +34 +35 +36 +37 +38 +39 +40 +41 +42 +44 +45 +46 +47 +48 +49 +50 +51 +52 +53 +54 +55 +56 +57 +58 +59 +60 +61 +62 +63 +64 +65 +66 +67 +68 +69 +70 +126 +71 +72 +73 +74 +75 +76 +77 +78 +82 +83 +84 +85 +86 +87 +88 +89 +90 +91 +92 +93 +127 +128 +129 +95 +96 +97 +98 +99 +100 +101 +102 +103 +104 +105 +106 +107 +108 +109 +110 +111 +112 +113 +114 $
>CP022470.1
+1 +2 +3 +4 +5 +6 +7 +8 +9 -14 -13 -12 -11 -10 +15 +16 +17 +18 +19 +20 +21 +22 +23 +24 +25 +26 +27 +28 +29 +30 +31 +32 +116 +33 +34 +35 +36 +37 +38 +39 +40 +41 +42 -43 +44 +45 +46 +47 +48 +49 +50 +51 +52 +53 +54 +55 +56 +57 +58 +59 +60 +61 +62 +63 +64 +65 +66 +67 +68 +69 +70 +117 +71 +72 +73 +74 +75 +76 +77 +78 +82 +83 +84 +85 +86 +87 +88 +89 +90 +91 +92 +142 +125 +95 +96 +97 +98 +99 +100 +101 +102 +103 +105 +106 +107 +108 +109 +110 +111 +112 +113 $
>CP022440.1
+1 +2 +3 +115 +4 +5 +6 +7 +8 +9 -14 -13 -12 -11 -10 +15 +16 +17 +18 +19 +20 +21 +22 +23 +24 +25 +26 +27 +28 +29 +30 +31 +32 +116 +33 +34 +35 +36 +37 +38 +39 +40 +41 +42 +44 +45 +46 +47 +48 +49 +50 +51 +52 +53 +54 +55 +56 +57 +58 +59 +60 +61 +62 +63 +64 +65 +66 +67 +68 +69 +70 +71 +72 +73 +74 +75 +76 +77 +78 +82 +84 +85 +86 +87 +88 +89 +90 +91 +92 +93 +160 +95 +96 +97 +98 +99 +100 +101 +102 +103 +104 +105 +106 +107 +108 +109 +110 +111 +112 +113 +114 $
>CP007751.1
+1 +2 +3 +4 +5 +6 +7 +8 +9 -14 -13 -12 -11 -10 +15 +16 +17 +18 +19 +20 +21 +22 +23 +24 +25 +26 +27 +28 +29 +30 +31 +32 +33 +34 +35 +36 +37 +38 +39 +40 +41 +42 +44 +45 +46 +47 +48 +49 +50 +51 +52 +53 +54 +55 +56 +57 +58 +59 +60 +61 +62 +63 +64 +65 +66 +67 +68 +69 +70 +126 +71 +72 +73 +74 +75 +76 +77 +78 +79 +80 +81 +82 +83 +84 +85 +86 +87 +88 +89 +90 +91 +92 +93 +127 +128 +129 +95 +96 +97 +98 +99 +100 +101 +102 +103 +104 +105 +106 +107 +108 +109 +110 +111 +112 +113 +114 $
>CP012213.1
+4 +5 +6 +7 +8 +9 -14 -13 -12 -11 -10 +15 +16 +17 +18 +19 +20 +21 +22 +23 +24 +25 +26 +27 +28 +29 +30 +31 +32 +116 +33 +34 +35 +36 +37 +38 +39 +40 +93 +41 +42 +44 +45 +46 +47 +48 +49 +50 +51 +52 +53 +54 +55 +56 +57 +58 +59 +60 +61 +62 +63 +64 +65 +66 +67 +68 +69 +70 +117 +71 +72 +73 +74 +75 +76 +77 +78 +82 +83 +84 +85 +86 +87 +88 +89 +90 +91 +92 +122 +124 +125 +95 +96 +97 +98 +99 +100 +101 +102 +103 +105 +106 +107 +108 +109 +110 +111 +112 +113 +1 +2 +3 $
>CP012216.1
+15 +16 +17 +152 +18 +19 +20 +21 +22 +23 +24 +4 +5 +6 +7 +8 +9 -14 -13 -12 -11 -10 +138 +84 +85 +86 +87 +88 +89 +90 +91 +92 +93 +148 +95 +96 +97 +98 +99 +100 +101 +102 +103 +105 +106 +107 +108 +109 +175 +110 +111 +112 +113 +114 +1 +2 +3 +25 +26 +27 +28 +29 +30 +31 +32 +116 +33 +34 +35 +36 +37 +38 +39 +40 +41 +42 +44 +45 +46 +47 +48 +49 +50 +51 +52 +53 +54 +55 +56 +57 +58 +59 +60 +61 +62 +63 +64 +65 +66 +67 +68 +69 +70 +117 +71 +72 +73 +74 +75 +76 +77 +78 +82 +176 +177 +178 +179 +83 $
>CP020045.1
+1 +2 +3 +115 +4 +5 +6 +7 +8 +9 -14 -13 -12 -11 -10 +15 +16 +17 +152 +18 +19 +20 +21 +22 +23 +24 +25 +26 +27 +28 +29 +30 +31 +32 +33 +34 +35 +36 +37 +38 +39 +40 +41 +42 +44 +45 +46 +47 +48 +49 +50 +51 +52 +53 +54 +55 +56 +57 +58 +59 +60 +61 +62 +63 +64 +65 +66 +67 +68 +69 +70 +71 +72 +73 +74 +75 +76 +77 +78 +82 +83 +84 +85 +86 +87 +88 +89 +90 +91 +92 +93 +139 +95 +96 +97 +98 +99 +100 +101 +102 +103 +105 +106 +107 +108 +109 +110 +111 +112 +113 $
>CP022439.1
+1 +2 +3 +4 +5 +6 +7 +8 +9 -14 -13 -12 -11 -10 +15 +16 +17 +18 +19 +20 +21 +22 +23 +24 +25 +26 +27 +28 +29 +30 +31 +32 +33 +34 +35 +36 +37 +38 +39 +40 +41 +42 +44 +45 +46 +47 +48 +49 +50 +51 +52 +53 +54 +55 +56 +57 +58 +59 +60 +61 +62 +63 +64 +65 +66 +67 +68 +69 +70 +126 +71 +72 +73 +74 +75 +76 +77 +78 +82 +83 +84 +85 +86 +87 +88 +89 +90 +91 +92 +93 +127 +128 +129 +95 +96 +97 +98 +99 +100 +101 +102 +103 +104 +105 +106 +107 +108 +109 +110 +111 +112 +113 +114 $
>LR134359.1
-136 -135 -134 +75 +76 +77 +78 +170 +120 +121 +118 +82 +84 +85 +86 +87 +88 +89 +90 +91 +92 +122 -137 -136 -135 -134 -171 +25 +26 +27 +28 +29 +30 +31 +32 +33 +34 +35 +36 +37 +38 +39 +40 +41 +42 +44 +45 +46 +47 +48 +49 +50 +51 +52 +53 +54 +55 +57 +58 +59 +60 +61 +62 +63 +64 +65 -164 +66 +67 +68 +69 +70 +180 +71 +72 +73 +74 -137 -136 -135 -134 +125 +95 +96 +97 +98 +99 +100 +101 +102 +103 +105 +106 +107 +108 +109 +110 +111 +112 +113 +114 +1 +2 +3 +163 +4 +5 +6 +7 +8 +9 -14 -13 -12 -11 -10 +138 +15 +16 +17 +18 +19 +20 +21 +22 +23 +24 -137 -136 -135 $
>HE978252.1
+1 +2 +3 +4 +5 +6 +7 +8 +9 -14 -13 -12 -11 -10 +15 +16 +17 +18 +19 +20 +21 +22 +23 +24 +25 +26 +27 +28 +29 +30 +31 +32 +33 +34 +35 +36 +37 +38 +39 +40 +41 +42 +44 +45 +46 +47 +48 +49 +50 +51 +52 +53 +54 +55 +56 +57 +58 +59 +60 +61 +62 +63 +64 +65 +66 +67 +68 +69 +70 +126 +71 +72 +73 +74 +75 +76 +77 +78 +82 +83 +84 +85 +86 +87 +88 +89 +90 +91 +92 +93 +127 +128 +129 +95 +96 +97 +98 +99 +100 +101 +102 +103 +104 +105 +106 +107 +108 +109 +110 +111 +112 +113 +114 $
>CP023446.1
-3 -2 -1 -114 -113 -112 -111 -110 -175 -109 -108 -107 -106 -13 -12 -11 -10 +138 +15 +16 +17 +18 +19 +20 +21 +22 +23 +24 +25 +26 +27 +28 +29 +30 +31 +32 +116 +33 +34 +35 +36 +37 +38 +39 +40 +41 +42 +44 +45 +46 +47 +48 +49 +50 +51 +52 +53 +54 +55 +56 +57 +58 +59 +60 +61 +62 +144 +145 +63 +64 +65 +66 +67 +68 +69 +70 +126 +71 +72 +73 +74 +75 +76 +77 +78 +79 +80 +81 +82 +84 +85 +86 +87 +88 +89 +90 +91 +92 +93 +125 +95 +96 +97 +98 +99 +100 +101 +102 +103 +104 +105 +106 +107 +108 +109 -138 +10 +11 +12 +13 +14 -177 -176 -179 -178 $
>CP017862.1
+109 +110 +111 +112 +113 +114 +1 +2 -52 -51 -50 -49 +3 +4 +5 +6 +7 +8 +9 -14 -13 -12 -11 -10 +138 +15 +16 +17 +18 +19 +39 -137 -136 -135 -134 +40 +41 +42 +20 +21 +22 +23 +24 +25 +26 +27 +28 +29 +30 +31 +32 +33 +34 +35 +36 +37 +38 +39 +41 +42 +44 +45 +46 +47 +48 +53 +54 +55 +56 +57 +58 +59 +60 +61 +62 +63 +64 +65 +66 +67 +68 +69 +70 +71 +72 +73 +74 +75 +76 +77 +78 +82 +84 +85 +86 +87 +88 +89 +90 +91 +92 +93 +139 +95 +96 +97 +98 +99 +100 +101 +102 +103 +105 +106 +107 +108 $
>CP017031.1
+1 +2 +3 +4 +5 +6 +7 +8 +9 -14 -13 -12 -11 -10 +15 +16 +17 +18 +19 +20 +21 +22 +23 +24 +25 +26 +27 +28 +29 +30 +31 +32 +33 +34 +35 +36 +37 +38 +39 +40 +41 +42 +44 +45 +46 +47 +48 +49 +50 +51 +52 +53 +54 +55 +56 +57 +58 +59 +60 +61 +62 +63 +64 +65 +66 +67 +68 +69 +70 +126 +71 +72 +73 +74 +75 +76 +77 +78 +82 +83 +84 +85 +86 +87 +88 +89 +90 +91 +92 +93 -132 +133 +95 +96 +97 +98 +99 +100 +101 +102 +103 +104 +105 +106 +107 +108 +109 +110 +111 +112 +113 +114 $
>CP017229.1
+1 +2 +3 +115 +4 +5 +6 +7 +8 +9 -14 -13 -12 -11 -10 +15 +16 +17 +18 +19 +20 +21 +22 +23 +24 +25 +26 +27 +28 +29 +30 +31 +32 +116 +33 +34 +35 +36 +37 +38 +39 +40 +41 +42 +44 +45 +46 +47 +48 +49 +50 +51 +52 +53 +54 +55 +56 +57 +58 +59 +60 +61 +62 +63 +64 +65 +66 +67 +68 +69 +70 +71 +72 +73 +74 +75 +76 +77 +78 +82 +84 +85 +86 +87 +88 +89 +90 +91 +92 +93 +181 +95 +173 +182 +96 +97 +98 +99 +100 +101 +102 +103 +105 +106 +107 +108 +109 +110 +111 +112 +113 +162 $
>CP010307.1
+1 +2 +3 +4 +5 +6 +7 +8 +9 +10 +11 +12 +13 +14 +15 +16 +17 +18 +19 +20 +21 +22 +23 +24 +25 +26 +27 +28 +29 +30 +31 +32 +33 +34 +35 +36 +37 +38 +39 +40 +41 +42 +44 +45 +46 +47 +48 +49 +50 +51 +52 +53 +54 +55 +56 +57 +58 +59 +60 +61 +62 +63 +64 +65 +66 +67 +68 +69 +70 +71 +72 +73 +74 +75 +76 +77 +78 +80 +81 +82 +83 +84 +85 +86 +87 +88 +89 +90 +91 +92 +93 +94 +95 +96 +97 +98 +99 +100 +101 +102 +103 +104 +105 +106 +107 +108 +109 +110 +111 +112 +113 $
>CP012689.1
+1 +2 +3 +115 +4 +5 +6 +7 +8 +9 +183 -14 -13 -12 -11 -10 +15 +16 +17 +18 +19 +20 +21 +22 +23 +24 +25 +26 +27 +28 +29 +30 +31 +32 +116 +33 +34 +35 +36 +37 +38 +39 +40 +41 +42 -43 +44 +45 +46 +47 +48 +49 +50 +51 +52 +53 +54 +55 +56 +57 +58 +59 +60 +61 +62 +63 +64 +65 +66 +67 +68 +69 +70 +71 +72 +73 +74 +75 +76 +77 +78 +82 +84 +85 +86 +87 +88 +89 +90 +91 +92 +122 +184 +125 +95 +96 +97 +98 +99 +100 +101 +102 +103 +185 +105 +106 +107 +108 +109 +110 +111 +112 +113 +114 $
>CP028911.1
+1 +2 +3 +115 +4 +5 +6 +7 +8 +9 -14 -13 -12 -11 -10 +15 +16 +17 +152 +18 +19 +20 +21 +22 +23 +24 +25 +26 +27 +28 +29 +30 +31 +32 +33 +34 +35 +36 +37 +38 +39 +40 +41 +42 +44 +45 +46 +47 +48 +49 +50 +51 +52 +53 +54 +55 +56 +57 +58 +59 +60 +61 +62 +63 +64 +65 +66 +67 +68 +69 +70 +71 +72 +73 +74 +75 +76 +77 +78 +82 +83 +84 +85 +86 +87 +88 +89 +90 +91 +92 +93 +139 +95 +96 +97 +98 +99 +100 +101 +102 +103 +105 +106 +107 +108 +109 +110 +111 +112 +113 $
>CP008787.1
+1 +2 +3 +115 +4 +5 +6 +7 +8 +9 -14 -13 -12 -11 -10 +15 +16 +17 +18 +19 +20 +21 +22 +23 +24 +25 +26 +27 +28 +123 +29 +30 +31 +32 +116 +33 +34 +35 +36 +37 +38 +39 +40 +93 +41 +42 +44 +45 +46 +47 +48 +49 +50 +51 +52 +53 +54 +55 +56 +57 +58 +59 +60 +61 +62 +63 +64 +65 +66 +67 +68 +69 +70 +117 +71 +72 +73 +74 +75 +76 +77 +78 +82 +84 +85 +86 +87 +88 +89 +90 +91 +92 +186 +187 +125 +95 +96 +97 +98 +99 +100 +101 +102 +103 +105 +106 +107 +108 +109 +110 +111 +112 +113 $
>CP022079.1
+1 +2 +3 +4 +5 +6 +7 +8 +9 -14 -13 -12 -11 -10 +15 +16 +17 +18 +19 +20 +21 +22 +23 +24 +25 +26 +27 +28 +29 +30 +31 +32 +33 +34 +35 +36 +37 +38 +39 +40 +41 +42 +44 +45 +46 +47 +48 +49 +50 +51 +52 +53 +54 +55 +56 +57 +58 +59 +60 +61 +62 +63 +64 +65 +66 +67 +68 +69 +70 +71 +72 +73 +74 +75 +76 +77 +78 +82 +83 +84 +85 +86 +87 +88 +89 +90 +91 +92 +93 +94 +95 +96 +97 +98 +99 +100 +101 +102 +103 +105 +106 +107 +108 +109 +110 +111 +112 +113 +114 $
>CP022077.1
-108 -107 -106 -105 -104 -103 -102 -101 -100 -99 -98 -97 -96 -95 -129 -128 -127 -93 -92 -91 -90 -89 -88 -87 -86 -85 -84 -83 -82 -78 -77 -76 -75 -74 -73 -72 -71 -126 -70 -69 -68 -67 -66 -65 -64 -63 -62 -61 -60 -59 -58 -57 -56 -55 -54 -53 -52 -51 -50 -49 -48 -47 -46 -45 -44 -42 -41 -40 -39 -38 -37 -36 -35 -34 -33 -32 -31 -30 -29 -28 -27 -26 -25 -24 -23 -22 -21 -20 -19 -18 -17 -16 -15 -14 -13 -12 -11 -10 -9 -8 -7 -6 -5 -4 -3 -2 -1 -114 -113 -112 -111 -110 -109 $
>CP015209.1
+1 +2 +3 +115 +4 +5 +6 +7 +8 +9 -14 -13 -12 -11 -10 +15 +16 +17 +18 +19 +20 +21 +22 +23 +24 +25 +26 +27 +28 +29 +30 +31 +32 +116 +33 +34 +35 +36 +37 +38 +39 +40 +41 +42 +44 +45 +46 +47 +48 +49 +50 +51 +52 +53 +54 +55 +123 +56 +57 +58 +59 +60 +61 +62 +63 +64 +65 +66 +67 +68 +69 +70 +71 +72 +73 +74 +75 +76 +77 +78 +82 +84 +85 +86 +87 +88 +89 +90 +91 +92 +93 +181 +95 +173 +182 +96 +97 +98 +99 +100 +101 +102 +103 +105 +106 +107 +108 +109 +110 +111 +112 +113 +162 $
>CM000855.1
+4 +5 +6 +7 -14 -13 -12 -11 -10 -9 -8 +15 +16 +17 +152 +18 +19 +20 +21 +22 +23 +24 +25 +26 +27 +28 +29 +30 +31 +32 +33 +34 +35 +36 +37 +38 -43 -154 +153 +39 +40 +93 +41 +42 +44 +45 +46 +47 +48 +49 +50 +51 +52 +53 +54 +55 +56 +57 +58 +59 +60 +61 +62 +63 +64 +65 +66 +67 +68 +69 +70 +71 +72 +73 +74 +75 +76 +77 +78 +80 +81 +82 +83 +84 +85 +86 +87 +88 +89 +90 +91 +92 +95 +96 +97 +98 +99 +100 +101 +102 +103 +105 +106 +107 +108 +109 +110 +111 +112 +113 +1 +2 +3 +179 +176 +178 $
>CP017863.1
+4 +5 +6 +7 +8 +9 -19 -18 -17 -16 -15 -14 -13 -12 -11 -10 +138 +20 +21 +22 +23 +24 +25 +26 +27 +28 +29 +30 +31 +32 +116 +33 +34 +35 +36 +37 +38 +39 +40 +41 +42 +44 +45 +46 +47 +48 +49 +50 +51 +52 +53 +54 +55 +56 +57 +58 +59 +60 +61 +62 +145 +153 +154 +63 +64 +65 +66 +67 +68 +69 +70 +117 +71 +72 +73 +74 +75 +76 +77 +78 +80 +81 +82 +83 +84 +85 +86 +87 +88 +89 +90 +91 +92 +93 +158 +157 +95 +96 +97 +98 +99 +100 +101 +102 +103 +104 +105 +106 +107 +108 +134 +135 +136 +137 +109 +175 +110 +111 +112 +113 +114 +1 +2 +3 $
>CP027403.1
+98 +99 +100 +101 +102 +103 +105 +106 +107 +108 +109 +110 +111 +112 +113 +114 +1 +2 +3 +163 +4 +5 +6 +7 +8 +9 -14 -13 -12 -11 -10 -90 -89 -88 -87 -86 +123 -85 -150 -84 -83 -82 -78 -77 -76 -75 -74 -73 -72 -71 -70 -69 -68 -67 -66 +164 -65 +165 +166 +167 -64 -63 -62 -61 -60 -59 -58 -118 -55 -54 -121 -120 +50 +51 +52 +53 -37 -36 -35 -34 -33 +123 +168 +169 +57 +170 -50 -49 -48 -47 -46 -45 -44 -42 -41 -40 -39 -38 -32 -31 -30 -29 -28 -27 -26 -25 +171 -24 -23 -22 -21 -20 -19 -18 -17 -16 -15 +91 +92 +93 +172 +95 +96 +158 +97 $
>CP023866.1
+85 +86 +87 +88 +89 +90 +91 +92 +146 +147 +95 +96 +97 +98 +99 +100 +101 +102 +103 +105 +106 +107 +108 +109 +110 +111 +112 +113 +114 +1 +2 +3 +4 +5 +6 +7 +8 +9 -14 -13 -12 +43 -11 -10 +138 +15 +16 +17 +18 +19 +20 +21 +22 +23 +24 +25 +26 +27 +28 +123 +29 +30 +31 +32 +33 +34 +35 +36 +37 +143 +38 +39 +40 +41 +42 +44 +45 +46 +47 +48 +49 +50 +51 +52 +53 +54 +55 +56 +57 +58 +59 +60 +61 +62 +144 +145 +63 +64 +65 +66 +67 +68 +69 +70 +71 +72 +73 +74 +75 +76 +77 +78 +80 +81 +82 +141 +83 +84 $
>CP028372.1
+1 +2 +3 +4 +5 +6 +7 +8 +9 -14 -13 -12 -11 -10 +15 +16 +17 +18 +19 +20 +21 +22 +23 +24 +25 +26 +27 +28 +123 +29 +30 +31 +32 +33 +34 +35 +36 +37 +38 +39 +40 +41 +42 +44 +45 +46 +47 +48 +49 +50 +51 +52 +53 +54 +55 +56 +57 +58 +59 +60 +61 +62 +63 +64 +65 +66 +67 +68 +69 +70 +126 +71 +72 +73 +74 +75 +76 +77 +78 +82 +83 +84 +85 +86 +87 +88 +89 +90 +91 +92 +93 +158 +188 +157 +95 +96 +97 +98 +99 +100 +101 +102 +103 +105 +106 +107 +108 +109 +110 +111 +112 +113 $
>LR134530.1
+1 +2 +3 +4 +5 +6 +7 +110 +8 +9 -138 +10 +11 +12 +13 +14 +15 +16 +17 +152 +18 +19 +20 +21 +22 +23 +24 -171 +25 +26 +27 +28 +29 +30 +31 +32 +38 +39 +40 +41 +42 -78 -77 -59 -58 -118 +50 +51 +52 +53 +54 +55 -37 -174 -36 -35 -34 -33 +57 +170 -50 -49 -48 -47 -46 -45 -44 +76 +60 +61 +62 +63 +64 +65 -164 +66 +67 +68 +69 +70 +180 +71 +72 +73 +74 +75 -120 +82 +83 +84 +85 +86 +87 +88 +89 +90 +91 +92 +93 +158 +94 +95 +96 +97 +98 +99 +100 +101 +102 +103 +105 +106 +107 +108 +109 +111 +112 +113 +114 $
>CP023543.1
+27 +28 +29 +30 +31 +32 +33 +34 +35 +36 +37 +38 +39 -137 -136 -135 -134 +40 +41 +42 +44 +45 +46 +47 +48 +49 +50 +51 +52 +53 +54 +55 +56 +57 +58 +59 +60 +61 +62 +63 +64 -137 -136 -135 -134 +65 +66 +67 +68 +69 +70 +126 +71 +72 +73 +74 +75 +76 +77 +78 +82 +83 +84 +85 +86 +87 +88 +89 +90 +91 +92 +93 +158 +188 +157 +95 +96 +97 +98 +99 +100 +101 +102 +103 +189 +105 +106 +107 +108 +109 +110 +111 +112 +113 +114 +1 +2 +3 +4 +5 +6 +7 +8 +9 -14 -13 -12 -11 -10 +15 +16 +17 +152 +18 +19 +20 +21 +22 +23 +24 +25 +26 $
>CP007190.1
+1 +2 +3 +115 +4 +5 +6 +7 +8 +9 -14 -13 -12 -11 -10 +15 +16 +17 +18 +19 +20 +21 +22 +23 +24 +25 +26 +27 +28 +29 +30 +31 +32 +116 +33 +34 +35 +36 +37 +38 +39 +40 +93 +41 +42 +44 +45 +46 +47 +48 +49 +50 +51 +52 +53 +54 +55 +56 +57 +58 +59 +60 +61 +62 +63 +64 +65 +66 +67 +68 +69 +70 +149 +71 +72 +73 +74 +75 +76 +77 +78 +82 +83 +84 +85 +86 +87 +88 +89 +90 +91 +92 +122 +151 +125 +95 +96 +97 +98 +99 +100 +101 +102 +103 +105 +106 +107 +108 +109 +110 +111 +112 +113 $
>CP028910.1
+1 +2 +3 +4 +5 +6 +7 +8 +9 +10 +11 +12 +13 +14 +15 +16 +17 +18 +19 +20 +21 +22 +23 +24 +25 +26 +27 +28 +29 +30 +31 +32 +33 +34 +35 +36 +37 +38 +39 +40 +41 +42 +44 +45 +46 +47 +48 +49 +50 +51 +52 +53 +54 +55 +123 +56 +57 +58 +59 +60 +61 +62 +63 +64 +65 +66 +67 +68 +69 +70 +126 +71 +72 +73 +74 +75 +76 +77 +78 +82 +83 +84 +85 +86 +87 +88 +89 +90 +91 +92 +93 +127 +128 +129 +95 +96 +97 +98 +99 +100 +101 +102 +103 +104 +105 +106 +107 +108 +109 +110 +111 +112 +113 +114 $
>CP001876.1
+1 +2 +3 +4 +5 +6 +7 +8 +9 -14 -13 -12 -11 -10 +15 +16 +17 +18 +19 +20 +21 +22 +23 +24 +25 +26 +27 +28 +29 +30 +31 +32 +33 +34 +35 +36 +37 +38 +39 +40 +41 +42 +44 +45 +46 +47 +48 +49 +50 +51 +52 +53 +54 +55 +56 +57 +58 +59 +60 +61 +62 +63 +64 +65 +66 +67 +68 +69 +70 +126 +71 +72 +73 +74 +75 +76 +77 +78 +82 +83 +84 +85 +86 +87 +88 +89 +90 +91 +92 +93 +158 +157 +95 +96 +97 +98 +99 +100 +101 +102 +103 +104 +105 +106 +107 +108 +109 +110 +111 +112 +113 $
>CP001960.1
+1 +2 +3 +4 +5 +6 +7 +8 +9 -14 -13 -12 -11 -10 +138 +15 +16 +17 +18 +19 +20 +21 +22 +23 +24 +25 +26 +27 +28 +29 +30 +31 +32 +33 +34 +35 +36 +37 +143 +38 +39 +40 +134 +135 +136 +137 +41 +42 +44 +45 +46 +47 +48 +49 +50 +51 +52 +53 +54 +55 +56 +57 +58 +59 +60 +61 +62 +63 +64 +65 +66 +67 +68 +69 +70 +71 +72 +73 +74 +75 +76 +77 +78 +79 +80 +81 +82 +141 +83 +84 +85 +86 +87 +88 +89 +90 +91 +92 +146 +147 +95 +96 +97 +98 +99 +100 +101 +102 +103 +105 +106 +107 +108 +109 +110 +111 +112 +113 +114 $
>CP022076.1
+105 +106 +161 +107 +108 +109 +110 +111 +112 +113 +162 +1 +2 +3 +4 +5 +6 +7 +8 +9 -14 -13 -12 -11 -10 +15 +16 +17 +152 +18 +19 +20 +21 +22 +23 +24 +25 +26 +27 +28 +29 +30 +31 +32 +33 +34 +35 +36 +37 +38 +39 +40 +41 +42 +44 +45 +46 +47 +48 +49 +50 +51 +52 +53 +54 +55 +56 +57 +58 +59 +60 +61 +62 +144 -145 +145 +153 +154 +159 +63 +64 +65 +66 +67 +68 +69 +70 +71 +72 +73 +74 +75 +76 +77 +78 +82 +83 +84 +85 +86 +87 +88 +89 +90 +91 +92 +93 +160 +95 +96 +97 +98 +99 +100 +101 +102 +103 $
>CP006689.1
+1 +2 +3 +4 +5 +6 +7 +8 +9 -14 -13 -12 -11 -10 +15 +16 +17 +18 +19 +20 +21 +22 +23 +24 +25 +26 +27 +28 +29 +30 +31 +32 +33 +34 +35 +36 +37 +38 +39 +40 +41 +42 +44 +45 +46 +47 +48 +49 +50 +51 +52 +53 +54 +55 +56 +57 +58 +59 +60 +61 +62 +63 +64 +65 +66 +67 +68 +69 +70 +126 +71 +72 +73 +74 +75 +76 +77 +78 +82 +83 +84 +85 +86 +87 +88 +89 +90 +91 +92 +93 +127 +128 +129 +95 +96 +97 +98 +99 +100 +101 +102 +103 +104 +105 +106 +107 +108 +109 +110 +111 +112 +113 +114 $
>CP045789.1
+27 +28 +29 +30 +31 +32 +33 +34 +35 +36 +37 +38 +39 -137 -136 -135 -134 +40 +41 +42 +44 +45 +46 +47 +48 +49 +50 +51 +52 +53 +54 +55 +56 +57 +58 +59 +60 +61 +62 +63 +64 -137 -136 -135 -134 +65 +66 +67 +68 +69 +70 +126 +71 +72 +73 +74 +75 +76 +77 +78 +82 +83 +84 +85 +86 +87 +88 +89 +90 +91 +92 +93 +158 +188 +157 +95 +96 +97 +98 +99 +100 +101 +102 +103 +189 +105 +106 +107 +108 +109 +110 +111 +112 +113 +114 +1 +2 +3 +4 +5 +6 +7 +8 +9 -14 -13 -12 -11 -10 +15 +16 +17 +152 +18 +19 +20 +21 +22 +23 +24 +25 +26 -137 -136 -135 -134 $
>CP023343.1
+4 +5 +6 +7 +8 +9 -14 -13 -12 -11 -10 +15 +16 +17 +152 +18 +19 +20 +21 +22 +23 +24 +25 +26 +27 +28 +123 +29 +30 +31 +32 +116 +33 +34 +35 +36 +37 +38 +39 +40 +41 +42 +44 +45 +46 +47 +48 +49 +50 +51 +52 +53 +54 +55 +56 +57 +58 +59 +60 +61 +62 +63 +64 +65 +66 +67 +68 +69 +70 +71 +72 +73 +74 +75 +76 +77 +78 +82 +95 +96 +97 +98 +99 +100 +101 +102 +103 +105 +106 +107 +108 +109 +110 +111 +112 +113 +114 +1 +2 +3 $
>CP012149.1
+1 +2 +3 +115 +4 +5 +6 +7 +8 +9 -14 -13 -12 -11 -10 +15 +16 +17 +18 +19 +20 +21 +22 +23 +24 +25 +26 +27 +28 +29 +30 +31 +32 +116 +33 +34 +35 +36 +37 +38 +39 +40 +93 +41 +42 +44 +45 +46 +47 +48 +49 +50 +51 +52 +53 +54 +55 +56 +57 +58 +59 +60 +61 +62 +63 +64 +65 +66 +67 +68 +69 +70 +117 +71 +72 +73 +74 +75 +76 +77 +78 +82 +84 +85 +86 +87 +88 +89 +90 +91 +92 +186 +187 +125 +95 +96 +97 +98 +99 +100 +101 +102 +103 +105 +106 +107 +108 +109 +110 +111 +112 +113 $
>HG428754.1
+1 +2 +3 +4 +5 +6 +7 +8 +9 -14 -13 -12 -11 -10 +15 +16 +17 +18 +19 +20 +21 +22 +23 +24 +25 +26 +27 +28 +123 +29 +30 +31 +32 +116 +33 +34 +35 +36 +37 +38 +39 +40 +93 +41 +42 +44 +45 +46 +47 +48 +49 +50 +51 +52 +53 +54 +55 +56 +57 +58 +59 +60 +61 +62 +63 +64 +65 +66 +67 +68 +69 +70 +117 +71 +72 +73 +74 +75 +76 +77 +78 +82 +83 +84 +85 +86 +87 +88 +89 +90 +91 +92 +122 +124 +125 +95 +96 +97 +98 +99 +100 +101 +102 +103 +105 +106 +107 +108 +109 +110 +111 +112 +113 $
>CP014344.1
+1 +2 +3 +4 +5 +6 +7 +8 +9 -14 -13 -12 -11 -10 +138 +15 +16 +17 +18 +19 +20 +21 +22 +23 +24 +25 +26 +27 +28 +29 +30 +31 +32 +33 +34 +35 +36 +37 +38 +39 +40 +41 +42 +44 +45 +46 +47 +48 +49 +50 +51 +52 +53 +54 +55 +56 +57 +58 +59 +60 +61 +62 +63 +64 +65 +66 +67 +68 +69 +70 +71 +72 +73 +74 +75 +76 +77 +78 +82 +83 +84 +85 +86 +87 +88 +89 +90 +91 +92 +93 +158 +94 +95 +173 +96 +97 +98 +99 +100 +101 +102 +103 +105 +106 +107 +108 +109 +110 +111 +112 +113 +114 $
>LS483362.1
+1 +2 +3 +4 +5 +6 +7 +8 +9 +10 +11 +12 +13 +14 +15 +16 +17 +18 +19 +20 +21 +22 +23 +24 +25 +26 +27 +28 +29 +30 +31 +32 +33 +34 +35 +36 +37 +38 +39 +40 +41 +42 +44 +45 +46 +47 +48 +49 +50 +51 +52 +53 +54 +55 +56 +57 +58 +59 +60 +61 +62 +63 +64 +65 +66 +67 +68 +69 +70 +126 +71 +72 +73 +74 +75 +76 +77 +78 +82 +83 +84 +85 +86 +87 +88 +89 +90 +91 +92 +93 +127 +128 +129 +95 +96 +97 +98 +99 +100 +101 +102 +103 +104 +105 +106 +107 +108 +109 +110 +111 +112 +113 +114 $
>CP012224.1
+115 +4 +5 +6 +7 +8 +9 -14 -13 -12 -11 -10 +15 +16 +17 +18 +19 +20 +21 +22 +23 +24 +25 +26 +27 +28 +29 +30 +31 +32 +33 +34 +35 +36 +37 +38 +39 +40 +41 +42 +44 +45 +46 +47 +48 +49 +50 +51 +52 +53 +54 +55 +56 +57 +58 +59 +60 +61 +62 +63 +64 +65 +66 +67 +68 +69 +70 +71 +72 +73 +74 +75 +76 +77 +78 +82 +83 +84 +85 +86 +87 +88 +89 +90 +91 +92 +93 +158 +94 +95 +173 +96 +97 +98 +99 +100 +101 +102 +103 +105 +106 +107 +108 +109 +110 +111 +112 +113 +1 +2 +3 $
>CP047478.1
-37 -36 -35 -34 -33 -32 -31 -30 -29 -28 -27 -26 -25 -24 -23 -22 -21 -20 -19 -18 -17 -16 -15 +10 +11 +12 +13 +14 -9 -8 -7 -6 -5 -4 -3 -2 -1 -114 -113 -112 -111 -110 -109 -108 -107 -106 -105 -104 -103 -102 -101 -100 -99 -98 -97 -96 -95 -133 +132 -93 -92 -91 -90 -89 -88 -87 -86 -85 -84 -83 -82 -78 -77 -76 -75 -74 -73 -72 -71 -126 -70 -69 -68 -67 -66 -65 -64 -63 -62 -61 -60 -59 -58 -57 -56 -55 -54 -53 -52 -51 -50 -49 -48 -47 -46 -45 -44 -42 -41 -40 -39 -38 $
>LR134507.1
+1 +2 +3 +115 +4 +5 +6 +7 +8 +9 -14 -13 -12 -11 -10 +15 +16 +17 +18 +19 +20 +21 +22 +23 +24 +25 +26 +27 +28 +29 +30 +31 +32 +116 +33 +34 +35 +36 +37 +38 +39 +40 +93 +41 +42 +44 +45 +46 +47 +48 +49 +50 +51 +52 +53 +54 +55 +56 +57 +58 +59 +60 +61 +62 +63 +64 +65 +66 +67 +68 +69 +70 +117 +71 +72 +73 +74 +75 +76 +77 +78 +82 +141 +83 +84 +85 +86 +87 +88 +89 +90 +91 +92 +155 +125 +95 -96 +156 +97 +98 +99 +100 +101 +102 +103 +105 +106 +107 +108 +109 +110 +111 +112 +113 $
>CP034393.1
+1 +2 +3 +4 +5 +6 +7 +8 +9 -14 -13 -12 -11 -10 +138 +15 +16 +17 +18 +19 +20 +21 +22 +23 +24 +25 +26 +27 +28 +29 +30 +31 +32 +33 +34 +35 +36 +37 +143 +38 +39 +40 +41 +42 +43 +44 +45 +46 +47 +48 +49 +50 +51 +52 +53 +54 +55 +56 +57 +58 +59 +60 +61 +62 +144 +145 +63 +64 +65 +66 +67 +68 +69 +70 +125 +71 +72 +73 +74 +75 +76 +77 +78 +82 +141 +83 +84 +85 +86 +87 +88 +89 +90 -43 +91 +92 +146 +147 +95 +96 +97 +98 +99 +100 +101 +102 +103 +105 +106 +107 +108 +109 +110 +111 +112 +113 +114 $
>AL111168.1
+1 +2 +3 +4 +5 +6 +7 +8 +9 -14 -13 -12 -11 -10 +15 +16 +17 +18 +19 +20 +21 +22 +23 +24 +25 +26 +27 +28 +29 +30 +31 +32 +33 +34 +35 +36 +37 +38 +39 +40 +41 +42 +44 +45 +46 +47 +48 +49 +50 +51 +52 +53 +54 +55 +56 +57 +58 +59 +60 +61 +62 +63 +64 +65 +66 +67 +68 +69 +70 +126 +71 +72 +73 +74 +75 +76 +77 +78 +82 +83 +84 +85 +86 +87 +88 +89 +90 +91 +92 +93 +127 +128 +129 +95 +96 +97 +98 +99 +100 +101 +102 +103 +104 +105 +106 +107 +108 +109 +110 +111 +112 +113 +114 $
>CP017456.1
+1 +2 +3 +115 +4 +5 +6 +7 +8 +9 -14 -13 -12 -11 -10 +15 +16 +17 +18 +19 +20 +21 +22 +23 +24 +25 +26 +27 +28 +29 +30 +31 +32 +116 +33 +34 +35 +36 +37 +38 +39 +40 +41 +42 +44 +45 +46 +47 +48 +49 +50 +51 +52 +53 +54 +55 +56 +57 +58 +59 +60 +61 +62 +63 +64 +65 +66 +67 +68 +69 +70 +71 +72 +73 +74 +75 +76 +77 +78 +82 +84 +85 +86 +87 +88 +89 +90 +91 -43 +92 +93 +181 +95 +173 +182 +96 +97 +98 +99 +100 +101 +102 +103 +105 +106 +107 +108 +109 +110 +111 +112 +113 +162 $
>CP047484.1
+4 +5 +6 +7 +8 +9 -14 -13 -12 -11 -10 +15 +16 +17 +18 +19 +20 +21 +22 +23 +24 +25 +26 +27 +28 +29 +30 +31 +32 +33 +34 +35 +36 +37 +38 +39 +40 +41 +42 +44 +45 +46 +47 +48 +49 +50 +51 +52 +53 +54 +55 +56 +57 +58 +59 +60 +61 +62 +63 +64 +65 +66 +67 +68 +69 +70 +126 +71 +72 +73 +74 +75 +76 +77 +78 +82 +83 +84 +85 +86 +87 +88 +89 +90 +91 +92 +93 +158 +157 +95 +96 +97 +98 +99 +100 +101 +102 +103 +104 +105 +106 +107 +108 +109 +110 +111 +112 +113 +114 +1 +2 +3 $
>LR134511.1
+1 +2 +3 +4 +5 +6 +7 +8 +9 -14 -13 -12 -11 -10 +15 +16 +17 +18 +19 +20 +21 +22 +23 +24 +25 +26 +27 +28 +29 +30 +31 +32 +33 +34 +35 +36 +37 +38 +39 +40 +41 +42 +44 +45 +46 +47 +48 +49 +50 +51 +52 +53 +54 +55 +56 +57 +58 +59 +60 +61 +62 +63 +64 +65 +66 +67 +68 +69 +70 +126 +71 +72 +73 +74 +75 +76 +77 +78 +82 +83 +84 +85 +86 +87 +88 +89 +90 +91 +92 +93 +127 +128 +129 +95 +96 +97 +98 +99 +100 +101 +102 +103 +104 +105 +106 +107 +108 +109 +110 +111 +112 +113 +114 $
>CP001900.1
+1 +2 +3 +115 +4 +5 +6 +7 +8 +9 -14 -13 -12 -11 -10 +15 +16 +17 +18 +19 +20 +21 +22 +23 +24 +25 +26 +27 +28 +29 +30 +31 +32 +116 +33 +34 +35 +36 +37 +38 +39 +40 +93 +41 +42 +44 +45 +46 +47 +48 +49 +50 +51 +52 +53 +54 +55 +56 +57 +58 +59 +60 +61 +62 +63 +64 +65 +66 +67 +68 +69 +70 +117 +71 +72 +73 +74 +75 +76 +77 +78 +82 +84 +85 +86 +87 +88 +89 +90 +91 +92 +186 +187 +125 +95 +96 +97 +98 +99 +100 +101 +102 +103 +105 +106 +107 +108 +109 +110 +111 +112 +113 $
>CP047480.1
+25 +26 +27 +28 +123 +29 +30 +31 +32 +116 +33 +34 +35 +36 +37 +38 +39 +40 +41 +43 +42 +44 +45 +46 +47 +48 +49 +50 +51 +52 +53 +54 +55 +56 +57 +58 +59 +60 +61 +62 +63 +64 +65 +66 +67 +68 +69 +70 +71 +72 +73 +74 +75 +76 +77 +78 +82 +83 +84 +85 +86 +87 +88 +89 +90 +91 +92 +93 +127 +128 +129 +95 +96 +97 +98 +99 +100 +101 +102 +103 +105 +106 +107 +108 +109 +110 +111 +112 +113 +114 +1 +2 +3 +4 +5 +6 +7 +8 +9 -14 -13 -12 -11 -10 +15 +16 +17 +18 +19 +20 +21 +22 +23 +24 $
>CP012690.1
+1 +2 +3 +115 +4 +5 +6 +7 +8 +9 +183 -14 -13 -12 -11 -10 +15 +16 +17 +18 +19 +20 +21 +22 +23 +24 +25 +26 +27 +28 +29 +30 +31 +32 +116 +33 +34 +35 +36 +37 +38 +39 +40 +41 +42 -43 +44 +45 +46 +47 +48 +49 +50 +51 +52 +53 +54 +55 +56 +57 +58 +59 +60 +61 +62 +63 +64 +65 +66 +67 +68 +69 +70 +71 +72 +73 +74 +75 +76 +77 +78 +82 +84 +85 +86 +87 +88 +89 +90 +91 +92 +122 +184 +125 +95 +96 +97 +98 +99 +100 +101 +102 +103 +185 +105 +106 +107 +108 +109 +110 +111 +112 +113 +114 $
>CP005388.1
+1 +2 +3 +4 +5 +6 +7 +8 +9 -14 -13 -12 -11 -10 +15 +16 +17 +18 +19 +20 +21 +22 +23 +24 +25 +26 +27 +28 +29 +30 +31 +32 +33 +34 +35 +36 +37 +143 +38 +39 +40 +41 +42 +44 +45 +46 +47 +48 +49 +50 +51 +52 +53 +54 +55 +56 +57 +58 +59 +60 +61 +62 +63 +64 +65 +66 +67 +68 +69 +70 +117 +71 +72 +73 +74 +75 +76 +77 +78 +82 +83 +84 +85 +86 +87 +88 +89 +90 +91 +92 +93 +160 +95 +96 +97 +98 +99 +100 +101 +102 +103 +105 +106 +107 +108 +109 +175 +110 +111 +112 +113 +114 $
>CP047477.1
-42 -41 -40 -39 -38 -37 -36 -35 -34 -33 -116 -32 -31 -30 -29 -123 -28 -27 -26 -25 -24 -23 -22 -21 -20 -19 -18 -17 -16 -15 +10 +11 +12 +13 +14 -9 -8 -7 -6 -5 -4 -3 -2 -1 -114 -113 -112 -111 -110 -109 -108 -107 -106 -105 -103 -102 -101 -100 -99 -98 -97 -96 -95 -129 -128 -127 -93 -92 -91 -90 -89 -88 -87 -86 -85 -84 -83 -82 -81 -80 -78 -77 -76 -75 -74 -73 -72 -71 -70 -69 -68 -67 -66 -65 -64 -63 -62 -61 -60 -59 -58 -57 -56 -55 -54 -53 -52 -51 -50 -49 -48 -47 -46 -45 -44 $
>LN831025.1
+1 +2 +3 +4 +5 +6 +7 +8 +9 -14 -13 -12 -11 -10 +15 +16 +17 +152 +18 +19 +20 +21 +22 +23 +24 +25 +26 +27 +28 +29 +30 +31 +32 +33 +34 +35 +36 +37 +38 +39 +40 +41 +42 +44 +45 +46 +47 +48 +49 +50 +51 +52 +53 +54 +55 +56 +57 +58 +59 +60 +61 +62 +144 -145 +145 +153 +154 +159 +63 +64 +65 +66 +67 +68 +69 +70 +71 +72 +73 +74 +75 +76 +77 +78 +82 +83 +84 +85 +86 +87 +88 +89 +90 +91 +92 +93 +160 +95 +96 +97 +98 +99 +100 +101 +102 +103 +105 +106 +161 +107 +108 +109 +110 +111 +112 +113 +162 $
>CP022559.1
+1 +2 +3 +4 +5 +6 +7 +8 +9 -14 -13 -12 -11 -10 +15 +16 +17 +18 +19 +20 +21 +22 +23 +24 +25 +26 +27 +28 +29 +30 +31 +32 +33 +34 +35 +36 +37 +38 +39 +40 +41 +42 +44 +45 +46 +47 +48 +49 +50 +51 +52 +53 +54 +55 +56 +57 +58 +59 +60 +61 +62 +63 +64 +65 +66 +67 +68 +69 +70 +126 +71 +72 +73 +74 +75 +76 +77 +78 +82 +83 +84 +85 +86 +87 +88 +89 +90 +91 +92 +93 +127 +128 +129 +95 +96 +97 +98 +99 +100 +101 +102 +103 +104 +105 +106 +107 +108 +109 +110 +111 +112 +113 +114 $
>CP006686.1
+1 +2 +3 +4 +5 +6 +7 +8 +9 -14 -13 -12 -11 -10 +15 +16 +17 +18 +19 +20 +21 +22 +23 +24 +25 +26 +27 +28 +29 +30 +31 +32 +33 +34 +35 +36 +37 +38 +39 +40 +41 +42 +44 +45 +46 +47 +48 +49 +50 +51 +52 +53 +54 +55 +56 +57 +58 +59 +60 +61 +62 +63 +64 +65 +66 +67 +68 +69 +70 +126 +71 +72 +73 +74 +75 +76 +77 +78 +82 +83 +84 +85 +86 +87 +88 +89 +90 +91 +92 +93 +127 +128 +129 +95 +96 +97 +98 +99 +100 +101 +102 +103 +104 +105 +106 +107 +108 +109 +110 +111 +112 +113 +114 $
>CP045048.1
+1 +2 +3 +4 +5 +6 +7 +8 +9 -14 -13 -12 -11 -10 +138 +15 +16 +17 +152 +18 +19 +20 -81 -80 +21 +22 +23 +24 +25 +26 +27 +28 +123 +29 +30 +31 +32 +33 +34 +35 +36 +37 +38 +39 +40 +41 +42 +44 +45 +46 +47 +48 +49 +50 +51 +52 +53 +54 +55 +56 +57 +58 +59 +60 +61 +62 +144 +43 +63 +64 +65 +66 +67 +68 +69 +70 +126 +71 +72 +73 +74 +75 +76 +77 +78 +82 +83 +84 +85 +86 +87 +88 +89 +90 +91 +92 +93 +158 +157 +95 +96 +97 +98 +99 +100 +101 +102 +103 +189 +105 +106 +107 +108 +109 +110 +111 +112 +113 +114 $
>CP041584.1
+1 +2 +3 +4 +5 +6 +7 +8 +9 -14 -13 -12 -11 -10 +138 +15 +16 +17 +18 +19 +20 +21 +22 +23 +24 +25 +26 +27 +28 +29 +30 +31 +32 +116 +33 +34 +35 +36 +37 +38 +39 -43 +40 +41 +42 +44 +45 +46 +47 +48 +49 +50 +51 +52 +53 +54 +55 +56 +57 +58 +59 +60 +61 +62 +144 +145 +153 +154 +63 +64 +65 +66 +67 +68 +69 +70 +126 +71 +72 +73 +74 +75 +76 +77 +78 +82 +83 +84 +85 +86 +87 +88 +89 +90 +91 +92 +93 +158 +157 +95 +96 +97 +98 +99 +100 +101 +102 +103 +104 +105 +106 +107 +108 +109 +175 +110 +111 +112 +113 +114 $
>CP002029.1
+1 +2 +3 +115 +4 +5 +6 +7 +8 +9 -14 -13 -12 -11 -10 +15 +16 +17 +18 +19 +20 +21 +22 +23 +24 +25 +26 +27 +28 +29 +30 +31 +32 +116 +33 +34 +35 +36 +37 +38 +39 +40 +41 +42 -43 +44 +45 +46 +47 +48 +49 +50 +51 +52 +53 +54 +55 +56 +57 +58 +59 +60 +61 +62 +63 +64 +65 +66 +67 +68 +69 +70 +71 +72 +73 +74 +75 +76 +77 +78 +82 +84 +85 +86 +87 +88 +89 +90 +91 +92 +122 +184 +125 +95 +96 +97 +98 +99 +100 +101 +102 +103 +185 +105 +106 +107 +108 +109 +110 +111 +112 +113 +114 $
>CP003871.4
+1 +2 +3 +4 +5 +6 +7 +8 +9 -14 -13 -12 -11 -10 +15 +16 +17 +18 +19 +20 +21 +22 +23 +24 +25 +26 +27 +28 +29 +30 +31 +32 +33 +34 +35 +36 +37 +38 +39 +40 +41 +42 +44 +45 +46 +47 +48 +49 +50 +51 +52 +53 +54 +55 +56 +57 +58 +59 +60 +61 +62 +63 +64 +65 +66 +67 +68 +69 +70 +126 +71 +72 +73 +74 +75 +76 +77 +78 +82 +83 +84 +85 +86 +87 +88 +89 +90 +91 +92 +93 +158 +157 +95 +96 +97 +98 +99 +100 +101 +102 +103 +104 +105 +106 +107 +108 +109 +110 +111 +112 +113 +114 $
