>CP010058.1
+1 +2 +3 +14 +15 +16 +17 +18 +19 +20 +21 +22 +23 +25 +26 +27 +28 +29 +30 +31 +32 +35 +36 +37 +38 +40 +44 +45 +46 +47 +48 +49 +51 +52 +53 +54 +55 +57 +58 +59 +60 +61 +62 +63 +64 +65 +66 +67 +68 +69 +70 +71 +72 +73 +74 +75 +76 +77 +82 +95 +96 +97 +98 +99 +100 +101 +102 +103 +105 +110 +111 +112 @
>CP012206.1
-14 +15 +16 +17 +18 +19 +20 +21 +22 +23 +25 +26 +27 +28 +29 +30 +31 +32 +35 +36 +37 +38 +40 +44 +45 +46 +47 +48 +49 +51 +52 +53 +54 +55 +57 +58 +59 +60 +61 +62 +63 +64 +65 +66 +67 +68 +69 +70 +71 +72 +73 +74 +75 +76 +77 +82 +95 +96 +97 +98 +99 +100 +101 +102 +103 +105 +110 +111 +112 +1 +2 +3 @
>CP012210.1
-14 +15 +16 +17 +18 +19 +20 +21 +22 +23 +30 +31 +32 +35 +36 +37 +38 +40 +25 +26 +27 +28 +29 +44 +45 +46 +47 +48 +49 +51 +52 +53 +54 +55 +57 +58 +59 +60 +61 +62 +63 +64 +65 +66 +67 +68 +69 +70 +71 +72 +73 +74 +75 +76 +77 +82 +95 +96 +97 +98 +99 +100 +101 +102 +103 +105 +110 +111 +112 +1 +2 +3 @
>CP007192.1
+1 +2 +3 -14 +15 +16 +17 +18 +19 +20 +21 +22 +23 +25 +26 +27 +28 +29 +30 +31 +32 +35 +36 +37 +38 +40 +44 +45 +46 +47 +48 +49 +51 +52 +53 +54 +55 +57 +58 +59 +60 +61 +62 +63 +64 +65 +66 +67 +68 +69 +70 +71 +72 +73 +74 +75 +76 +77 +82 +95 +96 +97 +98 +99 +100 +101 +102 +103 +105 +110 +111 +112 @
>CP007193.1
+1 +2 +3 -14 +15 +16 +17 +18 +19 +20 +21 +22 +23 +25 +26 +27 +28 +29 +30 +31 +32 +35 +36 +37 +38 +40 +44 +45 +46 +47 +48 +49 +51 +52 +53 +54 +55 +57 +58 +59 +60 +61 +62 +63 +64 +65 +66 +67 +68 +69 +70 +71 +72 +73 +74 +75 +76 +77 +82 +95 +96 +97 +98 +99 +100 +101 +102 +103 +105 +110 +111 +112 @
>CP014742.1
+105 +110 +111 +112 +1 +2 +3 -14 +15 +16 +17 +18 +19 +20 +21 +22 +23 +25 +26 +27 +28 +29 +30 +31 +32 +35 +36 +37 +38 +40 +44 +45 +46 +47 +48 +49 +51 +52 +53 +54 +55 +57 +58 +59 +60 +61 +62 +63 +64 +65 +66 +67 +68 +69 +70 +71 +72 +73 +74 +75 +76 +77 +82 +95 +96 +97 +98 +99 +100 +101 +102 +103 @
>CP014744.1
+1 +2 +3 -14 +15 +16 +17 +18 +19 +20 +21 +22 +23 +25 +26 +27 +28 +29 +30 +31 +32 +35 +36 +37 +38 +40 +44 +45 +46 +47 +48 +49 +51 +52 +53 +54 +55 +57 +58 +59 +60 +61 +62 +63 +64 +65 +66 +67 +68 +69 +70 +71 +72 +73 +74 +75 +76 +77 +82 +95 +96 +97 +98 +99 +100 +101 +102 +103 +105 +110 +111 +112 @
>CP012214.1
-14 +15 +16 +17 +18 +19 +20 +21 +22 +23 +25 +26 +27 +28 +29 +30 +31 +32 +35 +36 +37 +38 +40 +44 +45 +46 +47 +48 +49 +51 +52 +53 +54 +55 +57 +58 +59 +60 +61 +62 +63 +64 +65 +66 +67 +68 +69 +70 +71 +72 +73 +74 +75 +76 +77 +82 +95 +96 +97 +98 +99 +100 +101 +102 +103 +105 +110 +111 +112 +1 +2 +3 @
>CP012220.1
-14 +15 +16 +17 +18 +19 +20 +21 +22 +23 +25 +26 +27 +28 +29 +30 +31 +32 +35 +36 +37 +38 +40 +44 +45 +46 +47 -48 +49 +51 +52 +53 +54 +55 +57 +58 +59 +60 +61 +62 +63 +64 +65 +66 +67 +68 +69 +70 +71 +72 +73 +74 +75 +76 +77 +82 +95 +96 +97 +98 +99 +100 +101 +102 +103 +105 +110 +111 +112 +1 +2 +3 @
>CP000814.1
+1 +2 +3 -14 +15 +16 +17 +18 +19 +20 +21 +22 +23 +25 +26 +27 +28 +29 +30 +31 +32 +35 +36 +37 +38 +40 +44 +45 +46 +47 +48 +49 +51 +52 +53 +54 +55 +57 +58 +59 +60 +61 +62 +63 +64 +65 +66 +67 +68 +69 +70 +71 +72 +73 +74 +75 +76 +77 +82 +95 +96 +97 +98 +99 +100 +101 +102 +103 +105 +110 +111 +112 @
>CP000025.1
+1 +2 +3 -14 +15 +16 +17 +18 +19 +20 +21 +22 +23 +25 +26 +27 +28 +29 +30 +31 +32 +35 +36 +37 +38 +40 +44 +45 +46 +47 +48 +49 +51 +52 +53 +54 +55 +57 +58 +59 +60 +61 +62 +63 +64 +65 +66 +67 +68 +69 +70 +71 +72 +73 +74 +75 +76 +77 +82 +95 +96 +97 +98 +99 +100 +101 +102 +103 +105 +110 +111 +112 @
>CM000854.1
+111 +112 +1 +2 +3 -14 +15 +16 +17 +18 +19 +20 +21 +22 +23 +25 +26 +27 +28 +29 +30 +31 +32 +35 +36 +37 +38 +40 +44 +45 +46 +47 +48 +49 +51 +52 +53 +54 +55 +57 +58 +59 +60 +61 +62 +63 +64 +65 +66 +67 +68 +69 +70 +71 +72 +73 +74 +75 +76 +77 +82 +95 +96 +97 +98 +99 +100 +101 +102 +103 +105 +110 @
>CP006687.1
+1 +2 +3 -14 +15 +16 +17 +18 +19 +20 +21 +22 +23 +25 +26 +27 +28 +29 +30 +31 +32 +35 +36 +37 +38 +40 +44 +45 +46 +47 +48 +49 +51 +52 +53 +54 +55 +57 +58 +59 +60 +61 +62 +63 +64 +65 +66 +67 +68 +69 +70 +71 +72 +73 +74 +75 +76 +77 +82 +95 +96 +97 +98 +99 +100 +101 +102 +103 +105 +110 +111 +112 @
>CP006688.1
+1 +2 +3 -14 +15 +16 +17 +18 +19 +20 +21 +22 +23 +25 +26 +27 +28 +29 +30 +31 +32 +35 +36 +37 +38 +40 +44 +45 +46 +47 +48 +49 +51 +52 +53 +54 +55 +57 +58 +59 +60 +61 +62 +63 +64 +65 +66 +67 +68 +69 +70 +71 +72 +73 +74 +75 +76 +77 +82 +95 +96 +97 +98 +99 +100 +101 +102 +103 +105 +110 +111 +112 @
>CP006709.2
+1 +2 +3 +14 +15 +16 +17 +18 +19 +20 +21 +22 +23 +25 +26 +27 +28 +29 +30 +31 +32 +35 +36 +37 +38 +40 +44 +45 +46 +47 +48 +49 +51 +52 +53 +54 +55 +57 +58 +59 +60 +61 +62 +63 +64 +65 +66 +67 +68 +69 +70 +71 +72 +73 +74 +75 +76 +77 +82 +95 +96 +97 +98 +99 +100 +101 +102 +103 +105 +110 +111 +112 @
>CP006851.1
+1 +2 +3 -14 +15 +16 +17 +18 +19 +20 +21 +22 +23 +25 +26 +27 +28 +29 +30 +31 +32 +35 +36 +37 +38 +40 +44 +45 +46 +47 +48 +49 +51 +52 +53 +54 +55 +57 +58 +59 +60 +61 +62 +63 +64 +65 +66 +67 +68 +69 +70 +71 +72 +73 +74 +75 +76 +77 +82 +95 +96 +97 +98 +99 +100 +101 +102 +103 +105 +110 +111 +112 @
>CP007188.1
+1 +2 +3 -14 +15 +16 +17 +18 +19 +20 +21 +22 +23 +25 +26 +27 +28 +29 +30 +31 +32 +35 +36 +37 +38 +40 +44 +45 +46 +47 +48 +49 +51 +52 +53 +54 +55 +57 +58 +59 +60 +61 +62 +63 +64 +65 +66 +67 +68 +69 +70 +71 +72 +73 +74 +75 +76 +77 +82 +95 +96 +97 +98 +99 +100 +101 +102 +103 +105 +110 +111 +112 @
>CP007189.1
+1 +2 +3 -14 +15 +16 +17 +18 +19 +20 +21 +22 +23 +25 +26 +27 +28 +29 +30 +31 +32 +35 +36 +37 +38 +40 +44 +45 +46 +47 +48 +49 +51 +52 +53 +54 +55 +57 +58 +59 +60 +61 +62 +63 +64 +65 +66 +67 +68 +69 +70 +71 +72 +73 +74 +75 +76 +77 +82 +95 +96 +97 +98 +99 +100 +101 +102 +103 +105 +110 +111 +112 @
>CP053659.1
+1 +2 +3 -14 +15 +16 +17 +18 +19 +20 +21 +22 +23 +25 +26 +27 +28 +29 +30 +31 +32 +35 +36 +37 +38 +40 +44 +45 +46 +47 +48 +49 +51 +52 +53 +54 +55 +57 +58 +59 +60 +61 +62 +63 +64 +65 +66 +67 +68 +69 +70 +71 +72 +73 +74 +75 +76 +77 +82 -95 +96 +97 +98 +99 +100 +101 +102 +103 +105 +110 +111 +112 @
>CP007191.1
+1 +2 +3 -14 +15 +16 +17 +18 +19 +20 +21 +22 +23 +25 +26 +27 +28 +29 +30 +31 +32 +35 +36 +37 +38 +40 +44 +45 +46 +47 +48 +49 +51 +52 +53 +54 +55 +57 +58 +59 +60 +61 +62 +63 +64 +65 +66 +67 +68 +69 +70 +71 +72 +73 +74 +75 +76 +77 +82 +95 +96 +97 +98 +99 +100 +101 +102 +103 +105 +110 +111 +112 @
>CP012217.1
-14 +15 +16 +17 +18 +19 +20 +21 +22 +23 +105 +110 +111 +112 +1 +2 +3 +25 +26 +27 +28 +29 +30 +31 +32 +35 +36 +37 +38 +40 +44 +45 +46 +47 +48 +49 +51 +52 +53 +54 +55 +57 +58 +59 +60 +61 +62 +63 +64 +65 +66 +67 +68 +69 +70 +71 +72 +73 +74 +75 +76 +77 +82 +95 +96 +97 +98 +99 +100 +101 +102 +103 @
>LR134502.1
+1 +2 +3 -14 +15 +16 +17 +18 +19 +20 +21 +22 +23 +25 +26 +27 +28 +29 +30 +31 +32 +35 +36 +37 +38 +40 +44 +45 +46 +47 +48 +49 +51 +52 +53 +54 +55 +57 +58 +59 +60 +61 +62 +63 +64 +65 +66 +67 +68 +69 +70 +71 +72 +73 +74 +75 +76 +77 +82 +95 -96 +97 +98 +99 +100 +101 +102 +103 +105 +110 +111 +112 @
>CP012221.1
-14 +15 +16 +17 +18 +19 +20 +21 +22 +23 +25 +26 +27 +28 +29 +30 +31 +32 +35 +36 +37 +38 +40 +44 +45 +46 +47 +48 +49 +51 +52 +53 +54 +55 +57 +58 +59 +60 +61 +62 +63 +64 +65 +66 +67 +68 +69 +70 +71 +72 +73 +74 +75 +76 +77 +82 +95 +96 +97 +98 +99 +100 +101 +102 +103 +105 +110 +111 +112 +1 +2 +3 @
>CP017860.1
-14 +15 +16 +17 +18 +19 +20 +21 +22 +23 +25 +26 +27 +28 +29 +30 +31 +32 +35 +36 +37 +38 +40 +44 +45 +46 +47 +48 +49 +51 +52 +53 +54 +55 +57 +58 +59 +60 +61 +62 +63 +64 +65 +66 +67 +68 +69 +70 +71 +72 +73 +74 +75 +76 +77 +82 +95 +96 +97 +98 +99 +100 +101 +102 +103 +105 +110 +111 +112 +1 +2 +3 @
>CP019965.1
+1 +2 +3 -14 +15 +16 +17 +18 +19 +20 +21 +22 +23 +25 +26 +27 +28 +29 +30 +31 +32 +35 +36 +37 +38 +40 +44 +45 +46 +47 +48 +49 +51 +52 +53 +54 +55 +57 +58 +59 +60 +61 +62 +63 +64 +65 +66 +67 +68 +69 +70 +71 +72 +73 +74 +75 +76 +77 +82 +95 +96 +97 +98 +99 +100 +101 +102 +103 +105 +110 +111 +112 @
>CP019838.1
+25 +26 +27 +28 +29 +30 +31 +32 +35 +36 +37 +38 +40 +44 +45 +46 +47 +48 +49 +51 +52 +53 +54 +55 +57 +58 +59 +60 +61 +62 +63 +64 +65 +66 +67 +68 +69 +70 +71 +72 +73 +74 +75 +76 +77 +82 +95 +96 +97 +98 +99 +100 +101 +102 +103 +105 +110 +111 +112 +1 +2 +3 -14 +15 +16 +17 +18 +19 +20 +21 +22 +23 @
>CP012696.1
+1 +2 +3 -14 +15 +16 +17 +18 +19 +20 +21 +22 +23 +25 +26 +27 +28 +29 +30 +31 +32 +35 +36 +37 +38 +40 +44 +45 +46 +47 +48 +49 +51 +52 +53 +54 +55 +57 +58 +59 +60 +61 +62 +63 +64 +65 +66 +67 +68 +69 +70 +71 +72 +73 +74 +75 +76 +77 +82 +95 +96 +97 +98 +99 +100 +101 +102 +103 +105 +110 +111 +112 @
>CP028912.1
+1 +2 +3 -14 +15 +16 +17 +18 +19 +20 +21 +22 +23 +25 +26 +27 +28 +29 +30 +31 +32 +35 +36 +37 +38 +40 +44 +45 +46 +47 +48 +49 +51 +52 +53 +54 +55 +57 +58 +59 +60 +61 +62 +63 +64 +65 +66 +67 +68 +69 +70 +71 +72 +73 +74 +75 +76 +77 +82 +95 +96 +97 +98 +99 +100 +101 +102 +103 +105 +110 +111 +112 @
>CP020776.1
+1 +2 +3 +14 +15 +16 +17 +18 +19 +20 +21 +22 +23 +25 +26 +27 +28 +29 +30 +31 +32 +35 +36 +37 +38 +40 +44 +45 +46 +47 +48 +49 +51 +52 +53 +54 +55 +57 +58 +59 +60 +61 +62 +63 +64 +65 +66 +67 +68 +69 +70 +71 +72 +73 +74 +75 +76 +77 +82 +95 +96 +97 +98 +99 +100 +101 +102 +103 +105 +110 +111 +112 @
>CP000768.1
+1 +2 +3 -14 -82 -77 -76 -75 -74 -73 -72 -71 -70 -69 -68 -67 -66 -65 -64 -63 -62 -61 -60 -59 -58 -55 -54 +51 +52 +53 -37 -36 -35 +57 -49 -48 -47 -46 -45 -44 -40 -38 -32 -31 -30 -29 -28 -27 -26 -25 -23 -22 -21 -20 -19 -18 -17 -16 -15 +95 +96 +97 +98 +99 +100 +101 +102 +103 +105 +110 +111 +112 @
>LR134497.1
+1 +2 +3 -14 +15 +16 +17 +18 +19 +20 +21 +22 +23 +25 +26 +27 +28 +29 +30 +31 +32 +35 +36 +37 +38 +40 +44 +45 +46 +47 +48 +49 +51 +52 +53 +54 +55 +57 +58 +59 +60 +61 +62 +63 +64 +65 +66 +67 +68 +69 +70 +71 +72 +73 +74 +75 +76 +77 +82 +95 +96 +97 +98 +99 +100 +101 +102 +103 +105 +110 +111 +112 @
>CP012211.1
-14 +15 +16 +17 +18 +19 +20 +21 +22 +23 +25 +26 +27 +28 +29 +30 +31 +32 +35 +36 +37 +38 +40 +44 +45 +46 +47 +48 +49 +51 +52 +53 +54 +55 +57 +58 +59 +60 +61 +62 +63 +64 +65 +66 +67 +68 +69 +70 +71 +72 +73 +74 +75 +76 +77 +82 +95 +96 +97 +98 +99 +100 +101 +102 +103 +105 +110 +111 +112 +1 +2 +3 @
>CP006006.1
+55 +57 +58 +59 +60 +61 +62 +63 +64 +65 +66 +67 +68 +69 +70 +71 +72 +73 +74 +75 +76 +77 +82 +95 +96 +97 +98 +99 +100 +101 +102 +103 +105 +110 +111 +112 +1 +2 +3 -14 +15 +16 +17 +18 +19 +20 +21 +22 +23 +25 +26 +27 +28 +29 +30 +31 +32 +35 +36 +37 +38 +40 +44 +45 +46 +47 +48 +49 +51 +52 +53 +54 @
>LS483295.1
+1 +2 +3 -14 +15 +16 +17 +18 +19 +20 +21 +22 +23 +25 +26 +27 +28 +29 +30 +31 +32 +38 +40 +35 +36 +37 +44 +45 +46 +47 +48 +49 -57 -55 -54 -53 -52 -51 +58 +59 +60 +61 +62 +63 +64 +65 +66 +67 +68 +69 +70 +71 +72 +73 +74 +75 +76 +77 +82 +95 +96 +97 +98 +99 +100 +101 +102 +103 +105 +110 +111 +112 @
>CP022080.1
-105 -103 -102 -101 -100 -99 -98 -97 -96 -95 -82 -77 -76 -75 -74 -73 -72 -71 -70 -69 -68 -67 -66 -65 -64 -63 -62 -61 -60 -59 -58 -57 -55 -54 -53 -52 -51 -49 -48 -47 -46 -45 -44 -40 -38 -37 -36 -35 -32 -31 -30 -29 -28 -27 -26 -25 -23 -22 -21 -20 -19 -18 -17 -16 -15 +14 -3 -2 -1 -112 -111 -110 @
>CP023867.1
-37 -36 -35 -32 -31 -30 -29 -28 -27 -26 -25 -23 -22 -21 -20 -19 -18 -17 -16 -15 +14 -3 -2 -1 -112 -111 -110 -105 -103 -102 -101 -100 -99 -98 -97 -96 -95 -82 -77 -76 -75 -74 -73 -72 -71 -70 -69 -68 -67 -66 -65 -64 -63 -62 -61 -60 -59 -58 -57 -55 -54 -53 -52 -51 -49 -48 -47 -46 -45 -44 -40 -38 @
>CP017029.1
+1 +2 +3 -14 +15 +16 +17 +18 +19 +20 +21 +22 +23 +25 +26 +27 +28 +29 +30 +31 +32 +35 +36 +37 +38 +40 +44 +45 +46 +47 +48 +49 +51 +52 +53 +54 +55 +57 +58 +59 +60 +61 +62 +63 +64 +65 +66 +67 +68 +69 +70 +71 +72 +73 +74 +75 +76 +77 +82 +95 +96 +97 +98 +99 +100 +101 +102 +103 +105 +110 +111 +112 @
>CP006685.1
+1 +2 +3 -14 +15 +16 +17 +18 +19 +20 +21 +22 +23 +25 +26 +27 +28 +29 +30 +31 +32 +35 +36 +37 +38 +40 +44 +45 +46 +47 +48 +49 +51 +52 +53 +54 +55 +57 +58 +59 +60 +61 +62 +63 +64 +65 +66 +67 +68 +69 +70 +71 +72 +73 +74 +75 +76 +77 +82 +95 +96 +97 +98 +99 +100 +101 +102 +103 +105 +110 +111 +112 @
>CP022470.1
+1 +2 +3 -14 +15 +16 +17 +18 +19 +20 +21 +22 +23 +25 +26 +27 +28 +29 +30 +31 +32 +35 +36 +37 +38 +40 +44 +45 +46 +47 +48 +49 +51 +52 +53 +54 +55 +57 +58 +59 +60 +61 +62 +63 +64 +65 +66 +67 +68 +69 +70 +71 +72 +73 +74 +75 +76 +77 +82 +95 +96 +97 +98 +99 +100 +101 +102 +103 +105 +110 +111 +112 @
>CP022440.1
+1 +2 +3 -14 +15 +16 +17 +18 +19 +20 +21 +22 +23 +25 +26 +27 +28 +29 +30 +31 +32 +35 +36 +37 +38 +40 +44 +45 +46 +47 +48 +49 +51 +52 +53 +54 +55 +57 +58 +59 +60 +61 +62 +63 +64 +65 +66 +67 +68 +69 +70 +71 +72 +73 +74 +75 +76 +77 +82 +95 +96 +97 +98 +99 +100 +101 +102 +103 +105 +110 +111 +112 @
>CP007751.1
+1 +2 +3 -14 +15 +16 +17 +18 +19 +20 +21 +22 +23 +25 +26 +27 +28 +29 +30 +31 +32 +35 +36 +37 +38 +40 +44 +45 +46 +47 +48 +49 +51 +52 +53 +54 +55 +57 +58 +59 +60 +61 +62 +63 +64 +65 +66 +67 +68 +69 +70 +71 +72 +73 +74 +75 +76 +77 +82 +95 +96 +97 +98 +99 +100 +101 +102 +103 +105 +110 +111 +112 @
>CP012213.1
-14 +15 +16 +17 +18 +19 +20 +21 +22 +23 +25 +26 +27 +28 +29 +30 +31 +32 +35 +36 +37 +38 +40 +44 +45 +46 +47 +48 +49 +51 +52 +53 +54 +55 +57 +58 +59 +60 +61 +62 +63 +64 +65 +66 +67 +68 +69 +70 +71 +72 +73 +74 +75 +76 +77 +82 +95 +96 +97 +98 +99 +100 +101 +102 +103 +105 +110 +111 +112 +1 +2 +3 @
>CP012216.1
+15 +16 +17 +18 +19 +20 +21 +22 +23 -14 +95 +96 +97 +98 +99 +100 +101 +102 +103 +105 +110 +111 +112 +1 +2 +3 +25 +26 +27 +28 +29 +30 +31 +32 +35 +36 +37 +38 +40 +44 +45 +46 +47 +48 +49 +51 +52 +53 +54 +55 +57 +58 +59 +60 +61 +62 +63 +64 +65 +66 +67 +68 +69 +70 +71 +72 +73 +74 +75 +76 +77 +82 @
>CP020045.1
+1 +2 +3 -14 +15 +16 +17 +18 +19 +20 +21 +22 +23 +25 +26 +27 +28 +29 +30 +31 +32 +35 +36 +37 +38 +40 +44 +45 +46 +47 +48 +49 +51 +52 +53 +54 +55 +57 +58 +59 +60 +61 +62 +63 +64 +65 +66 +67 +68 +69 +70 +71 +72 +73 +74 +75 +76 +77 +82 +95 +96 +97 +98 +99 +100 +101 +102 +103 +105 +110 +111 +112 @
>CP022439.1
+1 +2 +3 -14 +15 +16 +17 +18 +19 +20 +21 +22 +23 +25 +26 +27 +28 +29 +30 +31 +32 +35 +36 +37 +38 +40 +44 +45 +46 +47 +48 +49 +51 +52 +53 +54 +55 +57 +58 +59 +60 +61 +62 +63 +64 +65 +66 +67 +68 +69 +70 +71 +72 +73 +74 +75 +76 +77 +82 +95 +96 +97 +98 +99 +100 +101 +102 +103 +105 +110 +111 +112 @
>LR134359.1
+75 +76 +77 +82 +25 +26 +27 +28 +29 +30 +31 +32 +35 +36 +37 +38 +40 +44 +45 +46 +47 +48 +49 +51 +52 +53 +54 +55 +57 +58 +59 +60 +61 +62 +63 +64 +65 +66 +67 +68 +69 +70 +71 +72 +73 +74 +95 +96 +97 +98 +99 +100 +101 +102 +103 +105 +110 +111 +112 +1 +2 +3 -14 +15 +16 +17 +18 +19 +20 +21 +22 +23 @
>HE978252.1
+1 +2 +3 -14 +15 +16 +17 +18 +19 +20 +21 +22 +23 +25 +26 +27 +28 +29 +30 +31 +32 +35 +36 +37 +38 +40 +44 +45 +46 +47 +48 +49 +51 +52 +53 +54 +55 +57 +58 +59 +60 +61 +62 +63 +64 +65 +66 +67 +68 +69 +70 +71 +72 +73 +74 +75 +76 +77 +82 +95 +96 +97 +98 +99 +100 +101 +102 +103 +105 +110 +111 +112 @
>CP023446.1
-3 -2 -1 -112 -111 -110 +15 +16 +17 +18 +19 +20 +21 +22 +23 +25 +26 +27 +28 +29 +30 +31 +32 +35 +36 +37 +38 +40 +44 +45 +46 +47 +48 +49 +51 +52 +53 +54 +55 +57 +58 +59 +60 +61 +62 +63 +64 +65 +66 +67 +68 +69 +70 +71 +72 +73 +74 +75 +76 +77 +82 +95 +96 +97 +98 +99 +100 +101 +102 +103 +105 +14 @
>CP017862.1
+110 +111 +112 +1 +2 -52 -51 -49 +3 -14 +15 +16 +17 +18 +19 +40 +20 +21 +22 +23 +25 +26 +27 +28 +29 +30 +31 +32 +35 +36 +37 +38 +44 +45 +46 +47 +48 +53 +54 +55 +57 +58 +59 +60 +61 +62 +63 +64 +65 +66 +67 +68 +69 +70 +71 +72 +73 +74 +75 +76 +77 +82 +95 +96 +97 +98 +99 +100 +101 +102 +103 +105 @
>CP017031.1
+1 +2 +3 -14 +15 +16 +17 +18 +19 +20 +21 +22 +23 +25 +26 +27 +28 +29 +30 +31 +32 +35 +36 +37 +38 +40 +44 +45 +46 +47 +48 +49 +51 +52 +53 +54 +55 +57 +58 +59 +60 +61 +62 +63 +64 +65 +66 +67 +68 +69 +70 +71 +72 +73 +74 +75 +76 +77 +82 +95 +96 +97 +98 +99 +100 +101 +102 +103 +105 +110 +111 +112 @
>CP017229.1
+1 +2 +3 -14 +15 +16 +17 +18 +19 +20 +21 +22 +23 +25 +26 +27 +28 +29 +30 +31 +32 +35 +36 +37 +38 +40 +44 +45 +46 +47 +48 +49 +51 +52 +53 +54 +55 +57 +58 +59 +60 +61 +62 +63 +64 +65 +66 +67 +68 +69 +70 +71 +72 +73 +74 +75 +76 +77 +82 +95 +96 +97 +98 +99 +100 +101 +102 +103 +105 +110 +111 +112 @
>CP010307.1
+1 +2 +3 +14 +15 +16 +17 +18 +19 +20 +21 +22 +23 +25 +26 +27 +28 +29 +30 +31 +32 +35 +36 +37 +38 +40 +44 +45 +46 +47 +48 +49 +51 +52 +53 +54 +55 +57 +58 +59 +60 +61 +62 +63 +64 +65 +66 +67 +68 +69 +70 +71 +72 +73 +74 +75 +76 +77 +82 +95 +96 +97 +98 +99 +100 +101 +102 +103 +105 +110 +111 +112 @
>CP012689.1
+1 +2 +3 -14 +15 +16 +17 +18 +19 +20 +21 +22 +23 +25 +26 +27 +28 +29 +30 +31 +32 +35 +36 +37 +38 +40 +44 +45 +46 +47 +48 +49 +51 +52 +53 +54 +55 +57 +58 +59 +60 +61 +62 +63 +64 +65 +66 +67 +68 +69 +70 +71 +72 +73 +74 +75 +76 +77 +82 +95 +96 +97 +98 +99 +100 +101 +102 +103 +105 +110 +111 +112 @
>CP028911.1
+1 +2 +3 -14 +15 +16 +17 +18 +19 +20 +21 +22 +23 +25 +26 +27 +28 +29 +30 +31 +32 +35 +36 +37 +38 +40 +44 +45 +46 +47 +48 +49 +51 +52 +53 +54 +55 +57 +58 +59 +60 +61 +62 +63 +64 +65 +66 +67 +68 +69 +70 +71 +72 +73 +74 +75 +76 +77 +82 +95 +96 +97 +98 +99 +100 +101 +102 +103 +105 +110 +111 +112 @
>CP008787.1
+1 +2 +3 -14 +15 +16 +17 +18 +19 +20 +21 +22 +23 +25 +26 +27 +28 +29 +30 +31 +32 +35 +36 +37 +38 +40 +44 +45 +46 +47 +48 +49 +51 +52 +53 +54 +55 +57 +58 +59 +60 +61 +62 +63 +64 +65 +66 +67 +68 +69 +70 +71 +72 +73 +74 +75 +76 +77 +82 +95 +96 +97 +98 +99 +100 +101 +102 +103 +105 +110 +111 +112 @
>CP022079.1
+1 +2 +3 -14 +15 +16 +17 +18 +19 +20 +21 +22 +23 +25 +26 +27 +28 +29 +30 +31 +32 +35 +36 +37 +38 +40 +44 +45 +46 +47 +48 +49 +51 +52 +53 +54 +55 +57 +58 +59 +60 +61 +62 +63 +64 +65 +66 +67 +68 +69 +70 +71 +72 +73 +74 +75 +76 +77 +82 +95 +96 +97 +98 +99 +100 +101 +102 +103 +105 +110 +111 +112 @
>CP022077.1
-105 -103 -102 -101 -100 -99 -98 -97 -96 -95 -82 -77 -76 -75 -74 -73 -72 -71 -70 -69 -68 -67 -66 -65 -64 -63 -62 -61 -60 -59 -58 -57 -55 -54 -53 -52 -51 -49 -48 -47 -46 -45 -44 -40 -38 -37 -36 -35 -32 -31 -30 -29 -28 -27 -26 -25 -23 -22 -21 -20 -19 -18 -17 -16 -15 -14 -3 -2 -1 -112 -111 -110 @
>CP015209.1
+1 +2 +3 -14 +15 +16 +17 +18 +19 +20 +21 +22 +23 +25 +26 +27 +28 +29 +30 +31 +32 +35 +36 +37 +38 +40 +44 +45 +46 +47 +48 +49 +51 +52 +53 +54 +55 +57 +58 +59 +60 +61 +62 +63 +64 +65 +66 +67 +68 +69 +70 +71 +72 +73 +74 +75 +76 +77 +82 +95 +96 +97 +98 +99 +100 +101 +102 +103 +105 +110 +111 +112 @
>CM000855.1
-14 +15 +16 +17 +18 +19 +20 +21 +22 +23 +25 +26 +27 +28 +29 +30 +31 +32 +35 +36 +37 +38 +40 +44 +45 +46 +47 +48 +49 +51 +52 +53 +54 +55 +57 +58 +59 +60 +61 +62 +63 +64 +65 +66 +67 +68 +69 +70 +71 +72 +73 +74 +75 +76 +77 +82 +95 +96 +97 +98 +99 +100 +101 +102 +103 +105 +110 +111 +112 +1 +2 +3 @
>CP017863.1
-19 -18 -17 -16 -15 -14 +20 +21 +22 +23 +25 +26 +27 +28 +29 +30 +31 +32 +35 +36 +37 +38 +40 +44 +45 +46 +47 +48 +49 +51 +52 +53 +54 +55 +57 +58 +59 +60 +61 +62 +63 +64 +65 +66 +67 +68 +69 +70 +71 +72 +73 +74 +75 +76 +77 +82 +95 +96 +97 +98 +99 +100 +101 +102 +103 +105 +110 +111 +112 +1 +2 +3 @
>CP027403.1
+98 +99 +100 +101 +102 +103 +105 +110 +111 +112 +1 +2 +3 -14 -82 -77 -76 -75 -74 -73 -72 -71 -70 -69 -68 -67 -66 -65 -64 -63 -62 -61 -60 -59 -58 -55 -54 +51 +52 +53 -37 -36 -35 +57 -49 -48 -47 -46 -45 -44 -40 -38 -32 -31 -30 -29 -28 -27 -26 -25 -23 -22 -21 -20 -19 -18 -17 -16 -15 +95 +96 +97 @
>CP023866.1
+95 +96 +97 +98 +99 +100 +101 +102 +103 +105 +110 +111 +112 +1 +2 +3 -14 +15 +16 +17 +18 +19 +20 +21 +22 +23 +25 +26 +27 +28 +29 +30 +31 +32 +35 +36 +37 +38 +40 +44 +45 +46 +47 +48 +49 +51 +52 +53 +54 +55 +57 +58 +59 +60 +61 +62 +63 +64 +65 +66 +67 +68 +69 +70 +71 +72 +73 +74 +75 +76 +77 +82 @
>CP028372.1
+1 +2 +3 -14 +15 +16 +17 +18 +19 +20 +21 +22 +23 +25 +26 +27 +28 +29 +30 +31 +32 +35 +36 +37 +38 +40 +44 +45 +46 +47 +48 +49 +51 +52 +53 +54 +55 +57 +58 +59 +60 +61 +62 +63 +64 +65 +66 +67 +68 +69 +70 +71 +72 +73 +74 +75 +76 +77 +82 +95 +96 +97 +98 +99 +100 +101 +102 +103 +105 +110 +111 +112 @
>LR134530.1
+1 +2 +3 +110 +14 +15 +16 +17 +18 +19 +20 +21 +22 +23 +25 +26 +27 +28 +29 +30 +31 +32 +38 +40 -77 -59 -58 +51 +52 +53 +54 +55 -37 -36 -35 +57 -49 -48 -47 -46 -45 -44 +76 +60 +61 +62 +63 +64 +65 +66 +67 +68 +69 +70 +71 +72 +73 +74 +75 +82 +95 +96 +97 +98 +99 +100 +101 +102 +103 +105 +111 +112 @
>CP023543.1
+27 +28 +29 +30 +31 +32 +35 +36 +37 +38 +40 +44 +45 +46 +47 +48 +49 +51 +52 +53 +54 +55 +57 +58 +59 +60 +61 +62 +63 +64 +65 +66 +67 +68 +69 +70 +71 +72 +73 +74 +75 +76 +77 +82 +95 +96 +97 +98 +99 +100 +101 +102 +103 +105 +110 +111 +112 +1 +2 +3 -14 +15 +16 +17 +18 +19 +20 +21 +22 +23 +25 +26 @
>CP007190.1
+1 +2 +3 -14 +15 +16 +17 +18 +19 +20 +21 +22 +23 +25 +26 +27 +28 +29 +30 +31 +32 +35 +36 +37 +38 +40 +44 +45 +46 +47 +48 +49 +51 +52 +53 +54 +55 +57 +58 +59 +60 +61 +62 +63 +64 +65 +66 +67 +68 +69 +70 +71 +72 +73 +74 +75 +76 +77 +82 +95 +96 +97 +98 +99 +100 +101 +102 +103 +105 +110 +111 +112 @
>CP028910.1
+1 +2 +3 +14 +15 +16 +17 +18 +19 +20 +21 +22 +23 +25 +26 +27 +28 +29 +30 +31 +32 +35 +36 +37 +38 +40 +44 +45 +46 +47 +48 +49 +51 +52 +53 +54 +55 +57 +58 +59 +60 +61 +62 +63 +64 +65 +66 +67 +68 +69 +70 +71 +72 +73 +74 +75 +76 +77 +82 +95 +96 +97 +98 +99 +100 +101 +102 +103 +105 +110 +111 +112 @
>CP001876.1
+1 +2 +3 -14 +15 +16 +17 +18 +19 +20 +21 +22 +23 +25 +26 +27 +28 +29 +30 +31 +32 +35 +36 +37 +38 +40 +44 +45 +46 +47 +48 +49 +51 +52 +53 +54 +55 +57 +58 +59 +60 +61 +62 +63 +64 +65 +66 +67 +68 +69 +70 +71 +72 +73 +74 +75 +76 +77 +82 +95 +96 +97 +98 +99 +100 +101 +102 +103 +105 +110 +111 +112 @
>CP001960.1
+1 +2 +3 -14 +15 +16 +17 +18 +19 +20 +21 +22 +23 +25 +26 +27 +28 +29 +30 +31 +32 +35 +36 +37 +38 +40 +44 +45 +46 +47 +48 +49 +51 +52 +53 +54 +55 +57 +58 +59 +60 +61 +62 +63 +64 +65 +66 +67 +68 +69 +70 +71 +72 +73 +74 +75 +76 +77 +82 +95 +96 +97 +98 +99 +100 +101 +102 +103 +105 +110 +111 +112 @
>CP022076.1
+105 +110 +111 +112 +1 +2 +3 -14 +15 +16 +17 +18 +19 +20 +21 +22 +23 +25 +26 +27 +28 +29 +30 +31 +32 +35 +36 +37 +38 +40 +44 +45 +46 +47 +48 +49 +51 +52 +53 +54 +55 +57 +58 +59 +60 +61 +62 +63 +64 +65 +66 +67 +68 +69 +70 +71 +72 +73 +74 +75 +76 +77 +82 +95 +96 +97 +98 +99 +100 +101 +102 +103 @
>CP006689.1
+1 +2 +3 -14 +15 +16 +17 +18 +19 +20 +21 +22 +23 +25 +26 +27 +28 +29 +30 +31 +32 +35 +36 +37 +38 +40 +44 +45 +46 +47 +48 +49 +51 +52 +53 +54 +55 +57 +58 +59 +60 +61 +62 +63 +64 +65 +66 +67 +68 +69 +70 +71 +72 +73 +74 +75 +76 +77 +82 +95 +96 +97 +98 +99 +100 +101 +102 +103 +105 +110 +111 +112 @
>CP045789.1
+27 +28 +29 +30 +31 +32 +35 +36 +37 +38 +40 +44 +45 +46 +47 +48 +49 +51 +52 +53 +54 +55 +57 +58 +59 +60 +61 +62 +63 +64 +65 +66 +67 +68 +69 +70 +71 +72 +73 +74 +75 +76 +77 +82 +95 +96 +97 +98 +99 +100 +101 +102 +103 +105 +110 +111 +112 +1 +2 +3 -14 +15 +16 +17 +18 +19 +20 +21 +22 +23 +25 +26 @
>CP023343.1
-14 +15 +16 +17 +18 +19 +20 +21 +22 +23 +25 +26 +27 +28 +29 +30 +31 +32 +35 +36 +37 +38 +40 +44 +45 +46 +47 +48 +49 +51 +52 +53 +54 +55 +57 +58 +59 +60 +61 +62 +63 +64 +65 +66 +67 +68 +69 +70 +71 +72 +73 +74 +75 +76 +77 +82 +95 +96 +97 +98 +99 +100 +101 +102 +103 +105 +110 +111 +112 +1 +2 +3 @
>CP012149.1
+1 +2 +3 -14 +15 +16 +17 +18 +19 +20 +21 +22 +23 +25 +26 +27 +28 +29 +30 +31 +32 +35 +36 +37 +38 +40 +44 +45 +46 +47 +48 +49 +51 +52 +53 +54 +55 +57 +58 +59 +60 +61 +62 +63 +64 +65 +66 +67 +68 +69 +70 +71 +72 +73 +74 +75 +76 +77 +82 +95 +96 +97 +98 +99 +100 +101 +102 +103 +105 +110 +111 +112 @
>HG428754.1
+1 +2 +3 -14 +15 +16 +17 +18 +19 +20 +21 +22 +23 +25 +26 +27 +28 +29 +30 +31 +32 +35 +36 +37 +38 +40 +44 +45 +46 +47 +48 +49 +51 +52 +53 +54 +55 +57 +58 +59 +60 +61 +62 +63 +64 +65 +66 +67 +68 +69 +70 +71 +72 +73 +74 +75 +76 +77 +82 +95 +96 +97 +98 +99 +100 +101 +102 +103 +105 +110 +111 +112 @
>CP014344.1
+1 +2 +3 -14 +15 +16 +17 +18 +19 +20 +21 +22 +23 +25 +26 +27 +28 +29 +30 +31 +32 +35 +36 +37 +38 +40 +44 +45 +46 +47 +48 +49 +51 +52 +53 +54 +55 +57 +58 +59 +60 +61 +62 +63 +64 +65 +66 +67 +68 +69 +70 +71 +72 +73 +74 +75 +76 +77 +82 +95 +96 +97 +98 +99 +100 +101 +102 +103 +105 +110 +111 +112 @
>LS483362.1
+1 +2 +3 +14 +15 +16 +17 +18 +19 +20 +21 +22 +23 +25 +26 +27 +28 +29 +30 +31 +32 +35 +36 +37 +38 +40 +44 +45 +46 +47 +48 +49 +51 +52 +53 +54 +55 +57 +58 +59 +60 +61 +62 +63 +64 +65 +66 +67 +68 +69 +70 +71 +72 +73 +74 +75 +76 +77 +82 +95 +96 +97 +98 +99 +100 +101 +102 +103 +105 +110 +111 +112 @
>CP012224.1
-14 +15 +16 +17 +18 +19 +20 +21 +22 +23 +25 +26 +27 +28 +29 +30 +31 +32 +35 +36 +37 +38 +40 +44 +45 +46 +47 +48 +49 +51 +52 +53 +54 +55 +57 +58 +59 +60 +61 +62 +63 +64 +65 +66 +67 +68 +69 +70 +71 +72 +73 +74 +75 +76 +77 +82 +95 +96 +97 +98 +99 +100 +101 +102 +103 +105 +110 +111 +112 +1 +2 +3 @
>CP047478.1
-37 -36 -35 -32 -31 -30 -29 -28 -27 -26 -25 -23 -22 -21 -20 -19 -18 -17 -16 -15 +14 -3 -2 -1 -112 -111 -110 -105 -103 -102 -101 -100 -99 -98 -97 -96 -95 -82 -77 -76 -75 -74 -73 -72 -71 -70 -69 -68 -67 -66 -65 -64 -63 -62 -61 -60 -59 -58 -57 -55 -54 -53 -52 -51 -49 -48 -47 -46 -45 -44 -40 -38 @
>LR134507.1
+1 +2 +3 -14 +15 +16 +17 +18 +19 +20 +21 +22 +23 +25 +26 +27 +28 +29 +30 +31 +32 +35 +36 +37 +38 +40 +44 +45 +46 +47 +48 +49 +51 +52 +53 +54 +55 +57 +58 +59 +60 +61 +62 +63 +64 +65 +66 +67 +68 +69 +70 +71 +72 +73 +74 +75 +76 +77 +82 +95 -96 +97 +98 +99 +100 +101 +102 +103 +105 +110 +111 +112 @
>CP034393.1
+1 +2 +3 -14 +15 +16 +17 +18 +19 +20 +21 +22 +23 +25 +26 +27 +28 +29 +30 +31 +32 +35 +36 +37 +38 +40 +44 +45 +46 +47 +48 +49 +51 +52 +53 +54 +55 +57 +58 +59 +60 +61 +62 +63 +64 +65 +66 +67 +68 +69 +70 +71 +72 +73 +74 +75 +76 +77 +82 +95 +96 +97 +98 +99 +100 +101 +102 +103 +105 +110 +111 +112 @
>AL111168.1
+1 +2 +3 -14 +15 +16 +17 +18 +19 +20 +21 +22 +23 +25 +26 +27 +28 +29 +30 +31 +32 +35 +36 +37 +38 +40 +44 +45 +46 +47 +48 +49 +51 +52 +53 +54 +55 +57 +58 +59 +60 +61 +62 +63 +64 +65 +66 +67 +68 +69 +70 +71 +72 +73 +74 +75 +76 +77 +82 +95 +96 +97 +98 +99 +100 +101 +102 +103 +105 +110 +111 +112 @
>CP017456.1
+1 +2 +3 -14 +15 +16 +17 +18 +19 +20 +21 +22 +23 +25 +26 +27 +28 +29 +30 +31 +32 +35 +36 +37 +38 +40 +44 +45 +46 +47 +48 +49 +51 +52 +53 +54 +55 +57 +58 +59 +60 +61 +62 +63 +64 +65 +66 +67 +68 +69 +70 +71 +72 +73 +74 +75 +76 +77 +82 +95 +96 +97 +98 +99 +100 +101 +102 +103 +105 +110 +111 +112 @
>CP047484.1
-14 +15 +16 +17 +18 +19 +20 +21 +22 +23 +25 +26 +27 +28 +29 +30 +31 +32 +35 +36 +37 +38 +40 +44 +45 +46 +47 +48 +49 +51 +52 +53 +54 +55 +57 +58 +59 +60 +61 +62 +63 +64 +65 +66 +67 +68 +69 +70 +71 +72 +73 +74 +75 +76 +77 +82 +95 +96 +97 +98 +99 +100 +101 +102 +103 +105 +110 +111 +112 +1 +2 +3 @
>LR134511.1
+1 +2 +3 -14 +15 +16 +17 +18 +19 +20 +21 +22 +23 +25 +26 +27 +28 +29 +30 +31 +32 +35 +36 +37 +38 +40 +44 +45 +46 +47 +48 +49 +51 +52 +53 +54 +55 +57 +58 +59 +60 +61 +62 +63 +64 +65 +66 +67 +68 +69 +70 +71 +72 +73 +74 +75 +76 +77 +82 +95 +96 +97 +98 +99 +100 +101 +102 +103 +105 +110 +111 +112 @
>CP001900.1
+1 +2 +3 -14 +15 +16 +17 +18 +19 +20 +21 +22 +23 +25 +26 +27 +28 +29 +30 +31 +32 +35 +36 +37 +38 +40 +44 +45 +46 +47 +48 +49 +51 +52 +53 +54 +55 +57 +58 +59 +60 +61 +62 +63 +64 +65 +66 +67 +68 +69 +70 +71 +72 +73 +74 +75 +76 +77 +82 +95 +96 +97 +98 +99 +100 +101 +102 +103 +105 +110 +111 +112 @
>CP047480.1
+25 +26 +27 +28 +29 +30 +31 +32 +35 +36 +37 +38 +40 +44 +45 +46 +47 +48 +49 +51 +52 +53 +54 +55 +57 +58 +59 +60 +61 +62 +63 +64 +65 +66 +67 +68 +69 +70 +71 +72 +73 +74 +75 +76 +77 +82 +95 +96 +97 +98 +99 +100 +101 +102 +103 +105 +110 +111 +112 +1 +2 +3 -14 +15 +16 +17 +18 +19 +20 +21 +22 +23 @
>CP012690.1
+1 +2 +3 -14 +15 +16 +17 +18 +19 +20 +21 +22 +23 +25 +26 +27 +28 +29 +30 +31 +32 +35 +36 +37 +38 +40 +44 +45 +46 +47 +48 +49 +51 +52 +53 +54 +55 +57 +58 +59 +60 +61 +62 +63 +64 +65 +66 +67 +68 +69 +70 +71 +72 +73 +74 +75 +76 +77 +82 +95 +96 +97 +98 +99 +100 +101 +102 +103 +105 +110 +111 +112 @
>CP005388.1
+1 +2 +3 -14 +15 +16 +17 +18 +19 +20 +21 +22 +23 +25 +26 +27 +28 +29 +30 +31 +32 +35 +36 +37 +38 +40 +44 +45 +46 +47 +48 +49 +51 +52 +53 +54 +55 +57 +58 +59 +60 +61 +62 +63 +64 +65 +66 +67 +68 +69 +70 +71 +72 +73 +74 +75 +76 +77 +82 +95 +96 +97 +98 +99 +100 +101 +102 +103 +105 +110 +111 +112 @
>CP047477.1
-40 -38 -37 -36 -35 -32 -31 -30 -29 -28 -27 -26 -25 -23 -22 -21 -20 -19 -18 -17 -16 -15 +14 -3 -2 -1 -112 -111 -110 -105 -103 -102 -101 -100 -99 -98 -97 -96 -95 -82 -77 -76 -75 -74 -73 -72 -71 -70 -69 -68 -67 -66 -65 -64 -63 -62 -61 -60 -59 -58 -57 -55 -54 -53 -52 -51 -49 -48 -47 -46 -45 -44 @
>LN831025.1
+1 +2 +3 -14 +15 +16 +17 +18 +19 +20 +21 +22 +23 +25 +26 +27 +28 +29 +30 +31 +32 +35 +36 +37 +38 +40 +44 +45 +46 +47 +48 +49 +51 +52 +53 +54 +55 +57 +58 +59 +60 +61 +62 +63 +64 +65 +66 +67 +68 +69 +70 +71 +72 +73 +74 +75 +76 +77 +82 +95 +96 +97 +98 +99 +100 +101 +102 +103 +105 +110 +111 +112 @
>CP022559.1
+1 +2 +3 -14 +15 +16 +17 +18 +19 +20 +21 +22 +23 +25 +26 +27 +28 +29 +30 +31 +32 +35 +36 +37 +38 +40 +44 +45 +46 +47 +48 +49 +51 +52 +53 +54 +55 +57 +58 +59 +60 +61 +62 +63 +64 +65 +66 +67 +68 +69 +70 +71 +72 +73 +74 +75 +76 +77 +82 +95 +96 +97 +98 +99 +100 +101 +102 +103 +105 +110 +111 +112 @
>CP006686.1
+1 +2 +3 -14 +15 +16 +17 +18 +19 +20 +21 +22 +23 +25 +26 +27 +28 +29 +30 +31 +32 +35 +36 +37 +38 +40 +44 +45 +46 +47 +48 +49 +51 +52 +53 +54 +55 +57 +58 +59 +60 +61 +62 +63 +64 +65 +66 +67 +68 +69 +70 +71 +72 +73 +74 +75 +76 +77 +82 +95 +96 +97 +98 +99 +100 +101 +102 +103 +105 +110 +111 +112 @
>CP045048.1
+1 +2 +3 -14 +15 +16 +17 +18 +19 +20 +21 +22 +23 +25 +26 +27 +28 +29 +30 +31 +32 +35 +36 +37 +38 +40 +44 +45 +46 +47 +48 +49 +51 +52 +53 +54 +55 +57 +58 +59 +60 +61 +62 +63 +64 +65 +66 +67 +68 +69 +70 +71 +72 +73 +74 +75 +76 +77 +82 +95 +96 +97 +98 +99 +100 +101 +102 +103 +105 +110 +111 +112 @
>CP041584.1
+1 +2 +3 -14 +15 +16 +17 +18 +19 +20 +21 +22 +23 +25 +26 +27 +28 +29 +30 +31 +32 +35 +36 +37 +38 +40 +44 +45 +46 +47 +48 +49 +51 +52 +53 +54 +55 +57 +58 +59 +60 +61 +62 +63 +64 +65 +66 +67 +68 +69 +70 +71 +72 +73 +74 +75 +76 +77 +82 +95 +96 +97 +98 +99 +100 +101 +102 +103 +105 +110 +111 +112 @
>CP002029.1
+1 +2 +3 -14 +15 +16 +17 +18 +19 +20 +21 +22 +23 +25 +26 +27 +28 +29 +30 +31 +32 +35 +36 +37 +38 +40 +44 +45 +46 +47 +48 +49 +51 +52 +53 +54 +55 +57 +58 +59 +60 +61 +62 +63 +64 +65 +66 +67 +68 +69 +70 +71 +72 +73 +74 +75 +76 +77 +82 +95 +96 +97 +98 +99 +100 +101 +102 +103 +105 +110 +111 +112 @
>CP003871.4
+1 +2 +3 -14 +15 +16 +17 +18 +19 +20 +21 +22 +23 +25 +26 +27 +28 +29 +30 +31 +32 +35 +36 +37 +38 +40 +44 +45 +46 +47 +48 +49 +51 +52 +53 +54 +55 +57 +58 +59 +60 +61 +62 +63 +64 +65 +66 +67 +68 +69 +70 +71 +72 +73 +74 +75 +76 +77 +82 +95 +96 +97 +98 +99 +100 +101 +102 +103 +105 +110 +111 +112 @
