Seq_id	Size	Description
1	1938566	CP003497
2	1938583	CP003039
3	1946899	CP007522
4	1938793	CP003498
5	1938680	CP001515
6	1938624	CP009045
7	1931028	CP007755
8	1935423	CP031154
9	1958622	CP010433
10	1944323	CP017098
11	1958622	LR699002
12	1944021	CP001892
13	1944072	CP022724
14	1931603	CP035497
15	1944145	CP042940
16	1933695	CP001213
17	1938606	CP004053
18	1944141	CP031703
19	1937168	CP047190
20	1942198	CP001853
21	1938454	CP001606
22	1943113	CP002915
--------------------------------------------------------------------------------
Block #59
Seq_id	Strand	Start	End	Length
1	+	1886665	1938566	51901
2	+	1886520	1938421	51901
3	+	1894848	1946749	51901
4	+	1886889	1938793	51904
5	+	1886779	1938680	51901
6	+	1886561	1938462	51901
7	+	1879127	1931028	51901
8	+	1883360	1935261	51901
9	+	1906721	1958622	51901
10	+	1892424	1944323	51899
11	+	1906721	1958622	51901
12	+	1892121	1944021	51900
13	+	450206	502106	51900
14	+	1879702	1931603	51901
15	+	1832023	1883924	51901
16	+	1881794	1933695	51901
17	+	1886543	1938444	51901
18	-	280162	228265	51897
19	+	1885267	1937168	51901
20	+	583790	635619	51829
21	+	1886553	1938454	51901
22	+	1891258	1943113	51855
--------------------------------------------------------------------------------
Block #58
Seq_id	Strand	Start	End	Length
1	+	1876692	1886225	9533
2	+	1876555	1886080	9525
3	+	1884874	1894408	9534
4	+	1876915	1886449	9534
5	+	1876805	1886339	9534
6	+	1876587	1886121	9534
7	+	1869154	1878687	9533
8	+	1873386	1882920	9534
9	+	1896747	1906281	9534
10	+	1882450	1891984	9534
11	+	1896747	1906281	9534
12	+	1882147	1891681	9534
13	+	440232	449766	9534
14	+	1869728	1879262	9534
15	+	1822049	1831583	9534
16	+	1871805	1881354	9549
17	+	1876570	1886103	9533
18	-	290139	280605	9534
19	+	1875293	1884827	9534
20	+	573825	583350	9525
21	+	1876579	1886113	9534
22	+	1881293	1890818	9525
--------------------------------------------------------------------------------
Block #57
Seq_id	Strand	Start	End	Length
1	+	1867984	1870835	2851
2	+	1867856	1870707	2851
3	+	1771383	1774185	2802
3	+	1876267	1879061	2794
4	+	1868206	1871057	2851
5	+	1868096	1870947	2851
6	+	1867877	1870728	2851
7	-	1763998	1761147	2851
7	+	1860447	1863298	2851
9	+	1873533	1876394	2861
9	+	1888038	1890889	2851
10	+	1873740	1876591	2851
11	+	1873533	1876394	2861
11	+	1888038	1890889	2851
12	+	1873437	1876288	2851
13	+	431524	434375	2851
15	+	1813340	1816191	2851
16	-	899903	897051	2852
17	+	1867863	1870714	2851
18	-	298849	295998	2851
20	+	565124	567975	2851
21	+	1867870	1870721	2851
22	+	1872584	1875435	2851
--------------------------------------------------------------------------------
Block #56
Seq_id	Strand	Start	End	Length
1	+	1858791	1862281	3490
2	+	1858663	1862153	3490
3	+	1867075	1870565	3490
4	+	1859013	1862503	3490
5	+	1858903	1862393	3490
6	+	1858684	1862174	3490
7	+	1851257	1854747	3490
8	+	1864193	1867683	3490
9	+	1864340	1867830	3490
9	+	1878870	1882335	3465
10	+	1864547	1868037	3490
11	+	1864340	1867830	3490
11	+	1878870	1882335	3465
12	+	1864244	1867734	3490
13	+	422333	425823	3490
15	+	1804147	1807637	3490
16	-	909096	905605	3491
17	+	1858673	1862163	3490
18	-	308043	304552	3491
19	+	1866100	1869590	3490
20	+	555931	559421	3490
21	+	1858675	1862165	3490
22	+	1863391	1866881	3490
--------------------------------------------------------------------------------
Block #55
Seq_id	Strand	Start	End	Length
1	+	1856491	1858055	1564
2	+	1856395	1857960	1565
3	+	1864774	1866339	1565
4	+	1856712	1858277	1565
5	+	1856602	1858167	1565
6	+	1856383	1857948	1565
7	+	1848954	1850519	1565
8	-	1307681	1306122	1559
8	+	1861892	1863457	1565
9	-	1307826	1306261	1565
9	+	1862039	1863604	1565
10	-	1307822	1306257	1565
10	+	1862246	1863811	1565
11	-	1307826	1306261	1565
11	+	1862039	1863604	1565
12	-	1307824	1306259	1565
12	+	1861943	1863508	1565
13	+	420032	421597	1565
13	-	1809908	1808343	1565
14	-	1307826	1306261	1565
14	+	1862037	1863602	1565
15	-	1247636	1246071	1565
15	+	1801846	1803411	1565
16	-	911330	909765	1565
16	+	1170461	1172026	1565
17	+	1856370	1857935	1565
18	-	310344	308779	1565
18	+	864552	866117	1565
19	-	1307826	1306261	1565
19	+	1863799	1865364	1565
20	+	553678	555243	1565
20	-	1942198	1940648	1550
21	+	1856374	1857939	1565
22	-	1307214	1305649	1565
22	+	1861130	1862695	1565
--------------------------------------------------------------------------------
Block #54
Seq_id	Strand	Start	End	Length
1	+	1854786	1856228	1442
2	+	1854690	1856132	1442
3	+	1863069	1864511	1442
4	+	1855007	1856449	1442
5	+	1854897	1856339	1442
6	+	1854678	1856120	1442
7	+	1847249	1848691	1442
8	-	1309382	1307944	1438
8	+	1860187	1861629	1442
9	-	1309527	1308089	1438
9	+	1860334	1861776	1442
10	-	1309523	1308085	1438
10	+	1860541	1861983	1442
11	-	1309527	1308089	1438
11	+	1860334	1861776	1442
12	-	1309525	1308087	1438
12	+	1860238	1861680	1442
13	+	418327	419769	1442
13	-	1811609	1810171	1438
14	-	1309527	1308089	1438
14	+	1860332	1861774	1442
15	-	1249337	1247899	1438
15	+	1800141	1801583	1442
16	-	913031	911593	1438
16	+	1168756	1170198	1442
17	+	1854665	1856107	1442
18	-	312049	310607	1442
18	+	862851	864289	1438
19	-	1309527	1308089	1438
19	-	1311288	1309826	1462
19	+	1862094	1863536	1442
20	-	1715	277	1438
20	+	551973	553415	1442
21	+	1854669	1856111	1442
22	-	1308915	1307477	1438
22	+	1859425	1860867	1442
--------------------------------------------------------------------------------
Block #53
Seq_id	Strand	Start	End	Length
1	+	1814075	1854741	40666
2	+	1813886	1854645	40759
3	+	1822266	1863024	40758
4	+	1814295	1854962	40667
5	+	1814185	1854852	40667
6	+	1813874	1854633	40759
7	+	1806445	1847204	40759
8	+	1819383	1860142	40759
9	+	1819530	1860289	40759
10	+	1819737	1860496	40759
11	+	1819530	1860289	40759
12	+	1819526	1860193	40667
13	+	377525	418282	40757
14	+	1819528	1860287	40759
15	+	1759337	1800096	40759
16	+	1128044	1168711	40667
17	+	1813862	1854620	40758
18	-	352852	312123	40729
19	+	1821290	1862049	40759
20	+	511199	551895	40696
21	+	1813957	1854624	40667
22	+	1818726	1859347	40621
--------------------------------------------------------------------------------
Block #52
Seq_id	Strand	Start	End	Length
1	+	1780430	1813623	33193
2	+	1780241	1813434	33193
3	+	1788621	1821814	33193
4	+	1780650	1813843	33193
5	+	1780540	1813733	33193
6	+	1780229	1813422	33193
7	+	1772800	1805993	33193
8	+	1785738	1818931	33193
9	+	1785885	1819078	33193
10	+	1786092	1819285	33193
11	+	1785885	1819078	33193
12	+	1785881	1819074	33193
13	+	343880	377073	33193
14	+	1785883	1819076	33193
15	+	1725692	1758885	33193
16	+	1094399	1127592	33193
17	+	1780217	1813410	33193
18	-	386497	353304	33193
19	+	1787645	1820838	33193
20	+	477554	510747	33193
21	+	1780312	1813505	33193
22	+	1785081	1818274	33193
--------------------------------------------------------------------------------
Block #51
Seq_id	Strand	Start	End	Length
1	+	1777920	1779582	1662
2	+	1777731	1779393	1662
3	+	1786111	1787773	1662
4	+	1778140	1779802	1662
5	+	1778030	1779692	1662
6	+	1777719	1779381	1662
7	+	1770290	1771952	1662
8	+	1783228	1784890	1662
9	+	1783375	1785037	1662
10	+	1783582	1785244	1662
11	+	1783375	1785037	1662
12	+	1783371	1785033	1662
13	+	341370	343032	1662
14	+	1783373	1785035	1662
15	+	1723182	1724844	1662
16	+	1091890	1093551	1661
17	+	1777707	1779369	1662
18	-	389007	387345	1662
19	+	1785135	1786797	1662
20	+	475044	476706	1662
21	+	1777802	1779464	1662
22	+	1782571	1784233	1662
--------------------------------------------------------------------------------
Block #50
Seq_id	Strand	Start	End	Length
1	+	1771757	1777093	5336
2	+	1771568	1776904	5336
3	+	1779948	1785284	5336
4	+	1771977	1777313	5336
5	+	1771867	1777203	5336
6	+	1771556	1776892	5336
7	+	1764112	1769463	5351
8	+	1777065	1782401	5336
9	+	1777212	1782548	5336
10	+	1777419	1782755	5336
11	+	1777212	1782548	5336
12	+	1777208	1782544	5336
13	+	335207	340543	5336
14	+	1777210	1782546	5336
15	+	1717019	1722355	5336
16	+	1085727	1091063	5336
17	+	1771544	1776880	5336
18	-	395170	389834	5336
19	+	1778972	1784308	5336
20	+	468881	474217	5336
21	+	1771639	1776975	5336
22	+	1776408	1781744	5336
--------------------------------------------------------------------------------
Block #49
Seq_id	Strand	Start	End	Length
1	+	1699842	1765898	66056
2	+	1699651	1765709	66058
3	+	1699468	1765525	66057
4	+	1700061	1766118	66057
5	+	1700006	1766008	66002
6	+	1699640	1765697	66057
7	+	1694636	1760693	66057
8	+	1705150	1771207	66057
9	+	1705297	1771354	66057
10	+	1705505	1771561	66056
11	+	1705297	1771354	66057
12	+	1705292	1771349	66057
13	+	263293	329350	66057
14	+	1705295	1771352	66057
15	+	1645104	1711161	66057
16	+	830775	896597	65822
17	+	1699630	1765689	66059
18	-	467101	401027	66074
19	+	1707057	1773114	66057
20	+	397143	463033	65890
21	+	1699723	1765780	66057
22	+	1704593	1770549	65956
--------------------------------------------------------------------------------
Block #48
Seq_id	Strand	Start	End	Length
1	+	1676918	1699531	22613
2	+	1676727	1699340	22613
3	+	1676544	1699157	22613
4	+	1677137	1699750	22613
5	+	1677082	1699695	22613
6	+	1676716	1699329	22613
7	+	1671712	1694325	22613
8	+	1682226	1704839	22613
9	+	1682373	1704986	22613
10	+	1682581	1705194	22613
11	+	1682373	1704986	22613
12	+	1682368	1704981	22613
13	+	240371	262982	22611
14	+	1682370	1704984	22614
15	+	1622180	1644793	22613
16	+	807843	830464	22621
17	+	1676707	1699319	22612
18	-	490008	467413	22595
19	+	1684133	1706746	22613
20	+	374237	396832	22595
21	+	1676799	1699412	22613
22	+	1681669	1704282	22613
--------------------------------------------------------------------------------
Block #47
Seq_id	Strand	Start	End	Length
1	+	1667208	1676757	9549
2	+	1667017	1676566	9549
3	+	1666834	1676383	9549
4	+	1667427	1676976	9549
5	+	1667371	1676920	9549
6	+	1667006	1676555	9549
7	+	1662002	1671551	9549
8	+	1672516	1682065	9549
9	+	1672663	1682212	9549
10	+	1672871	1682420	9549
11	+	1672663	1682212	9549
12	+	1672658	1682207	9549
13	+	230661	240210	9549
14	+	1672660	1682209	9549
15	+	1612470	1622019	9549
16	+	798298	807842	9544
17	+	1666997	1676546	9549
18	-	499633	490169	9464
19	+	1674423	1683972	9549
20	+	364577	374108	9531
21	+	1667089	1676638	9549
22	+	1671992	1681541	9549
--------------------------------------------------------------------------------
Block #46
Seq_id	Strand	Start	End	Length
1	+	1660329	1667175	6846
2	+	1660138	1666984	6846
3	+	1659955	1666801	6846
4	+	1660548	1667394	6846
5	+	1660492	1667338	6846
6	+	1660127	1666973	6846
7	+	1655123	1661969	6846
8	+	1665637	1672483	6846
9	+	1665784	1672630	6846
10	+	1665992	1672838	6846
11	+	1665784	1672630	6846
12	+	1665779	1672625	6846
13	+	223782	230628	6846
14	+	1665781	1672627	6846
15	+	1605591	1612437	6846
16	+	791419	798265	6846
17	+	1660118	1666964	6846
18	-	506597	499769	6828
19	+	1667544	1674390	6846
20	+	357698	364544	6846
21	+	1660210	1667056	6846
22	+	1665113	1671959	6846
--------------------------------------------------------------------------------
Block #45
Seq_id	Strand	Start	End	Length
1	+	1513048	1658922	145874
2	+	1512858	1658731	145873
3	+	1512677	1658548	145871
4	+	1513269	1659141	145872
5	+	1513213	1659085	145872
6	+	1512848	1658720	145872
7	+	1507844	1653716	145872
8	+	1518358	1664230	145872
9	+	1518505	1664377	145872
10	+	1518712	1664585	145873
11	+	1518505	1664377	145872
12	+	1518500	1664372	145872
13	+	76505	222375	145870
14	+	1518502	1664374	145872
15	+	1458312	1604184	145872
16	+	644142	790012	145870
17	+	1512839	1658711	145872
18	-	653876	508004	145872
19	+	1520265	1666137	145872
20	+	210459	356291	145832
21	+	1512931	1658803	145872
22	+	1517847	1663706	145859
--------------------------------------------------------------------------------
Block #44
Seq_id	Strand	Start	End	Length
1	+	1495112	1511685	16573
2	+	1494922	1511495	16573
3	+	1495028	1511601	16573
4	+	1495118	1511691	16573
5	+	1495063	1511636	16573
6	+	1494912	1511485	16573
7	+	1489908	1506481	16573
8	+	1500422	1516995	16573
9	+	1500569	1517142	16573
10	+	1500562	1517135	16573
11	+	1500569	1517142	16573
12	+	1500564	1517137	16573
13	+	58569	75142	16573
14	+	1500566	1517139	16573
15	+	1440376	1456949	16573
16	+	626204	642779	16575
17	+	1494973	1511546	16573
18	-	671812	655240	16572
19	+	1502329	1518902	16573
20	+	192523	209096	16573
21	+	1494995	1511568	16573
22	+	1499911	1516484	16573
--------------------------------------------------------------------------------
Block #43
Seq_id	Strand	Start	End	Length
1	+	1477665	1494663	16998
2	+	1477475	1494473	16998
3	+	1477581	1494579	16998
4	+	1477672	1494669	16997
5	+	1477616	1494614	16998
6	+	1477466	1494463	16997
7	+	1472460	1489459	16999
8	+	1482974	1499973	16999
9	+	1483120	1500120	17000
10	+	1483117	1500113	16996
11	+	1483120	1500120	17000
12	+	1483118	1500115	16997
13	+	41124	58120	16996
14	+	1483120	1500117	16997
15	+	1422929	1439927	16998
16	+	608755	625755	17000
17	+	1477526	1494524	16998
18	-	689259	672261	16998
19	+	1484881	1501880	16999
20	+	175076	192074	16998
21	+	1477548	1494546	16998
22	+	1482464	1499462	16998
--------------------------------------------------------------------------------
Block #42
Seq_id	Strand	Start	End	Length
1	+	1473446	1476743	3297
1	+	1768327	1771624	3297
1	+	1864554	1867851	3297
1	+	1873264	1876559	3295
2	+	1473255	1476552	3297
2	+	1768138	1771435	3297
2	+	1864426	1867723	3297
2	+	1873125	1876422	3297
3	+	1473362	1476659	3297
3	+	1767954	1771251	3297
3	+	1776578	1779815	3237
3	+	1872838	1876135	3297
3	+	1881504	1884741	3237
4	+	1473452	1476749	3297
4	+	1768547	1771844	3297
4	+	1864776	1868073	3297
4	+	1873486	1876782	3296
5	+	1473396	1476693	3297
5	+	1768437	1771734	3297
5	+	1864666	1867963	3297
5	+	1873376	1876672	3296
6	+	1473246	1476543	3297
6	+	1768126	1771423	3297
6	+	1864447	1867744	3297
6	+	1873157	1876454	3297
7	+	1857018	1860314	3296
7	+	1865725	1869021	3296
8	+	1478754	1482051	3297
8	+	1773635	1776932	3297
8	+	1869956	1873253	3297
9	+	1478900	1482197	3297
9	+	1773782	1777079	3297
9	+	1870103	1873400	3297
9	+	1884608	1887905	3297
9	+	1893317	1896614	3297
10	+	1478897	1482194	3297
10	+	1773989	1777286	3297
10	+	1870310	1873607	3297
10	+	1879020	1882317	3297
11	+	1478900	1482197	3297
11	+	1773782	1777079	3297
11	+	1870103	1873400	3297
11	+	1884608	1887905	3297
11	+	1893317	1896614	3297
12	+	1478898	1482195	3297
12	+	1773778	1777075	3297
12	+	1870007	1873304	3297
12	+	1878717	1882014	3297
13	+	36906	40202	3296
13	+	331778	335074	3296
13	+	428095	431391	3296
13	+	436802	440099	3297
14	+	1478900	1482197	3297
14	+	1773780	1777077	3297
14	+	1866298	1869595	3297
15	+	1418710	1422007	3297
15	+	1713589	1716886	3297
15	+	1809910	1813207	3297
15	+	1818619	1821916	3297
16	-	903332	900036	3296
16	+	1082301	1085594	3293
17	+	1473307	1476603	3296
17	+	1768115	1771411	3296
17	+	1864434	1867730	3296
17	+	1873141	1876437	3296
18	-	293569	290272	3297
18	-	302279	298982	3297
18	-	398600	395303	3297
18	-	693478	690181	3297
19	+	1480661	1483958	3297
19	+	1775542	1778839	3297
19	+	1871863	1875160	3297
20	+	170881	174178	3297
20	+	465451	468748	3297
20	+	561694	564991	3297
20	+	570395	573692	3297
21	+	1473328	1476625	3297
21	+	1768209	1771506	3297
21	+	1864437	1867737	3300
21	+	1873150	1876446	3296
22	+	1478244	1481541	3297
22	+	1772978	1776275	3297
22	+	1869154	1872451	3297
22	+	1877863	1881160	3297
--------------------------------------------------------------------------------
Block #41
Seq_id	Strand	Start	End	Length
1	+	1471313	1473445	2132
1	+	1766193	1768326	2133
1	+	1862420	1864553	2133
1	+	1871130	1873263	2133
2	+	1471121	1473254	2133
2	+	1766004	1768137	2133
2	+	1862292	1864425	2133
2	+	1870991	1873124	2133
3	+	1471226	1473361	2135
3	+	1765820	1767953	2133
3	+	1774480	1776577	2097
3	+	1870704	1872837	2133
3	+	1879409	1881503	2094
4	+	1471318	1473451	2133
4	+	1766413	1768546	2133
4	+	1862642	1864775	2133
4	+	1871352	1873485	2133
5	+	1471262	1473395	2133
5	+	1766303	1768436	2133
5	+	1862532	1864665	2133
5	+	1871242	1873375	2133
6	+	1471112	1473245	2133
6	+	1765992	1768125	2133
6	+	1862313	1864446	2133
6	+	1871023	1873156	2133
7	+	1854886	1857017	2131
7	+	1863593	1865724	2131
8	+	1476620	1478753	2133
8	+	1771502	1773634	2132
8	+	1867822	1869955	2133
9	+	1476766	1478899	2133
9	+	1771649	1773781	2132
9	+	1867969	1870102	2133
9	+	1876692	1878822	2130
9	+	1882474	1884607	2133
9	+	1891184	1893316	2132
10	+	1476763	1478896	2133
10	+	1771856	1773988	2132
10	+	1868176	1870309	2133
10	+	1876886	1879019	2133
11	+	1476766	1478899	2133
11	+	1771649	1773781	2132
11	+	1867969	1870102	2133
11	+	1876692	1878822	2130
11	+	1882474	1884607	2133
11	+	1891184	1893316	2132
12	+	1476764	1478897	2133
12	+	1771644	1773777	2133
12	+	1867873	1870006	2133
12	+	1876583	1878716	2133
13	+	34773	36905	2132
13	+	329645	331777	2132
13	+	425962	428094	2132
13	+	434670	436801	2131
14	+	1476766	1478899	2133
14	+	1771647	1773779	2132
14	+	1864164	1866297	2133
15	+	1416576	1418709	2133
15	+	1711456	1713588	2132
15	+	1807776	1809909	2133
15	+	1816486	1818618	2132
16	-	905466	903334	2132
16	+	1080168	1082300	2132
17	+	1471175	1473306	2131
17	+	1765983	1768114	2131
17	+	1862302	1864433	2131
17	+	1871009	1873140	2131
18	-	295703	293571	2132
18	-	304413	302281	2132
18	-	400732	398602	2130
18	-	695611	693480	2131
19	+	1478527	1480660	2133
19	+	1773409	1775541	2132
19	+	1869729	1871862	2133
20	+	168747	170880	2133
20	+	463317	465450	2133
20	+	559560	561693	2133
20	+	568261	570394	2133
21	+	1471194	1473327	2133
21	+	1766075	1768208	2133
21	+	1862304	1864436	2132
21	+	1871016	1873149	2133
22	+	1476110	1478243	2133
22	+	1770844	1772977	2133
22	+	1867020	1869153	2133
22	+	1875730	1877862	2132
--------------------------------------------------------------------------------
Block #40
Seq_id	Strand	Start	End	Length
1	+	1436598	1470948	34350
2	+	1436407	1470756	34349
3	+	1436512	1470861	34349
4	+	1436602	1470953	34351
5	+	1436547	1470897	34350
6	+	1436398	1470747	34349
7	+	1436962	1471312	34350
8	+	1441906	1476255	34349
9	+	1442052	1476401	34349
10	+	1442048	1476398	34350
11	+	1442052	1476401	34349
12	+	1442050	1476399	34349
13	+	44	34408	34364
14	+	1442052	1476401	34349
15	+	1381862	1416211	34349
16	+	1045452	1079803	34351
17	+	1436461	1470809	34348
18	-	730325	695976	34349
19	+	1443813	1478162	34349
20	+	134083	168393	34310
21	+	1436480	1470829	34349
22	+	1441396	1475745	34349
--------------------------------------------------------------------------------
Block #39
Seq_id	Strand	Start	End	Length
1	+	1346116	1436597	90481
2	+	1345942	1436406	90464
3	+	1346030	1436511	90481
4	+	1346120	1436601	90481
5	+	1346065	1436546	90481
6	+	1345916	1436397	90481
7	+	1346480	1436961	90481
8	+	1351424	1441905	90481
9	+	1351570	1442051	90481
10	+	1351566	1442047	90481
11	+	1351570	1442051	90481
12	+	1351568	1442049	90481
13	+	1853652	1944072	90420
14	+	1351570	1442051	90481
15	+	1291380	1381861	90481
16	+	954973	1045451	90478
17	+	1345979	1436460	90481
18	-	820808	730327	90481
19	+	1353331	1443812	90481
20	+	43684	134082	90398
21	+	1345998	1436479	90481
22	+	1350945	1441395	90450
--------------------------------------------------------------------------------
Block #38
Seq_id	Strand	Start	End	Length
1	+	1305689	1345205	39516
2	+	1305517	1345032	39515
3	+	1305603	1345119	39516
4	+	1305693	1345209	39516
5	+	1305638	1345154	39516
6	+	1305489	1345005	39516
7	+	1306053	1345569	39516
8	+	1310997	1350513	39516
9	+	1311143	1350659	39516
10	+	1311139	1350655	39516
11	+	1311143	1350659	39516
12	+	1311141	1350657	39516
13	+	1813225	1852741	39516
14	+	1311143	1350659	39516
15	+	1250953	1290469	39516
16	+	914647	954165	39518
17	+	1305552	1345068	39516
18	-	861234	821720	39514
19	+	1312904	1352420	39516
20	+	3317	42792	39475
21	+	1305571	1345087	39516
22	+	1310518	1350034	39516
--------------------------------------------------------------------------------
Block #37
Seq_id	Strand	Start	End	Length
1	+	1260899	1304277	43378
2	+	1260728	1304105	43377
3	+	1260813	1304191	43378
4	+	1260903	1304281	43378
5	+	1260848	1304226	43378
6	+	1260699	1304077	43378
7	+	1261263	1304641	43378
8	+	1260772	1304150	43378
9	+	1260906	1304284	43378
10	+	1260902	1304280	43378
11	+	1260906	1304284	43378
12	+	1260904	1304282	43378
13	+	1762988	1806366	43378
14	+	1260906	1304284	43378
15	+	1200716	1244094	43378
16	-	1218710	1175331	43379
17	+	1260762	1304140	43378
18	-	911471	868093	43378
19	+	1260906	1304284	43378
20	+	1895396	1938713	43317
21	+	1260783	1304159	43376
22	+	1260339	1303717	43378
--------------------------------------------------------------------------------
Block #16
Seq_id	Strand	Start	End	Length
1	+	268234	269546	1312
2	+	268101	269413	1312
3	+	268105	269417	1312
4	+	268235	269547	1312
5	+	268235	269547	1312
6	+	268064	269376	1312
7	+	268615	269927	1312
8	+	268103	269415	1312
9	+	268235	269547	1312
10	+	268290	269602	1312
11	+	268235	269547	1312
12	+	268235	269547	1312
13	+	770361	771673	1312
14	+	268235	269547	1312
15	+	208043	209355	1312
16	+	268426	269738	1312
17	+	268096	269408	1312
18	-	1904141	1902829	1312
19	+	268236	269548	1312
20	+	903816	905128	1312
21	+	268236	269548	1312
22	+	268245	269557	1312
--------------------------------------------------------------------------------
Block #15
Seq_id	Strand	Start	End	Length
1	+	263546	267413	3867
2	+	263413	267280	3867
3	+	263417	267284	3867
4	+	263547	267414	3867
5	+	263547	267414	3867
6	+	263376	267243	3867
7	+	263927	267794	3867
8	+	263415	267282	3867
9	+	263547	267414	3867
10	+	263602	267469	3867
11	+	263547	267414	3867
12	+	263547	267414	3867
13	+	765673	769540	3867
14	+	263547	267414	3867
15	+	203355	207222	3867
16	+	263738	267605	3867
17	+	263408	267275	3867
18	-	1908830	1904962	3868
19	+	263548	267415	3867
20	+	899128	902995	3867
21	+	263548	267415	3867
22	+	263557	267424	3867
--------------------------------------------------------------------------------
Block #14
Seq_id	Strand	Start	End	Length
1	+	228227	263346	35119
2	+	228094	263213	35119
3	+	228097	263217	35120
4	+	228228	263347	35119
5	+	228228	263347	35119
6	+	228095	263176	35081
7	+	228608	263727	35119
8	+	228096	263215	35119
9	+	228228	263347	35119
10	+	228283	263402	35119
11	+	228228	263347	35119
12	+	228228	263347	35119
13	+	730356	765473	35117
14	+	228228	263347	35119
15	+	168036	203155	35119
16	+	228419	263538	35119
17	+	228090	263208	35118
18	-	1944141	1909076	35065
19	+	228229	263348	35119
20	+	863840	898930	35090
21	+	228229	263348	35119
22	+	228238	263357	35119
--------------------------------------------------------------------------------
Block #13
Seq_id	Strand	Start	End	Length
1	+	223678	228225	4547
2	+	223545	228092	4547
3	+	223548	228095	4547
4	+	223679	228226	4547
5	+	223679	228226	4547
6	+	223546	228093	4547
7	+	224059	228606	4547
8	+	223547	228094	4547
9	+	223679	228226	4547
10	+	223734	228281	4547
11	+	223679	228226	4547
12	+	223679	228226	4547
13	+	725807	730354	4547
14	+	223679	228226	4547
15	+	163487	168034	4547
16	+	223870	228417	4547
17	+	223541	228088	4547
18	-	4556	1	4555
19	+	223680	228227	4547
20	+	859291	863838	4547
21	+	223680	228227	4547
22	+	223689	228236	4547
--------------------------------------------------------------------------------
Block #12
Seq_id	Strand	Start	End	Length
1	+	183622	223571	39949
2	+	183488	223438	39950
3	+	183491	223441	39950
4	+	183622	223572	39950
5	+	183622	223572	39950
6	+	183489	223439	39950
7	+	184002	223952	39950
8	+	183490	223440	39950
9	+	183622	223572	39950
10	+	183677	223627	39950
11	+	183622	223572	39950
12	+	183622	223572	39950
13	+	685752	725700	39948
14	+	183622	223572	39950
15	+	123430	163380	39950
16	+	183813	223763	39950
17	+	183485	223434	39949
18	-	44407	4663	39744
19	+	183623	223573	39950
20	+	819234	859184	39950
21	+	183623	223573	39950
22	+	183632	223582	39950
--------------------------------------------------------------------------------
Block #11
Seq_id	Strand	Start	End	Length
1	+	170377	183498	13121
2	+	170244	183364	13120
3	+	170246	183367	13121
4	+	170377	183498	13121
5	+	170377	183498	13121
6	+	170244	183365	13121
7	+	170757	183878	13121
8	+	170245	183366	13121
9	+	170377	183498	13121
10	+	170432	183553	13121
11	+	170377	183498	13121
12	+	170377	183498	13121
13	+	672507	685628	13121
14	+	170377	183498	13121
15	+	110185	123306	13121
16	+	170572	183689	13117
17	+	170241	183361	13120
18	-	57859	44764	13095
19	+	170378	183499	13121
20	+	805990	819110	13120
21	+	170378	183499	13121
22	+	170387	183508	13121
--------------------------------------------------------------------------------
Block #10
Seq_id	Strand	Start	End	Length
1	+	151416	170210	18794
2	+	151283	170077	18794
3	+	151285	170079	18794
4	+	151416	170210	18794
5	+	151416	170210	18794
6	+	151283	170077	18794
7	+	151796	170590	18794
8	+	151283	170078	18795
9	+	151416	170210	18794
10	+	151471	170265	18794
11	+	151416	170210	18794
12	+	151416	170210	18794
13	+	653547	672340	18793
14	+	151416	170210	18794
15	+	91224	110018	18794
16	+	151852	170571	18719
17	+	151280	170074	18794
18	-	76819	58025	18794
19	+	151416	170211	18795
20	+	787043	805823	18780
21	+	151416	170211	18795
22	+	151426	170220	18794
--------------------------------------------------------------------------------
Block #9
Seq_id	Strand	Start	End	Length
1	+	87553	151034	63481
2	+	87420	150901	63481
3	+	87422	150903	63481
4	+	87553	151034	63481
5	+	87553	151034	63481
6	+	87420	150901	63481
7	+	87933	151414	63481
8	+	87420	150901	63481
9	+	87553	151034	63481
10	+	87584	151089	63505
11	+	87553	151034	63481
12	+	87553	151034	63481
13	+	589685	653165	63480
14	+	87553	151034	63481
15	+	27361	90842	63481
16	+	87990	151470	63480
17	+	87416	150898	63482
18	-	140682	77201	63481
19	+	87553	151034	63481
20	+	723180	786661	63481
21	+	87553	151034	63481
22	+	87563	151044	63481
--------------------------------------------------------------------------------
Block #8
Seq_id	Strand	Start	End	Length
1	+	83060	87423	4363
2	+	82927	87290	4363
3	+	82929	87292	4363
4	+	83060	87423	4363
5	+	83060	87423	4363
6	+	82927	87290	4363
7	+	83440	87803	4363
8	+	82927	87290	4363
9	+	83060	87423	4363
10	+	83091	87454	4363
11	+	83060	87423	4363
12	+	83060	87423	4363
13	+	585192	589555	4363
14	+	83060	87423	4363
15	+	22868	27231	4363
16	+	83497	87860	4363
17	+	82923	87286	4363
18	-	145175	140812	4363
19	+	83060	87423	4363
20	+	718687	723050	4363
21	+	83060	87423	4363
22	+	83070	87433	4363
--------------------------------------------------------------------------------
Block #7
Seq_id	Strand	Start	End	Length
1	+	80499	82406	1907
2	+	80366	82273	1907
3	+	80368	82275	1907
4	+	80499	82406	1907
5	+	80499	82406	1907
6	+	80366	82273	1907
7	+	80879	82786	1907
8	+	80366	82273	1907
9	+	80499	82406	1907
10	+	80530	82437	1907
11	+	80499	82406	1907
12	+	80499	82406	1907
13	+	582631	584538	1907
14	+	80499	82406	1907
15	+	20307	22214	1907
16	+	80936	82843	1907
16	-	1173910	1172027	1883
17	+	80362	82269	1907
18	-	147736	145830	1906
19	+	80499	82406	1907
20	+	716126	718033	1907
21	+	80499	82406	1907
22	+	80509	82416	1907
--------------------------------------------------------------------------------
Block #2
Seq_id	Strand	Start	End	Length
1	+	52373	53700	1327
1	+	79157	80498	1341
1	+	281456	282783	1327
1	+	1304356	1305688	1332
1	-	1660250	1658924	1326
2	+	52240	53567	1327
2	+	79024	80365	1341
2	+	281323	282650	1327
2	+	1304184	1305516	1332
2	-	1660059	1658733	1326
3	+	52252	53573	1321
3	+	79030	80367	1337
3	+	281287	282615	1328
3	+	1304270	1305602	1332
3	-	1659876	1658550	1326
4	+	52373	53700	1327
4	+	79157	80498	1341
4	+	281457	282784	1327
4	+	1304360	1305692	1332
4	-	1660469	1659143	1326
5	+	52373	53700	1327
5	+	79157	80498	1341
5	+	281457	282784	1327
5	+	1304305	1305637	1332
5	-	1660413	1659087	1326
6	+	52240	53567	1327
6	+	79024	80365	1341
6	+	281286	282613	1327
6	+	1304156	1305488	1332
6	-	1660048	1658722	1326
7	+	52753	54080	1327
7	+	79537	80878	1341
7	+	281837	283164	1327
7	+	1304720	1306052	1332
7	-	1655044	1653718	1326
8	+	52240	53567	1327
8	+	79024	80365	1341
8	+	281325	282652	1327
8	+	1304229	1305553	1324
8	+	1309665	1310996	1331
8	-	1665558	1664232	1326
9	+	52373	53700	1327
9	+	79157	80498	1341
9	+	281457	282784	1327
9	+	1304363	1305690	1327
9	+	1309810	1311142	1332
9	-	1665705	1664379	1326
10	+	52404	53731	1327
10	+	79188	80529	1341
10	+	281512	282839	1327
10	+	1304359	1305686	1327
10	+	1309806	1311138	1332
10	-	1665913	1664587	1326
11	+	52373	53700	1327
11	+	79157	80498	1341
11	+	281457	282784	1327
11	+	1304363	1305690	1327
11	+	1309810	1311142	1332
11	-	1665705	1664379	1326
12	+	52373	53700	1327
12	+	79157	80498	1341
12	+	281457	282784	1327
12	+	1304361	1305688	1327
12	+	1309808	1311140	1332
12	-	1665700	1664374	1326
13	-	223703	222377	1326
13	+	554507	555834	1327
13	+	581289	582630	1341
13	+	783583	784910	1327
13	+	1806445	1807772	1327
13	+	1811892	1813224	1332
14	+	52373	53700	1327
14	+	79157	80498	1341
14	+	281457	282784	1327
14	+	1304363	1305690	1327
14	+	1309810	1311142	1332
14	-	1665702	1664376	1326
15	+	18965	20306	1341
15	+	221265	222592	1327
15	+	1244173	1245500	1327
15	+	1249620	1250952	1332
15	-	1605512	1604186	1326
15	+	1936326	1937653	1327
16	+	52404	53731	1327
16	+	79594	80935	1341
16	+	281648	282975	1327
16	-	791340	790014	1326
16	+	913314	914646	1332
16	-	1175252	1173912	1340
17	+	52238	53565	1327
17	+	79020	80361	1341
17	+	281318	282645	1327
17	+	1304219	1305551	1332
17	-	1660039	1658713	1326
18	-	149078	147738	1340
18	-	175862	174536	1326
18	+	506676	508003	1327
18	-	862567	861236	1331
18	-	868014	866688	1326
18	-	1890919	1889593	1326
19	+	52373	53700	1327
19	+	79157	80498	1341
19	+	281458	282785	1327
19	+	1304363	1305690	1327
19	+	1311571	1312903	1332
19	-	1667465	1666139	1326
20	+	1984	3316	1332
20	-	357619	356293	1326
20	+	688021	689348	1327
20	+	714784	716125	1341
20	+	917038	918365	1327
20	+	1938792	1940119	1327
21	+	52373	53700	1327
21	+	79157	80498	1341
21	+	281458	282785	1327
21	+	1304238	1305570	1332
21	-	1660131	1658805	1326
22	+	52402	53729	1327
22	+	79167	80508	1341
22	+	281467	282794	1327
22	+	1303796	1305123	1327
22	+	1309185	1310517	1332
22	-	1665034	1663708	1326
--------------------------------------------------------------------------------
Block #1
Seq_id	Strand	Start	End	Length
1	+	134	51922	51788
2	+	1	51789	51788
3	+	13	51801	51788
4	+	134	51922	51788
5	+	134	51922	51788
6	+	1	51789	51788
7	+	134	51922	51788
8	+	1	51789	51788
9	+	134	51922	51788
10	+	165	51953	51788
11	+	134	51922	51788
12	+	134	51922	51788
13	+	502269	554056	51787
14	+	134	51922	51788
15	+	1884087	1935875	51788
16	+	165	51953	51788
17	+	1	51787	51786
18	-	228102	176313	51789
19	+	134	51922	51788
20	+	635782	687570	51788
21	+	134	51922	51788
22	+	163	51951	51788
--------------------------------------------------------------------------------
Block #3
Seq_id	Strand	Start	End	Length
1	+	53701	55268	1567
2	+	53568	55135	1567
3	+	53574	55141	1567
4	+	53701	55268	1567
5	+	53701	55268	1567
6	+	53568	55135	1567
7	+	54081	55648	1567
8	+	53568	55135	1567
9	+	53701	55268	1567
10	+	53732	55299	1567
11	+	53701	55268	1567
12	+	53701	55268	1567
13	+	555835	557402	1567
14	+	53701	55268	1567
15	+	1937654	1939221	1567
16	+	53732	55299	1567
17	+	53566	55133	1567
18	-	174534	172968	1566
19	+	53701	55268	1567
20	+	689349	690915	1566
21	+	53701	55268	1567
22	+	53730	55297	1567
--------------------------------------------------------------------------------
Block #4
Seq_id	Strand	Start	End	Length
1	+	55604	60176	4572
2	+	55471	60043	4572
3	+	55477	60049	4572
4	+	55604	60176	4572
5	+	55604	60176	4572
6	+	55471	60043	4572
7	+	55984	60556	4572
8	+	55471	60043	4572
9	+	55604	60176	4572
10	+	55635	60207	4572
11	+	55604	60176	4572
12	+	55604	60176	4572
13	+	557738	562309	4571
14	+	55604	60176	4572
15	+	1939557	1944145	4588
16	+	56041	60613	4572
17	+	55469	60041	4572
18	-	172631	168059	4572
19	+	55604	60176	4572
20	+	691231	695803	4572
21	+	55604	60176	4572
22	+	55614	60186	4572
--------------------------------------------------------------------------------
Block #5
Seq_id	Strand	Start	End	Length
1	+	60178	61939	1761
2	+	60045	61806	1761
3	+	60051	61812	1761
4	+	60178	61939	1761
5	+	60178	61939	1761
6	+	60045	61806	1761
7	+	60558	62319	1761
8	+	60045	61806	1761
9	+	60178	61939	1761
10	+	60209	61970	1761
11	+	60178	61939	1761
12	+	60178	61939	1761
13	+	562311	564072	1761
14	+	60178	61939	1761
15	+	1	1747	1746
16	+	60615	62376	1761
17	+	60043	61804	1761
18	-	168058	166298	1760
19	+	60178	61939	1761
20	+	695805	697566	1761
21	+	60178	61939	1761
22	+	60188	61949	1761
--------------------------------------------------------------------------------
Block #6
Seq_id	Strand	Start	End	Length
1	+	62076	79089	17013
2	+	61943	78956	17013
3	+	61949	78962	17013
4	+	62076	79089	17013
5	+	62076	79089	17013
6	+	61943	78956	17013
7	+	62456	79469	17013
8	+	61943	78956	17013
9	+	62076	79089	17013
10	+	62107	79120	17013
11	+	62076	79089	17013
12	+	62076	79089	17013
13	+	564209	581221	17012
14	+	62076	79089	17013
15	+	1884	18897	17013
16	+	62513	79526	17013
17	+	61941	78952	17011
18	-	166166	149146	17020
19	+	62076	79089	17013
20	+	697703	714716	17013
21	+	62076	79089	17013
22	+	62086	79099	17013
--------------------------------------------------------------------------------
Block #17
Seq_id	Strand	Start	End	Length
1	+	270367	274857	4490
2	+	270234	274724	4490
3	+	270238	274728	4490
4	+	270368	274858	4490
5	+	270368	274858	4490
6	+	270197	274687	4490
7	+	270748	275238	4490
8	+	270236	274726	4490
9	+	270368	274858	4490
10	+	270423	274913	4490
11	+	270368	274858	4490
12	+	270368	274858	4490
13	+	772494	776984	4490
14	+	270368	274858	4490
15	+	210176	214666	4490
16	+	270559	275049	4490
17	+	270229	274719	4490
18	-	1902008	1897518	4490
19	+	270369	274859	4490
20	+	905949	910439	4490
21	+	270369	274859	4490
22	+	270378	274868	4490
--------------------------------------------------------------------------------
Block #18
Seq_id	Strand	Start	End	Length
1	+	274985	278160	3175
2	+	274852	278027	3175
3	+	274856	278031	3175
4	+	274986	278161	3175
5	+	274986	278161	3175
6	+	274815	277990	3175
7	+	275366	278541	3175
8	+	274854	278029	3175
9	+	274986	278161	3175
10	+	275041	278216	3175
11	+	274986	278161	3175
12	+	274986	278161	3175
13	+	777112	780287	3175
14	+	274986	278161	3175
15	+	214794	217969	3175
16	+	275177	278352	3175
17	+	274847	278022	3175
18	-	1897390	1894195	3195
19	+	274987	278162	3175
20	+	910567	913742	3175
21	+	274987	278162	3175
22	+	274996	278171	3175
--------------------------------------------------------------------------------
Block #19
Seq_id	Strand	Start	End	Length
1	+	278334	281022	2688
2	+	278201	280889	2688
3	+	278205	280893	2688
4	+	278335	281023	2688
5	+	278335	281023	2688
6	+	278164	280852	2688
7	+	278715	281403	2688
8	+	278203	280891	2688
9	+	278335	281023	2688
10	+	278390	281078	2688
11	+	278335	281023	2688
12	+	278335	281023	2688
13	+	780461	783149	2688
14	+	278335	281023	2688
15	+	218143	220831	2688
16	+	278526	281214	2688
17	+	278196	280884	2688
18	-	1894042	1891353	2689
19	+	278336	281024	2688
20	+	913916	916604	2688
21	+	278336	281024	2688
22	+	278345	281033	2688
--------------------------------------------------------------------------------
Block #20
Seq_id	Strand	Start	End	Length
1	+	282784	294767	11983
2	+	282651	294634	11983
3	+	282616	294602	11986
4	+	282785	294769	11984
5	+	282785	294768	11983
6	+	282614	294603	11989
7	+	283165	295127	11962
8	+	282653	294638	11985
9	+	282785	294770	11985
10	+	282840	294824	11984
11	+	282785	294770	11985
12	+	282785	294770	11985
13	+	784911	796892	11981
14	+	282785	294771	11986
15	+	222593	234580	11987
16	+	282976	294938	11962
17	+	282646	294628	11982
18	-	1889591	1877606	11985
19	+	282786	294772	11986
20	+	918366	930348	11982
21	+	282786	294769	11983
22	+	282795	294780	11985
--------------------------------------------------------------------------------
Block #21
Seq_id	Strand	Start	End	Length
1	+	294892	332125	37233
2	+	294759	331992	37233
3	+	294727	331960	37233
4	+	294894	332127	37233
5	+	294893	332126	37233
6	+	294728	331961	37233
7	+	295252	332485	37233
8	+	294763	331996	37233
9	+	294895	332128	37233
10	+	294949	332182	37233
11	+	294895	332128	37233
12	+	294895	332128	37233
13	+	797017	834250	37233
14	+	294896	332129	37233
15	+	234705	271938	37233
16	+	295063	331912	36849
17	+	294753	331986	37233
18	-	1877481	1840337	37144
19	+	294897	332130	37233
20	+	930473	967706	37233
21	+	294894	332127	37233
22	+	294905	332138	37233
--------------------------------------------------------------------------------
Block #22
Seq_id	Strand	Start	End	Length
1	+	332240	573724	241484
2	+	332107	573588	241481
3	+	332075	573559	241484
4	+	332242	573726	241484
5	+	332241	573725	241484
6	+	332076	573560	241484
7	+	332600	574084	241484
8	+	332111	573595	241484
9	+	332243	573727	241484
10	+	332297	573780	241483
11	+	332243	573727	241484
12	+	332243	573727	241484
13	+	834365	1075830	241465
14	+	332244	573728	241484
15	+	272053	513537	241484
16	+	332027	573311	241284
17	+	332101	573589	241488
18	-	1840133	1598649	241484
19	+	332245	573729	241484
20	+	967821	1209160	241339
21	+	332242	573726	241484
22	+	332253	573731	241478
--------------------------------------------------------------------------------
Block #23
Seq_id	Strand	Start	End	Length
1	+	574338	597126	22788
2	+	574202	596990	22788
3	+	574251	597039	22788
4	+	574340	597127	22787
5	+	574339	597126	22787
6	+	574174	596962	22788
7	+	574698	597486	22788
8	+	574209	596997	22788
9	+	574341	597129	22788
10	+	574394	597181	22787
11	+	574341	597129	22788
12	+	574341	597129	22788
13	+	1076444	1099232	22788
14	+	574342	597130	22788
15	+	514151	536939	22788
16	+	574497	597284	22787
17	+	574203	596991	22788
18	-	1598036	1575247	22789
19	+	574343	597131	22788
20	+	1209734	1232520	22786
21	+	574340	597128	22788
22	+	574301	597089	22788
--------------------------------------------------------------------------------
Block #24
Seq_id	Strand	Start	End	Length
1	+	597478	604034	6556
2	+	597342	603898	6556
3	+	597391	603947	6556
4	+	597479	604035	6556
5	+	597478	604034	6556
6	+	597314	603870	6556
7	+	597838	604394	6556
8	+	597349	603905	6556
9	+	597481	604037	6556
10	+	597533	604089	6556
11	+	597481	604037	6556
12	+	597481	604037	6556
13	+	1099584	1106140	6556
14	+	597482	604038	6556
15	+	537291	543847	6556
16	+	597636	604192	6556
17	+	597343	603899	6556
18	-	1574895	1568339	6556
19	+	597483	604039	6556
20	+	1232872	1239428	6556
21	+	597480	604036	6556
22	+	597441	603997	6556
--------------------------------------------------------------------------------
Block #25
Seq_id	Strand	Start	End	Length
1	+	604230	608544	4314
2	+	604094	608408	4314
3	+	604143	608457	4314
4	+	604231	608545	4314
5	+	604230	608544	4314
6	+	604066	608380	4314
7	+	604590	608905	4315
8	+	604101	608415	4314
9	+	604233	608547	4314
10	+	604285	608599	4314
11	+	604233	608547	4314
12	+	604233	608547	4314
13	+	1106336	1110649	4313
14	+	604234	608548	4314
15	+	544043	548357	4314
16	+	604388	608702	4314
17	+	604095	608409	4314
18	-	1568143	1563830	4313
19	+	604235	608549	4314
20	+	1239624	1243938	4314
21	+	604232	608546	4314
22	+	604193	608507	4314
--------------------------------------------------------------------------------
Block #26
Seq_id	Strand	Start	End	Length
1	+	608545	611087	2542
2	+	608409	610951	2542
3	+	608458	611000	2542
4	+	608546	611088	2542
5	+	608545	611087	2542
6	+	608381	610923	2542
7	+	608906	611448	2542
8	+	608416	610958	2542
9	+	608548	611090	2542
10	+	608600	611142	2542
11	+	608548	611090	2542
12	+	608548	611090	2542
13	+	1110650	1113192	2542
14	+	608549	611091	2542
15	+	548358	550900	2542
17	+	608410	610952	2542
18	-	1563828	1561286	2542
19	+	608550	611092	2542
20	+	1243939	1246481	2542
21	+	608547	611089	2542
22	+	608508	611050	2542
--------------------------------------------------------------------------------
Block #27
Seq_id	Strand	Start	End	Length
1	+	611089	622515	11426
2	+	610953	622379	11426
3	+	611002	622428	11426
4	+	611090	622516	11426
5	+	611089	622515	11426
6	+	610925	622312	11387
7	+	611450	622876	11426
8	+	610960	622386	11426
9	+	611092	622518	11426
10	+	611144	622570	11426
11	+	611092	622518	11426
12	+	611092	622518	11426
13	+	1113194	1124620	11426
14	+	611093	622519	11426
15	+	550902	562328	11426
16	+	1336377	1347803	11426
17	+	610954	622380	11426
18	-	1561285	1549858	11427
19	+	611094	622520	11426
20	+	1246483	1257890	11407
21	+	611091	622517	11426
22	+	611052	622455	11403
--------------------------------------------------------------------------------
Block #28
Seq_id	Strand	Start	End	Length
1	+	622708	635083	12375
2	+	622572	634947	12375
3	+	622621	634997	12376
4	+	622709	635084	12375
5	+	622708	635083	12375
6	+	622505	634880	12375
7	+	623069	635444	12375
8	+	622579	634954	12375
9	+	622711	635086	12375
10	+	622763	635138	12375
11	+	622711	635086	12375
12	+	622711	635086	12375
13	+	1124813	1137187	12374
14	+	622712	635087	12375
15	+	562521	574896	12375
16	+	1347996	1360371	12375
17	+	622573	634948	12375
18	-	1549665	1537290	12375
19	+	622713	635088	12375
20	+	1258083	1270458	12375
21	+	622710	635085	12375
22	+	622648	635023	12375
--------------------------------------------------------------------------------
Block #29
Seq_id	Strand	Start	End	Length
1	+	635808	649116	13308
2	+	635670	648978	13308
3	+	635722	649030	13308
4	+	635809	649117	13308
5	+	635808	649116	13308
6	+	635605	648913	13308
7	+	636169	649477	13308
8	+	635679	648987	13308
9	+	635811	649119	13308
10	+	635863	649171	13308
11	+	635811	649119	13308
12	+	635811	649119	13308
13	+	1137912	1151220	13308
14	+	635812	649120	13308
15	+	575621	588929	13308
16	+	1362090	1375398	13308
17	+	635673	648980	13307
18	-	1536565	1523261	13304
19	+	635813	649121	13308
20	+	1271166	1284466	13300
21	+	635810	649118	13308
22	+	635732	649040	13308
--------------------------------------------------------------------------------
Block #30
Seq_id	Strand	Start	End	Length
1	+	649321	783493	134172
2	+	649183	783356	134173
3	+	649235	783409	134174
4	+	649322	783496	134174
5	+	649321	783495	134174
6	+	649118	783292	134174
7	+	649682	783856	134174
8	+	649192	783366	134174
9	+	649324	783498	134174
10	+	649376	783550	134174
11	+	649324	783498	134174
12	+	649324	783498	134174
13	+	1151424	1285595	134171
14	+	649325	783499	134174
15	+	589134	723308	134174
16	+	1375603	1509779	134176
17	+	649185	783357	134172
18	-	1523056	1388878	134178
19	+	649326	783500	134174
20	+	1284671	1418715	134044
21	+	649323	783498	134175
22	+	649245	783343	134098
--------------------------------------------------------------------------------
Block #31
Seq_id	Strand	Start	End	Length
1	+	784311	1076022	291711
2	+	784168	1075862	291694
3	+	784227	1075935	291708
4	+	784314	1076025	291711
5	+	784313	1075970	291657
6	+	784110	1075821	291711
7	+	784674	1076385	291711
8	+	784184	1075894	291710
9	+	784316	1076028	291712
10	+	784368	1076024	291656
11	+	784316	1076028	291712
12	+	784316	1076026	291710
13	+	1286413	1578117	291704
14	+	784317	1076028	291711
15	+	724126	1015838	291712
16	+	1510789	1802436	291647
17	+	784175	1075884	291709
18	-	1388061	1096350	291711
19	+	784318	1076028	291710
20	+	1419505	1710815	291310
21	+	784316	1075905	291589
22	+	784148	1075683	291535
--------------------------------------------------------------------------------
Block #32
Seq_id	Strand	Start	End	Length
1	+	1076350	1144895	68545
2	+	1076190	1144734	68544
3	+	1076263	1144808	68545
4	+	1076353	1144898	68545
5	+	1076298	1144843	68545
6	+	1076149	1144694	68545
7	+	1076713	1145258	68545
8	+	1076222	1144767	68545
9	+	1076356	1144901	68545
10	+	1076352	1144897	68545
11	+	1076356	1144901	68545
12	+	1076354	1144899	68545
13	+	1578445	1646988	68543
14	+	1076356	1144901	68545
15	+	1016166	1084711	68545
16	+	1803144	1871704	68560
17	+	1076212	1144758	68546
18	-	1096022	1027477	68545
19	+	1076356	1144901	68545
20	+	1711143	1779601	68458
21	+	1076233	1144778	68545
22	+	1076011	1144512	68501
--------------------------------------------------------------------------------
Block #33
Seq_id	Strand	Start	End	Length
1	+	1144897	1198105	53208
2	+	1144736	1197944	53208
3	+	1144810	1198018	53208
4	+	1144900	1198108	53208
5	+	1144845	1198053	53208
6	+	1144696	1197904	53208
7	+	1145260	1198468	53208
8	+	1144769	1197977	53208
9	+	1144903	1198111	53208
10	+	1144899	1198107	53208
11	+	1144903	1198111	53208
12	+	1144901	1198109	53208
13	+	1646990	1700196	53206
14	+	1144903	1198111	53208
15	+	1084713	1137921	53208
16	-	1336356	1283123	53233
17	+	1144760	1197968	53208
18	-	1027476	974267	53209
19	+	1144903	1198111	53208
20	+	1779603	1832652	53049
21	+	1144780	1197988	53208
22	+	1144514	1197586	53072
--------------------------------------------------------------------------------
Block #34
Seq_id	Strand	Start	End	Length
1	+	1198246	1250447	52201
2	+	1198085	1250287	52202
3	+	1198159	1250361	52202
4	+	1198249	1250451	52202
5	+	1198194	1250396	52202
6	+	1198045	1250247	52202
7	+	1198609	1250811	52202
8	+	1198118	1250320	52202
9	+	1198252	1250454	52202
10	+	1198248	1250450	52202
11	+	1198252	1250454	52202
12	+	1198250	1250452	52202
13	+	1700337	1752536	52199
14	+	1198252	1250454	52202
15	+	1138062	1190264	52202
16	-	1283070	1230929	52141
17	+	1198108	1250310	52202
18	-	974126	921923	52203
19	+	1198252	1250454	52202
20	+	1832795	1884987	52192
21	+	1198129	1250331	52202
22	+	1197710	1249910	52200
--------------------------------------------------------------------------------
Block #35
Seq_id	Strand	Start	End	Length
1	+	1250741	1259323	8582
2	+	1250581	1259163	8582
3	+	1250655	1259237	8582
4	+	1250745	1259327	8582
5	+	1250690	1259272	8582
6	+	1250541	1259123	8582
7	+	1251105	1259687	8582
8	+	1250614	1259196	8582
9	+	1250748	1259330	8582
10	+	1250744	1259326	8582
11	+	1250748	1259330	8582
12	+	1250746	1259328	8582
13	+	1752830	1761412	8582
14	+	1250748	1259330	8582
15	+	1190558	1199140	8582
16	-	1230228	1221658	8570
17	+	1250604	1259186	8582
18	-	921629	913048	8581
19	+	1250748	1259330	8582
20	+	1885267	1893843	8576
21	+	1250625	1259207	8582
22	+	1250204	1258786	8582
--------------------------------------------------------------------------------
Block #36
Seq_id	Strand	Start	End	Length
1	+	1259412	1260898	1486
2	+	1259252	1260727	1475
3	+	1259326	1260812	1486
4	+	1259416	1260902	1486
5	+	1259361	1260847	1486
6	+	1259212	1260698	1486
7	+	1259776	1261262	1486
8	+	1259285	1260771	1486
9	+	1259419	1260905	1486
10	+	1259415	1260901	1486
11	+	1259419	1260905	1486
12	+	1259417	1260903	1486
13	+	1761501	1762987	1486
14	+	1259419	1260905	1486
15	+	1199229	1200715	1486
16	-	1220197	1218712	1485
16	+	1220201	1221657	1456
17	+	1259275	1260761	1486
18	-	912959	911473	1486
19	+	1259419	1260905	1486
20	+	1893932	1895395	1463
21	+	1259296	1260782	1486
22	+	1258875	1260338	1463
--------------------------------------------------------------------------------
