>CP003497.1
+1 +3 +4 +5 +6 +8 +9 +10 +11 +12 +13 +14 +15 +16 +17 +18 +19 +20 +21 +22 +23 +24 +25 +27 +28 +29 +30 +31 +32 +33 +34 +35 +37 +38 +39 +40 +43 +44 +45 +46 +47 +48 +49 +50 +51 +52 +53 +58 +59 @
>CP003039.2
+1 +3 +4 +5 +6 +8 +9 +10 +11 +12 +13 +14 +15 +16 +17 +18 +19 +20 +21 +22 +23 +24 +25 +27 +28 +29 +30 +31 +32 +33 +34 +35 +37 +38 +39 +40 +43 +44 +45 +46 +47 +48 +49 +50 +51 +52 +53 +58 +59 @
>CP007522.1
+1 +3 +4 +5 +6 +8 +9 +10 +11 +12 +13 +14 +15 +16 +17 +18 +19 +20 +21 +22 +23 +24 +25 +27 +28 +29 +30 +31 +32 +33 +34 +35 +37 +38 +39 +40 +43 +44 +45 +46 +47 +48 +49 +50 +51 +52 +53 +58 +59 @
>CP003498.1
+1 +3 +4 +5 +6 +8 +9 +10 +11 +12 +13 +14 +15 +16 +17 +18 +19 +20 +21 +22 +23 +24 +25 +27 +28 +29 +30 +31 +32 +33 +34 +35 +37 +38 +39 +40 +43 +44 +45 +46 +47 +48 +49 +50 +51 +52 +53 +58 +59 @
>CP001515.1
+1 +3 +4 +5 +6 +8 +9 +10 +11 +12 +13 +14 +15 +16 +17 +18 +19 +20 +21 +22 +23 +24 +25 +27 +28 +29 +30 +31 +32 +33 +34 +35 +37 +38 +39 +40 +43 +44 +45 +46 +47 +48 +49 +50 +51 +52 +53 +58 +59 @
>CP009045.1
+1 +3 +4 +5 +6 +8 +9 +10 +11 +12 +13 +14 +15 +16 +17 +18 +19 +20 +21 +22 +23 +24 +25 +27 +28 +29 +30 +31 +32 +33 +34 +35 +37 +38 +39 +40 +43 +44 +45 +46 +47 +48 +49 +50 +51 +52 +53 +58 +59 @
>CP007755.1
+1 +3 +4 +5 +6 +8 +9 +10 +11 +12 +13 +14 +15 +16 +17 +18 +19 +20 +21 +22 +23 +24 +25 +27 +28 +29 +30 +31 +32 +33 +34 +35 +37 +38 +39 +40 +43 +44 +45 +46 +47 +48 +49 +50 +51 +52 +53 +58 +59 @
>CP031154.1
+1 +3 +4 +5 +6 +8 +9 +10 +11 +12 +13 +14 +15 +16 +17 +18 +19 +20 +21 +22 +23 +24 +25 +27 +28 +29 +30 +31 +32 +33 +34 +35 +37 +38 +39 +40 +43 +44 +45 +46 +47 +48 +49 +50 +51 +52 +53 +58 +59 @
>CP010433.1
+1 +3 +4 +5 +6 +8 +9 +10 +11 +12 +13 +14 +15 +16 +17 +18 +19 +20 +21 +22 +23 +24 +25 +27 +28 +29 +30 +31 +32 +33 +34 +35 +37 +38 +39 +40 +43 +44 +45 +46 +47 +48 +49 +50 +51 +52 +53 +58 +59 @
>CP017098.1
+1 +3 +4 +5 +6 +8 +9 +10 +11 +12 +13 +14 +15 +16 +17 +18 +19 +20 +21 +22 +23 +24 +25 +27 +28 +29 +30 +31 +32 +33 +34 +35 +37 +38 +39 +40 +43 +44 +45 +46 +47 +48 +49 +50 +51 +52 +53 +58 +59 @
>LR699002.1
+1 +3 +4 +5 +6 +8 +9 +10 +11 +12 +13 +14 +15 +16 +17 +18 +19 +20 +21 +22 +23 +24 +25 +27 +28 +29 +30 +31 +32 +33 +34 +35 +37 +38 +39 +40 +43 +44 +45 +46 +47 +48 +49 +50 +51 +52 +53 +58 +59 @
>CP001892.1
+1 +3 +4 +5 +6 +8 +9 +10 +11 +12 +13 +14 +15 +16 +17 +18 +19 +20 +21 +22 +23 +24 +25 +27 +28 +29 +30 +31 +32 +33 +34 +35 +37 +38 +39 +40 +43 +44 +45 +46 +47 +48 +49 +50 +51 +52 +53 +58 +59 @
>CP022724.1
+40 +43 +44 +45 +46 +47 +48 +49 +50 +51 +52 +53 +58 +59 +1 +3 +4 +5 +6 +8 +9 +10 +11 +12 +13 +14 +15 +16 +17 +18 +19 +20 +21 +22 +23 +24 +25 +27 +28 +29 +30 +31 +32 +33 +34 +35 +37 +38 +39 @
>CP035497.1
+1 +3 +4 +5 +6 +8 +9 +10 +11 +12 +13 +14 +15 +16 +17 +18 +19 +20 +21 +22 +23 +24 +25 +27 +28 +29 +30 +31 +32 +33 +34 +35 +37 +38 +39 +40 +43 +44 +45 +46 +47 +48 +49 +50 +51 +52 +53 +58 +59 @
>CP042940.1
+5 +6 +8 +9 +10 +11 +12 +13 +14 +15 +16 +17 +18 +19 +20 +21 +22 +23 +24 +25 +27 +28 +29 +30 +31 +32 +33 +34 +35 +37 +38 +39 +40 +43 +44 +45 +46 +47 +48 +49 +50 +51 +52 +53 +58 +59 +1 +3 +4 @
>CP001213.1
+1 +3 +4 +5 +6 +8 +9 +10 +11 +12 +13 +14 +15 +16 +17 +18 +19 +20 +21 +22 +23 +24 +25 +43 +44 +45 +46 +47 +48 +49 +38 +39 +40 +50 +51 +52 +53 -37 -35 -34 -33 +27 +28 +29 +30 +31 +32 +58 +59 @
>CP004053.1
+1 +3 +4 +5 +6 +8 +9 +10 +11 +12 +13 +14 +15 +16 +17 +18 +19 +20 +21 +22 +23 +24 +25 +27 +28 +29 +30 +31 +32 +33 +34 +35 +37 +38 +39 +40 +43 +44 +45 +46 +47 +48 +49 +50 +51 +52 +53 +58 +59 @
>CP031703.1
-13 -12 -11 -10 -9 -8 -6 -5 -4 -3 -1 -59 -58 -53 -52 -51 -50 -49 -48 -47 -46 -45 -44 -43 -40 -39 -38 -37 -35 -34 -33 -32 -31 -30 -29 -28 -27 -25 -24 -23 -22 -21 -20 -19 -18 -17 -16 -15 -14 @
>CP047190.1
+1 +3 +4 +5 +6 +8 +9 +10 +11 +12 +13 +14 +15 +16 +17 +18 +19 +20 +21 +22 +23 +24 +25 +27 +28 +29 +30 +31 +32 +33 +34 +35 +37 +38 +39 +40 +43 +44 +45 +46 +47 +48 +49 +50 +51 +52 +53 +58 +59 @
>CP001853.1
+38 +39 +40 +43 +44 +45 +46 +47 +48 +49 +50 +51 +52 +53 +58 +59 +1 +3 +4 +5 +6 +8 +9 +10 +11 +12 +13 +14 +15 +16 +17 +18 +19 +20 +21 +22 +23 +24 +25 +27 +28 +29 +30 +31 +32 +33 +34 +35 +37 @
>CP001606.1
+1 +3 +4 +5 +6 +8 +9 +10 +11 +12 +13 +14 +15 +16 +17 +18 +19 +20 +21 +22 +23 +24 +25 +27 +28 +29 +30 +31 +32 +33 +34 +35 +37 +38 +39 +40 +43 +44 +45 +46 +47 +48 +49 +50 +51 +52 +53 +58 +59 @
>CP002915.1
+1 +3 +4 +5 +6 +8 +9 +10 +11 +12 +13 +14 +15 +16 +17 +18 +19 +20 +21 +22 +23 +24 +25 +27 +28 +29 +30 +31 +32 +33 +34 +35 +37 +38 +39 +40 +43 +44 +45 +46 +47 +48 +49 +50 +51 +52 +53 +58 +59 @
