>CP003497
+1 +2 +3 +4 +5 +6 +2 +7 +8 +9 +10 +11 +12 +13 +14 +15 +16 +17 +18 +19 +2 +20 +21 +22 +23 +24 +25 +26 +27 +28 +29 +30 +31 +32 +33 +34 +35 +36 +37 +2 +38 +39 +40 +41 +42 +43 +44 +45 -2 +46 +47 +48 +49 +41 +42 +50 +51 +52 +53 +54 +55 +56 +41 +42 +57 +41 +42 +58 +59 $
>CP003039
+1 +2 +3 +4 +5 +6 +2 +7 +8 +9 +10 +11 +12 +13 +14 +15 +16 +17 +18 +19 +2 +20 +21 +22 +23 +24 +25 +26 +27 +28 +29 +30 +31 +32 +33 +34 +35 +36 +37 +2 +38 +39 +40 +41 +42 +43 +44 +45 -2 +46 +47 +48 +49 +41 +42 +50 +51 +52 +53 +54 +55 +56 +41 +42 +57 +41 +42 +58 +59 $
>CP007522
+1 +2 +3 +4 +5 +6 +2 +7 +8 +9 +10 +11 +12 +13 +14 +15 +16 +17 +18 +19 +2 +20 +21 +22 +23 +24 +25 +26 +27 +28 +29 +30 +31 +32 +33 +34 +35 +36 +37 +2 +38 +39 +40 +41 +42 +43 +44 +45 -2 +46 +47 +48 +49 +41 +42 +57 +41 +42 +50 +51 +52 +53 +54 +55 +56 +41 +42 +57 +41 +42 +58 +59 $
>CP003498
+1 +2 +3 +4 +5 +6 +2 +7 +8 +9 +10 +11 +12 +13 +14 +15 +16 +17 +18 +19 +2 +20 +21 +22 +23 +24 +25 +26 +27 +28 +29 +30 +31 +32 +33 +34 +35 +36 +37 +2 +38 +39 +40 +41 +42 +43 +44 +45 -2 +46 +47 +48 +49 +41 +42 +50 +51 +52 +53 +54 +55 +56 +41 +42 +57 +41 +42 +58 +59 $
>CP001515
+1 +2 +3 +4 +5 +6 +2 +7 +8 +9 +10 +11 +12 +13 +14 +15 +16 +17 +18 +19 +2 +20 +21 +22 +23 +24 +25 +26 +27 +28 +29 +30 +31 +32 +33 +34 +35 +36 +37 +2 +38 +39 +40 +41 +42 +43 +44 +45 -2 +46 +47 +48 +49 +41 +42 +50 +51 +52 +53 +54 +55 +56 +41 +42 +57 +41 +42 +58 +59 $
>CP009045
+1 +2 +3 +4 +5 +6 +2 +7 +8 +9 +10 +11 +12 +13 +14 +15 +16 +17 +18 +19 +2 +20 +21 +22 +23 +24 +25 +26 +27 +28 +29 +30 +31 +32 +33 +34 +35 +36 +37 +2 +38 +39 +40 +41 +42 +43 +44 +45 -2 +46 +47 +48 +49 +41 +42 +50 +51 +52 +53 +54 +55 +56 +41 +42 +57 +41 +42 +58 +59 $
>CP007755
+1 +2 +3 +4 +5 +6 +2 +7 +8 +9 +10 +11 +12 +13 +14 +15 +16 +17 +18 +19 +2 +20 +21 +22 +23 +24 +25 +26 +27 +28 +29 +30 +31 +32 +33 +34 +35 +36 +37 +2 +38 +39 +40 +43 +44 +45 -2 +46 +47 +48 +49 -57 +50 +51 +52 +53 +54 +55 +56 +41 +42 +57 +41 +42 +58 +59 $
>CP031154
+1 +2 +3 +4 +5 +6 +2 +7 +8 +9 +10 +11 +12 +13 +14 +15 +16 +17 +18 +19 +2 +20 +21 +22 +23 +24 +25 +26 +27 +28 +29 +30 +31 +32 +33 +34 +35 +36 +37 +2 -55 -54 +2 +38 +39 +40 +41 +42 +43 +44 +45 -2 +46 +47 +48 +49 +41 +42 +50 +51 +52 +53 +54 +55 +56 +41 +42 +58 +59 $
>CP010433
+1 +2 +3 +4 +5 +6 +2 +7 +8 +9 +10 +11 +12 +13 +14 +15 +16 +17 +18 +19 +2 +20 +21 +22 +23 +24 +25 +26 +27 +28 +29 +30 +31 +32 +33 +34 +35 +36 +37 +2 -55 -54 +2 +38 +39 +40 +41 +42 +43 +44 +45 -2 +46 +47 +48 +49 +41 +42 +50 +51 +52 +53 +54 +55 +56 +41 +42 +57 +41 +56 +41 +42 +57 +41 +42 +58 +59 $
>CP017098
+1 +2 +3 +4 +5 +6 +2 +7 +8 +9 +10 +11 +12 +13 +14 +15 +16 +17 +18 +19 +2 +20 +21 +22 +23 +24 +25 +26 +27 +28 +29 +30 +31 +32 +33 +34 +35 +36 +37 +2 -55 -54 +2 +38 +39 +40 +41 +42 +43 +44 +45 -2 +46 +47 +48 +49 +41 +42 +50 +51 +52 +53 +54 +55 +56 +41 +42 +57 +41 +42 +58 +59 $
>LR699002
+1 +2 +3 +4 +5 +6 +2 +7 +8 +9 +10 +11 +12 +13 +14 +15 +16 +17 +18 +19 +2 +20 +21 +22 +23 +24 +25 +26 +27 +28 +29 +30 +31 +32 +33 +34 +35 +36 +37 +2 -55 -54 +2 +38 +39 +40 +41 +42 +43 +44 +45 -2 +46 +47 +48 +49 +41 +42 +50 +51 +52 +53 +54 +55 +56 +41 +42 +57 +41 +56 +41 +42 +57 +41 +42 +58 +59 $
>CP001892
+1 +2 +3 +4 +5 +6 +2 +7 +8 +9 +10 +11 +12 +13 +14 +15 +16 +17 +18 +19 +2 +20 +21 +22 +23 +24 +25 +26 +27 +28 +29 +30 +31 +32 +33 +34 +35 +36 +37 +2 -55 -54 +2 +38 +39 +40 +41 +42 +43 +44 +45 -2 +46 +47 +48 +49 +41 +42 +50 +51 +52 +53 +54 +55 +56 +41 +42 +57 +41 +42 +58 +59 $
>CP022724
+40 +41 +42 +43 +44 +45 -2 +46 +47 +48 +49 +41 +42 +50 +51 +52 +53 +54 +55 +56 +41 +42 +57 +41 +42 +58 +59 +1 +2 +3 +4 +5 +6 +2 +7 +8 +9 +10 +11 +12 +13 +14 +15 +16 +17 +18 +19 +2 +20 +21 +22 +23 +24 +25 +26 +27 +28 +29 +30 +31 +32 +33 +34 +35 +36 +37 +2 -55 -54 +2 +38 +39 $
>CP035497
+1 +2 +3 +4 +5 +6 +2 +7 +8 +9 +10 +11 +12 +13 +14 +15 +16 +17 +18 +19 +2 +20 +21 +22 +23 +24 +25 +26 +27 +28 +29 +30 +31 +32 +33 +34 +35 +36 +37 +2 -55 -54 +2 +38 +39 +40 +41 +42 +43 +44 +45 -2 +46 +47 +48 +49 +41 +42 +50 +51 +52 +53 +54 +55 +41 +42 +58 +59 $
>CP042940
+5 +6 +2 +7 +8 +9 +10 +11 +12 +13 +14 +15 +16 +17 +18 +19 +2 +20 +21 +22 +23 +24 +25 +26 +27 +28 +29 +30 +31 +32 +33 +34 +35 +36 +37 +2 -55 -54 +2 +38 +39 +40 +41 +42 +43 +44 +45 -2 +46 +47 +48 +49 +41 +42 +50 +51 +52 +53 +54 +55 +56 +41 +42 +57 +41 +42 +58 +59 +1 +2 +3 +4 $
>CP001213
+1 +2 +3 +4 +5 +6 +2 +7 +8 +9 +10 +11 +12 +13 +14 +15 +16 +17 +18 +19 +2 +20 +21 +22 +23 +24 +25 +43 +44 +45 -2 +46 +47 +48 +49 -57 -42 -41 -56 -55 -54 +2 +38 +39 +40 +41 +42 +50 +51 +52 +53 +54 +55 -7 -2 -37 -36 +36 -35 -34 -33 +27 +28 +29 +30 +31 +32 +58 +59 $
>CP004053
+1 +2 +3 +4 +5 +6 +2 +7 +8 +9 +10 +11 +12 +13 +14 +15 +16 +17 +18 +19 +2 +20 +21 +22 +23 +24 +25 +26 +27 +28 +29 +30 +31 +32 +33 +34 +35 +36 +37 +2 +38 +39 +40 +41 +42 +43 +44 +45 -2 +46 +47 +48 +49 +41 +42 +50 +51 +52 +53 +54 +55 +56 +41 +42 +57 +41 +42 +58 +59 $
>CP031703
-13 -12 -11 -10 -9 -8 -7 -2 -6 -5 -4 -3 -2 -1 -59 -58 -42 -41 -57 -42 -41 -56 -55 -54 -53 -52 -51 -50 -42 -41 -49 -48 -47 -46 +2 -45 -44 -43 -42 -41 -40 -39 -38 -2 +54 +55 -2 -37 -36 -35 -34 -33 -32 -31 -30 -29 -28 -27 -26 -25 -24 -23 -22 -21 -20 -2 -19 -18 -17 -16 -15 -14 $
>CP047190
+1 +2 +3 +4 +5 +6 +2 +7 +8 +9 +10 +11 +12 +13 +14 +15 +16 +17 +18 +19 +2 +20 +21 +22 +23 +24 +25 +26 +27 +28 +29 +30 +31 +32 +33 +34 +35 +36 +37 +2 -55 -54 -54 +2 +38 +39 +40 +41 +42 +43 +44 +45 -2 +46 +47 +48 +49 +41 +42 +50 +51 +52 +53 +54 +55 +56 +41 +42 +58 +59 $
>CP001853
-54 +2 +38 +39 +40 +41 +42 +43 +44 +45 -2 +46 +47 +48 +49 +41 +42 +50 +51 +52 +53 +54 +55 +56 +41 +42 +57 +41 +42 +58 +59 +1 +2 +3 +4 +5 +6 +2 +7 +8 +9 +10 +11 +12 +13 +14 +15 +16 +17 +18 +19 +2 +20 +21 +22 +23 +24 +25 +26 +27 +28 +29 +30 +31 +32 +33 +34 +35 +36 +37 +2 -55 $
>CP001606
+1 +2 +3 +4 +5 +6 +2 +7 +8 +9 +10 +11 +12 +13 +14 +15 +16 +17 +18 +19 +2 +20 +21 +22 +23 +24 +25 +26 +27 +28 +29 +30 +31 +32 +33 +34 +35 +36 +37 +2 +38 +39 +40 +41 +42 +43 +44 +45 -2 +46 +47 +48 +49 +41 +42 +50 +51 +52 +53 +54 +55 +56 +41 +42 +57 +41 +42 +58 +59 $
>CP002915
+1 +2 +3 +4 +5 +6 +2 +7 +8 +9 +10 +11 +12 +13 +14 +15 +16 +17 +18 +19 +2 +20 +21 +22 +23 +24 +25 +26 +27 +28 +29 +30 +31 +32 +33 +34 +35 +36 +37 +2 -55 -54 +2 +38 +39 +40 +41 +42 +43 +44 +45 -2 +46 +47 +48 +49 +41 +42 +50 +51 +52 +53 +54 +55 +56 +41 +42 +57 +41 +42 +58 +59 $
