>CP003497_1
+1 +3 +4 +5 +6 +8 +9 +10 +11 +12 +13 +14 +15 +16 +17 +18 +19 +20 +21 +22 +23 +24 +25 +27 +28 +29 +30 +31 +32 +33 +34 +35 +37 +38 +39 +40 +43 +44 +45 +46 +47 +48 +49 +50 +51 +52 +53 +58 +59
>CP003039_2
+1 +3 +4 +5 +6 +8 +9 +10 +11 +12 +13 +14 +15 +16 +17 +18 +19 +20 +21 +22 +23 +24 +25 +27 +28 +29 +30 +31 +32 +33 +34 +35 +37 +38 +39 +40 +43 +44 +45 +46 +47 +48 +49 +50 +51 +52 +53 +58 +59
>CP007522_1
+1 +3 +4 +5 +6 +8 +9 +10 +11 +12 +13 +14 +15 +16 +17 +18 +19 +20 +21 +22 +23 +24 +25 +27 +28 +29 +30 +31 +32 +33 +34 +35 +37 +38 +39 +40 +43 +44 +45 +46 +47 +48 +49 +50 +51 +52 +53 +58 +59
>CP003498_1
+1 +3 +4 +5 +6 +8 +9 +10 +11 +12 +13 +14 +15 +16 +17 +18 +19 +20 +21 +22 +23 +24 +25 +27 +28 +29 +30 +31 +32 +33 +34 +35 +37 +38 +39 +40 +43 +44 +45 +46 +47 +48 +49 +50 +51 +52 +53 +58 +59
>CP001515_1
+1 +3 +4 +5 +6 +8 +9 +10 +11 +12 +13 +14 +15 +16 +17 +18 +19 +20 +21 +22 +23 +24 +25 +27 +28 +29 +30 +31 +32 +33 +34 +35 +37 +38 +39 +40 +43 +44 +45 +46 +47 +48 +49 +50 +51 +52 +53 +58 +59
>CP009045_1
+1 +3 +4 +5 +6 +8 +9 +10 +11 +12 +13 +14 +15 +16 +17 +18 +19 +20 +21 +22 +23 +24 +25 +27 +28 +29 +30 +31 +32 +33 +34 +35 +37 +38 +39 +40 +43 +44 +45 +46 +47 +48 +49 +50 +51 +52 +53 +58 +59
>CP007755_1
+1 +3 +4 +5 +6 +8 +9 +10 +11 +12 +13 +14 +15 +16 +17 +18 +19 +20 +21 +22 +23 +24 +25 +27 +28 +29 +30 +31 +32 +33 +34 +35 +37 +38 +39 +40 +43 +44 +45 +46 +47 +48 +49 +50 +51 +52 +53 +58 +59
>CP031154_1
+1 +3 +4 +5 +6 +8 +9 +10 +11 +12 +13 +14 +15 +16 +17 +18 +19 +20 +21 +22 +23 +24 +25 +27 +28 +29 +30 +31 +32 +33 +34 +35 +37 +38 +39 +40 +43 +44 +45 +46 +47 +48 +49 +50 +51 +52 +53 +58 +59
>CP010433_1
+1 +3 +4 +5 +6 +8 +9 +10 +11 +12 +13 +14 +15 +16 +17 +18 +19 +20 +21 +22 +23 +24 +25 +27 +28 +29 +30 +31 +32 +33 +34 +35 +37 +38 +39 +40 +43 +44 +45 +46 +47 +48 +49 +50 +51 +52 +53 +58 +59
>CP017098_1
+1 +3 +4 +5 +6 +8 +9 +10 +11 +12 +13 +14 +15 +16 +17 +18 +19 +20 +21 +22 +23 +24 +25 +27 +28 +29 +30 +31 +32 +33 +34 +35 +37 +38 +39 +40 +43 +44 +45 +46 +47 +48 +49 +50 +51 +52 +53 +58 +59
>LR699002_1
+1 +3 +4 +5 +6 +8 +9 +10 +11 +12 +13 +14 +15 +16 +17 +18 +19 +20 +21 +22 +23 +24 +25 +27 +28 +29 +30 +31 +32 +33 +34 +35 +37 +38 +39 +40 +43 +44 +45 +46 +47 +48 +49 +50 +51 +52 +53 +58 +59
>CP001892_1
+1 +3 +4 +5 +6 +8 +9 +10 +11 +12 +13 +14 +15 +16 +17 +18 +19 +20 +21 +22 +23 +24 +25 +27 +28 +29 +30 +31 +32 +33 +34 +35 +37 +38 +39 +40 +43 +44 +45 +46 +47 +48 +49 +50 +51 +52 +53 +58 +59
>CP022724_1
+1 +3 +4 +5 +6 +8 +9 +10 +11 +12 +13 +14 +15 +16 +17 +18 +19 +20 +21 +22 +23 +24 +25 +27 +28 +29 +30 +31 +32 +33 +34 +35 +37 +38 +39 +40 +43 +44 +45 +46 +47 +48 +49 +50 +51 +52 +53 +58 +59
>CP035497_1
+1 +3 +4 +5 +6 +8 +9 +10 +11 +12 +13 +14 +15 +16 +17 +18 +19 +20 +21 +22 +23 +24 +25 +27 +28 +29 +30 +31 +32 +33 +34 +35 +37 +38 +39 +40 +43 +44 +45 +46 +47 +48 +49 +50 +51 +52 +53 +58 +59
>CP042940_1
+1 +3 +4 +5 +6 +8 +9 +10 +11 +12 +13 +14 +15 +16 +17 +18 +19 +20 +21 +22 +23 +24 +25 +27 +28 +29 +30 +31 +32 +33 +34 +35 +37 +38 +39 +40 +43 +44 +45 +46 +47 +48 +49 +50 +51 +52 +53 +58 +59
>CP001213_1
+1 +3 +4 +5 +6 +8 +9 +10 +11 +12 +13 +14 +15 +16 +17 +18 +19 +20 +21 +22 +23 +24 +25 +43 +44 +45 +46 +47 +48 +49 +38 +39 +40 +50 +51 +52 +53 -37 -35 -34 -33 +27 +28 +29 +30 +31 +32 +58 +59
>CP004053_1
+1 +3 +4 +5 +6 +8 +9 +10 +11 +12 +13 +14 +15 +16 +17 +18 +19 +20 +21 +22 +23 +24 +25 +27 +28 +29 +30 +31 +32 +33 +34 +35 +37 +38 +39 +40 +43 +44 +45 +46 +47 +48 +49 +50 +51 +52 +53 +58 +59
>CP031703_1
+1 +3 +4 +5 +6 +8 +9 +10 +11 +12 +13 +14 +15 +16 +17 +18 +19 +20 +21 +22 +23 +24 +25 +27 +28 +29 +30 +31 +32 +33 +34 +35 +37 +38 +39 +40 +43 +44 +45 +46 +47 +48 +49 +50 +51 +52 +53 +58 +59
>CP047190_1
+1 +3 +4 +5 +6 +8 +9 +10 +11 +12 +13 +14 +15 +16 +17 +18 +19 +20 +21 +22 +23 +24 +25 +27 +28 +29 +30 +31 +32 +33 +34 +35 +37 +38 +39 +40 +43 +44 +45 +46 +47 +48 +49 +50 +51 +52 +53 +58 +59
>CP001853_1
+1 +3 +4 +5 +6 +8 +9 +10 +11 +12 +13 +14 +15 +16 +17 +18 +19 +20 +21 +22 +23 +24 +25 +27 +28 +29 +30 +31 +32 +33 +34 +35 +37 +38 +39 +40 +43 +44 +45 +46 +47 +48 +49 +50 +51 +52 +53 +58 +59
>CP001606_1
+1 +3 +4 +5 +6 +8 +9 +10 +11 +12 +13 +14 +15 +16 +17 +18 +19 +20 +21 +22 +23 +24 +25 +27 +28 +29 +30 +31 +32 +33 +34 +35 +37 +38 +39 +40 +43 +44 +45 +46 +47 +48 +49 +50 +51 +52 +53 +58 +59
>CP002915_1
+1 +3 +4 +5 +6 +8 +9 +10 +11 +12 +13 +14 +15 +16 +17 +18 +19 +20 +21 +22 +23 +24 +25 +27 +28 +29 +30 +31 +32 +33 +34 +35 +37 +38 +39 +40 +43 +44 +45 +46 +47 +48 +49 +50 +51 +52 +53 +58 +59
