>CP022559_1
+1 +2 +5 +6 +7 -39 -38 -37 -36 -33 +44 +45 +46 +47 +50 +52 +53 +54 +55 +56 +57 +58 +59 +60 +61 +66 +69 +70 +71 +72 +73 +74 +75 +79 +80 +82 +83 +84 +85 +86 +87 +90 +92 +98 +99 +100 +101 +102 +103 +104 +105 +108 +131 +132 +133 +134 +135 +136 +137 +138 +139 +140 +141 +143 +144 +146 +147 +148 +149 +150 +151 +153 +154 +155 +158 +159 +160 +162 +163 +165 +166 +167 +168 +169 +171 +172 +173 +175 +176 +177 +179 +180 +181 +182 +183 +184 +186 +187 +189 +190 +191 +192 +193 +194 +196 +197 +198 +199 +200 +201 +202 +203 +204 +215 +216 +219 +244 +245 +246 +247 +248 +249 +250 +251 +252 +253 +254 +255 +257 +263 +277 +279 +280 +281 $
>CP012220_1
+1 +2 +5 +6 +7 -39 -38 -37 -36 -33 +44 +45 +46 +47 +50 +52 +53 +54 +55 +56 +57 +58 +59 +60 +61 +66 +69 +70 +71 +72 +73 +74 +75 +79 +80 +82 +83 +84 +85 +86 +87 +90 +92 +98 +99 +100 +101 +102 +103 +104 +105 +108 +131 +132 +133 +134 +135 +136 -139 -138 -137 +140 +141 +143 +144 +146 +147 +148 +149 +150 +151 +153 +154 +155 +158 +159 +160 +162 +163 +165 +166 +167 +168 +169 +171 +172 +173 +175 +176 +177 +179 +180 +181 +182 +183 +184 +186 +187 +189 +190 +191 +192 +193 +194 +196 +197 +198 +199 +200 +201 +202 +203 +204 +215 +216 +219 +244 +245 +246 +247 +248 +249 +250 +251 +252 +253 +254 +255 +257 +263 +277 +279 +280 +281 $
>CP022077_1
+1 +2 +5 +6 +7 +33 +36 +37 +38 +39 +44 +45 +46 +47 +50 +52 +53 +54 +55 +56 +57 +58 +59 +60 +61 +66 +69 +70 +71 +72 +73 +74 +75 +79 +80 +82 +83 +84 +85 +86 +87 +90 +92 +98 +99 +100 +101 +102 +103 +104 +105 +108 +131 +132 +133 +134 +135 +136 +137 +138 +139 +140 +141 +143 +144 +146 +147 +148 +149 +150 +151 +153 +154 +155 +158 +159 +160 +162 +163 +165 +166 +167 +168 +169 +171 +172 +173 +175 +176 +177 +179 +180 +181 +182 +183 +184 +186 +187 +189 +190 +191 +192 +193 +194 +196 +197 +198 +199 +200 +201 +202 +203 +204 +215 +216 +219 +244 +245 +246 +247 +248 +249 +250 +251 +252 +253 +254 +255 +257 +263 +277 +279 +280 +281 $
>CP023343_1
+1 +2 +5 +6 +7 -39 -38 -37 -36 -33 +44 +45 +46 +47 +50 +52 +53 +54 +55 +56 +57 +58 +59 +60 +61 +66 +69 +70 +71 +72 +73 +74 +75 +79 +80 +82 +83 +84 +85 +86 +87 +90 +92 +98 +99 +100 +101 +102 +103 +104 +105 +108 +131 +132 +133 +134 +135 +136 +137 +138 +139 +140 +141 +143 +144 +146 +147 +148 +149 +150 +151 +153 +154 +155 +158 +159 +160 +162 +163 +165 +166 +167 +168 +169 +171 +172 +173 +175 +176 +177 +179 +180 +181 +182 +183 +184 +186 +187 +189 +190 +191 +192 +193 +194 +196 +197 +198 +199 +200 +201 +202 +203 +204 +215 +216 +219 +244 +245 +246 +247 +248 +249 +250 +251 +252 +253 +254 +255 +257 +263 +277 +279 +280 +281 $
>CP022439_1
+1 +2 +5 +6 +7 -39 -38 -37 -36 -33 +44 +45 +46 +47 +50 +52 +53 +54 +55 +56 +57 +58 +59 +60 +61 +66 +69 +70 +71 +72 +73 +74 +75 +79 +80 +82 +83 +84 +85 +86 +87 +90 +92 +98 +99 +100 +101 +102 +103 +104 +105 +108 +131 +132 +133 +134 +135 +136 +137 +138 +139 +140 +141 +143 +144 +146 +147 +148 +149 +150 +151 +153 +154 +155 +158 +159 +160 +162 +163 +165 +166 +167 +168 +169 +171 +172 +173 +175 +176 +177 +179 +180 +181 +182 +183 +184 +186 +187 +189 +190 +191 +192 +193 +194 +196 +197 +198 +199 +200 +201 +202 +203 +204 +215 +216 +219 +244 +245 +246 +247 +248 +249 +250 +251 +252 +253 +254 +255 +257 +263 +277 +279 +280 +281 $
>CP000814_1
+1 +2 +5 +6 +7 -39 -38 -37 -36 -33 +44 +45 +46 +47 +50 +52 +53 +54 +55 +56 +57 +58 +59 +60 +61 +66 +69 +70 +71 +72 +73 +74 +75 +79 +80 +82 +83 +84 +85 +86 +87 +90 +92 +98 +99 +100 +101 +102 +103 +104 +105 +108 +131 +132 +133 +134 +135 +136 +137 +138 +139 +140 +141 +143 +144 +146 +147 +148 +149 +150 +151 +153 +154 +155 +158 +159 +160 +162 +163 +165 +166 +167 +168 +169 +171 +172 +173 +175 +176 +177 +179 +180 +181 +182 +183 +184 +186 +187 +189 +190 +191 +192 +193 +194 +196 +197 +198 +199 +200 +201 +202 +203 +204 +215 +216 +219 +244 +245 +246 +247 +248 +249 +250 +251 +252 +253 +254 +255 +257 +263 +277 +279 +280 +281 $
>CP017229_1
+1 +2 +5 +6 +7 -39 -38 -37 -36 -33 +44 +45 +46 +47 +50 +52 +53 +54 +55 +56 +57 +58 +59 +60 +61 +66 +69 +70 +71 +72 +73 +74 +75 +79 +80 +82 +83 +84 +85 +86 +87 +90 +92 +98 +99 +100 +101 +102 +103 +104 +105 +108 +131 +132 +133 +134 +135 +136 +137 +138 +139 +140 +141 +143 +144 +146 +147 +148 +149 +150 +151 +153 +154 +155 +158 +159 +160 +162 +163 +165 +166 +167 +168 +169 +171 +172 +173 +175 +176 +177 +179 +180 +181 +182 +183 +184 +186 +187 +189 +190 +191 +192 +193 +194 +196 +197 +198 +199 +200 +201 +202 +203 +204 +215 +216 +219 +244 +245 +246 +247 +248 +249 +250 +251 +252 +253 +254 +255 +257 +263 +277 +279 +280 +281 $
>CP012214_1
+1 +2 +5 +6 +7 -39 -38 -37 -36 -33 +44 +45 +46 +47 +50 +52 +53 +54 +55 +56 +57 +58 +59 +60 +61 +66 +69 +70 +71 +72 +73 +74 +75 +79 +80 +82 +83 +84 +85 +86 +87 +90 +92 +98 +99 +100 +101 +102 +103 +104 +105 +108 +131 +132 +133 +134 +135 +136 +137 +138 +139 +140 +141 +143 +144 +146 +147 +148 +149 +150 +151 +153 +154 +155 +158 +159 +160 +162 +163 +165 +166 +167 +168 +169 +171 +172 +173 +175 +176 +177 +179 +180 +181 +182 +183 +184 +186 +187 +189 +190 +191 +192 +193 +194 +196 +197 +198 +199 +200 +201 +202 +203 +204 +215 +216 +219 +244 +245 +246 +247 +248 +249 +250 +251 +252 +253 +254 +255 +257 +263 +277 +279 +280 +281 $
>CP001900_1
+1 +2 +5 +6 +7 -39 -38 -37 -36 -33 +44 +45 +46 +47 +50 +52 +53 +54 +55 +56 +57 +58 +59 +60 +61 +66 +69 +70 +71 +72 +73 +74 +75 +79 +80 +82 +83 +84 +85 +86 +87 +90 +92 +98 +99 +100 +101 +102 +103 +104 +105 +108 +131 +132 +133 +134 +135 +136 +137 +138 +139 +140 +141 +143 +144 +146 +147 +148 +149 +150 +151 +153 +154 +155 +158 +159 +160 +162 +163 +165 +166 +167 +168 +169 +171 +172 +173 +175 +176 +177 +179 +180 +181 +182 +183 +184 +186 +187 +189 +190 +191 +192 +193 +194 +196 +197 +198 +199 +200 +201 +202 +203 +204 +215 +216 +219 +244 +245 +246 +247 +248 +249 +250 +251 +252 +253 +254 +255 +257 +263 +277 +279 +280 +281 $
>CP023543_1
+1 +2 +5 +6 +7 -39 -38 -37 -36 -33 +44 +45 +46 +47 +50 +52 +53 +54 +55 +56 +57 +58 +59 +60 +61 +66 +69 +70 +71 +72 +73 +74 +75 +79 +80 +82 +83 +84 +85 +86 +87 +90 +92 +98 +99 +100 +101 +102 +103 +104 +105 +108 +131 +132 +133 +134 +135 +136 +137 +138 +139 +140 +141 +143 +144 +146 +147 +148 +149 +150 +151 +153 +154 +155 +158 +159 +160 +162 +163 +165 +166 +167 +168 +169 +171 +172 +173 +175 +176 +177 +179 +180 +181 +182 +183 +184 +186 +187 +189 +190 +191 +192 +193 +194 +196 +197 +198 +199 +200 +201 +202 +203 +204 +215 +216 +219 +244 +245 +246 +247 +248 +249 +250 +251 +252 +253 +254 +255 +257 +263 +277 +279 +280 +281 $
>CP028911_1
+1 +2 +5 +6 +7 -39 -38 -37 -36 -33 +44 +45 +46 +47 +50 +52 +53 +54 +55 +56 +57 +58 +59 +60 +61 +66 +69 +70 +71 +72 +73 +74 +75 +79 +80 +82 +83 +84 +85 +86 +87 +90 +92 +98 +99 +100 +101 +102 +103 +104 +105 +108 +131 +132 +133 +134 +135 +136 +137 +138 +139 +140 +141 +143 +144 +146 +147 +148 +149 +150 +151 +153 +154 +155 +158 +159 +160 +162 +163 +165 +166 +167 +168 +169 +171 +172 +173 +175 +176 +177 +179 +180 +181 +182 +183 +184 +186 +187 +189 +190 +191 +192 +193 +194 +196 +197 +198 +199 +200 +201 +202 +203 +204 +215 +216 +219 +244 +245 +246 +247 +248 +249 +250 +251 +252 +253 +254 +255 +257 +263 +277 +279 +280 +281 $
>CP007751_1
+1 +2 +5 +6 +7 -39 -38 -37 -36 -33 +44 +45 +46 +47 +50 +52 +53 +54 +55 +56 +57 +58 +59 +60 +61 +66 +69 +70 +71 +72 +73 +74 +75 +79 +80 +82 +83 +84 +85 +86 +87 +90 +92 +98 +99 +100 +101 +102 +103 +104 +105 +108 +131 +132 +133 +134 +135 +136 +137 +138 +139 +140 +141 +143 +144 +146 +147 +148 +149 +150 +151 +153 +154 +155 +158 +159 +160 +162 +163 +165 +166 +167 +168 +169 +171 +172 +173 +175 +176 +177 +179 +180 +181 +182 +183 +184 +186 +187 +189 +190 +191 +192 +193 +194 +196 +197 +198 +199 +200 +201 +202 +203 +204 +215 +216 +219 +244 +245 +246 +247 +248 +249 +250 +251 +252 +253 +254 +255 +257 +263 +277 +279 +280 +281 $
>CP006688_1
+1 +2 +5 +6 +7 -39 -38 -37 -36 -33 +44 +45 +46 +47 +50 +52 +53 +54 +55 +56 +57 +58 +59 +60 +61 +66 +69 +70 +71 +72 +73 +74 +75 +79 +80 +82 +83 +84 +85 +86 +87 +90 +92 +98 +99 +100 +101 +102 +103 +104 +105 +108 +131 +132 +133 +134 +135 +136 +137 +138 +139 +140 +141 +143 +144 +146 +147 +148 +149 +150 +151 +153 +154 +155 +158 +159 +160 +162 +163 +165 +166 +167 +168 +169 +171 +172 +173 +175 +176 +177 +179 +180 +181 +182 +183 +184 +186 +187 +189 +190 +191 +192 +193 +194 +196 +197 +198 +199 +200 +201 +202 +203 +204 +215 +216 +219 +244 +245 +246 +247 +248 +249 +250 +251 +252 +253 +254 +255 +257 +263 +277 +279 +280 +281 $
>CP007188_1
+1 +2 +5 +6 +7 -39 -38 -37 -36 -33 +44 +45 +46 +47 +50 +52 +53 +54 +55 +56 +57 +58 +59 +60 +61 +66 +69 +70 +71 +72 +73 +74 +75 +79 +80 +82 +83 +84 +85 +86 +87 +90 +92 +98 +99 +100 +101 +102 +103 +104 +105 +108 +131 +132 +133 +134 +135 +136 +137 +138 +139 +140 +141 +143 +144 +146 +147 +148 +149 +150 +151 +153 +154 +155 +158 +159 +160 +162 +163 +165 +166 +167 +168 +169 +171 +172 +173 +175 +176 +177 +179 +180 +181 +182 +183 +184 +186 +187 +189 +190 +191 +192 +193 +194 +196 +197 +198 +199 +200 +201 +202 +203 +204 +215 +216 +219 +244 +245 +246 +247 +248 +249 +250 +251 +252 +253 +254 +255 +257 +263 +277 +279 +280 +281 $
>CP041584_1
+1 +2 +5 +6 +7 -39 -38 -37 -36 -33 +44 +45 +46 +47 +50 +52 +53 +54 +55 +56 +57 +58 +59 +60 +61 +66 +69 +70 +71 +72 +73 +74 +75 +79 +80 +82 +83 +84 +85 +86 +87 +90 +92 +98 +99 +100 +101 +102 +103 +104 +105 +108 +131 +132 +133 +134 +135 +136 +137 +138 +139 +140 +141 +143 +144 +146 +147 +148 +149 +150 +151 +153 +154 +155 +158 +159 +160 +162 +163 +165 +166 +167 +168 +169 +171 +172 +173 +175 +176 +177 +179 +180 +181 +182 +183 +184 +186 +187 +189 +190 +191 +192 +193 +194 +196 +197 +198 +199 +200 +201 +202 +203 +204 +215 +216 +219 +244 +245 +246 +247 +248 +249 +250 +251 +252 +253 +254 +255 +257 +263 +277 +279 +280 +281 $
>CP020776_1
+1 +2 +5 +6 +7 +33 +36 +37 +38 +39 +44 +45 +46 +47 +50 +52 +53 +54 +55 +56 +57 +58 +59 +60 +61 +66 +69 +70 +71 +72 +73 +74 +75 +79 +80 +82 +83 +84 +85 +86 +87 +90 +92 +98 +99 +100 +101 +102 +103 +104 +105 +108 +131 +132 +133 +134 +135 +136 +137 +138 +139 +140 +141 +143 +144 +146 +147 +148 +149 +150 +151 +153 +154 +155 +158 +159 +160 +162 +163 +165 +166 +167 +168 +169 +171 +172 +173 +175 +176 +177 +179 +180 +181 +182 +183 +184 +186 +187 +189 +190 +191 +192 +193 +194 +196 +197 +198 +199 +200 +201 +202 +203 +204 +215 +216 +219 +244 +245 +246 +247 +248 +249 +250 +251 +252 +253 +254 +255 +257 +263 +277 +279 +280 +281 $
>CP012217_1
+1 +2 +5 +6 +7 +71 +72 +73 +74 +75 +79 +80 +82 +83 +84 +85 +86 +87 +90 +92 +98 +99 +100 +101 +102 +103 +104 +105 +108 +131 +132 +133 +134 +135 +136 +137 +138 +139 +140 +141 +143 +144 +146 +147 +148 +149 +150 +151 +153 +154 +155 +158 +159 +160 +162 +163 +165 +166 +167 +168 +169 +171 +172 +173 +175 +176 +177 +179 +180 +181 +182 +183 +184 +186 +187 +189 +190 +191 +192 +193 +194 +196 +197 +198 +199 +200 +201 +202 +203 +204 +215 +216 +219 +244 +245 +246 +247 +248 +249 +250 +251 +252 +253 +254 +255 +257 -39 -38 -37 -36 -33 +44 +45 +46 +47 +50 +52 +53 +54 +55 +56 +57 +58 +59 +60 +61 +66 +69 +70 +263 +277 +279 +280 +281 $
>CP027403_1
+1 +2 +5 +6 +7 -39 -38 -37 -36 -33 -219 -216 -215 -204 -203 -202 -201 -200 -199 -198 -197 -196 -194 -193 -192 -191 -190 -189 -187 -186 -184 -183 -182 -181 -180 -179 -177 -176 -175 -173 -172 -171 -169 -168 -167 -166 -165 -163 -162 -160 -159 -158 -155 -151 -150 -149 -148 +143 +144 +146 +147 -102 -101 -100 -99 -98 +153 +154 -141 -140 -139 -138 -137 -136 -135 -134 -133 -132 -131 -108 -105 -104 -103 -92 -90 -87 -86 -85 -84 -83 -82 -80 -79 -75 -74 -73 -72 -71 -70 -69 -66 -61 -60 -59 -58 -57 -56 -55 -54 -53 -52 -50 -47 -46 -45 -44 +244 +245 +246 +247 +248 +249 +250 +251 +252 +253 +254 +255 +257 +263 +277 +279 +280 +281 $
>CP007190_1
+1 +2 +5 +6 +7 -39 -38 -37 -36 -33 +44 +45 +46 +47 +50 +52 +53 +54 +55 +56 +57 +58 +59 +60 +61 +66 +69 +70 +71 +72 +73 +74 +75 +79 +80 +82 +83 +84 +85 +86 +87 +90 +92 +98 +99 +100 +101 +102 +103 +104 +105 +108 +131 +132 +133 +134 +135 +136 +137 +138 +139 +140 +141 +143 +144 +146 +147 +148 +149 +150 +151 +153 +154 +155 +158 +159 +160 +162 +163 +165 +166 +167 +168 +169 +171 +172 +173 +175 +176 +177 +179 +180 +181 +182 +183 +184 +186 +187 +189 +190 +191 +192 +193 +194 +196 +197 +198 +199 +200 +201 +202 +203 +204 +215 +216 +219 +244 +245 +246 +247 +248 +249 +250 +251 +252 +253 +254 +255 +257 +263 +277 +279 +280 +281 $
>CP006686_1
+1 +2 +5 +6 +7 -39 -38 -37 -36 -33 +44 +45 +46 +47 +50 +52 +53 +54 +55 +56 +57 +58 +59 +60 +61 +66 +69 +70 +71 +72 +73 +74 +75 +79 +80 +82 +83 +84 +85 +86 +87 +90 +92 +98 +99 +100 +101 +102 +103 +104 +105 +108 +131 +132 +133 +134 +135 +136 +137 +138 +139 +140 +141 +143 +144 +146 +147 +148 +149 +150 +151 +153 +154 +155 +158 +159 +160 +162 +163 +165 +166 +167 +168 +169 +171 +172 +173 +175 +176 +177 +179 +180 +181 +182 +183 +184 +186 +187 +189 +190 +191 +192 +193 +194 +196 +197 +198 +199 +200 +201 +202 +203 +204 +215 +216 +219 +244 +245 +246 +247 +248 +249 +250 +251 +252 +253 +254 +255 +257 +263 +277 +279 +280 +281 $
>CP012224_1
+1 +2 +5 +6 +7 -39 -38 -37 -36 -33 +44 +45 +46 +47 +50 +52 +53 +54 +55 +56 +57 +58 +59 +60 +61 +66 +69 +70 +71 +72 +73 +74 +75 +79 +80 +82 +83 +84 +85 +86 +87 +90 +92 +98 +99 +100 +101 +102 +103 +104 +105 +108 +131 +132 +133 +134 +135 +136 +137 +138 +139 +140 +141 +143 +144 +146 +147 +148 +149 +150 +151 +153 +154 +155 +158 +159 +160 +162 +163 +165 +166 +167 +168 +169 +171 +172 +173 +175 +176 +177 +179 +180 +181 +182 +183 +184 +186 +187 +189 +190 +191 +192 +193 +194 +196 +197 +198 +199 +200 +201 +202 +203 +204 +215 +216 +219 +244 +245 +246 +247 +248 +249 +250 +251 +252 +253 +254 +255 +257 +263 +277 +279 +280 +281 $
>CP005388_1
+1 +2 +5 +6 +7 -39 -38 -37 -36 -33 +44 +45 +46 +47 +50 +52 +53 +54 +55 +56 +57 +58 +59 +60 +61 +66 +69 +70 +71 +72 +73 +74 +75 +79 +80 +82 +83 +84 +85 +86 +87 +90 +92 +98 +99 +100 +101 +102 +103 +104 +105 +108 +131 +132 +133 +134 +135 +136 +137 +138 +139 +140 +141 +143 +144 +146 +147 +148 +149 +150 +151 +153 +154 +155 +158 +159 +160 +162 +163 +165 +166 +167 +168 +169 +171 +172 +173 +175 +176 +177 +179 +180 +181 +182 +183 +184 +186 +187 +189 +190 +191 +192 +193 +194 +196 +197 +198 +199 +200 +201 +202 +203 +204 +215 +216 +219 +244 +245 +246 +247 +248 +249 +250 +251 +252 +253 +254 +255 +257 +263 +277 +279 +280 +281 $
>CP022440_1
+1 +2 +5 +6 +7 -39 -38 -37 -36 -33 +44 +45 +46 +47 +50 +52 +53 +54 +55 +56 +57 +58 +59 +60 +61 +66 +69 +70 +71 +72 +73 +74 +75 +79 +80 +82 +83 +84 +85 +86 +87 +90 +92 +98 +99 +100 +101 +102 +103 +104 +105 +108 +131 +132 +133 +134 +135 +136 +137 +138 +139 +140 +141 +143 +144 +146 +147 +148 +149 +150 +151 +153 +154 +155 +158 +159 +160 +162 +163 +165 +166 +167 +168 +169 +171 +172 +173 +175 +176 +177 +179 +180 +181 +182 +183 +184 +186 +187 +189 +190 +191 +192 +193 +194 +196 +197 +198 +199 +200 +201 +202 +203 +204 +215 +216 +219 +244 +245 +246 +247 +248 +249 +250 +251 +252 +253 +254 +255 +257 +263 +277 +279 +280 +281 $
>CP028910_1
+1 +2 +5 +6 +7 +33 +36 +37 +38 +39 +44 +45 +46 +47 +50 +52 +53 +54 +55 +56 +57 +58 +59 +60 +61 +66 +69 +70 +71 +72 +73 +74 +75 +79 +80 +82 +83 +84 +85 +86 +87 +90 +92 +98 +99 +100 +101 +102 +103 +104 +105 +108 +131 +132 +133 +134 +135 +136 +137 +138 +139 +140 +141 +143 +144 +146 +147 +148 +149 +150 +151 +153 +154 +155 +158 +159 +160 +162 +163 +165 +166 +167 +168 +169 +171 +172 +173 +175 +176 +177 +179 +180 +181 +182 +183 +184 +186 +187 +189 +190 +191 +192 +193 +194 +196 +197 +198 +199 +200 +201 +202 +203 +204 +215 +216 +219 +244 +245 +246 +247 +248 +249 +250 +251 +252 +253 +254 +255 +257 +263 +277 +279 +280 +281 $
>LR134497_1
+1 +2 +5 +6 +7 -39 -38 -37 -36 -33 +44 +45 +46 +47 +50 +52 +53 +54 +55 +56 +57 +58 +59 +60 +61 +66 +69 +70 +71 +72 +73 +74 +75 +79 +80 +82 +83 +84 +85 +86 +87 +90 +92 +98 +99 +100 +101 +102 +103 +104 +105 +108 +131 +132 +133 +134 +135 +136 +137 +138 +139 +140 +141 +143 +144 +146 +147 +148 +149 +150 +151 +153 +154 +155 +158 +159 +160 +162 +163 +165 +166 +167 +168 +169 +171 +172 +173 +175 +176 +177 +179 +180 +181 +182 +183 +184 +186 +187 +189 +190 +191 +192 +193 +194 +196 +197 +198 +199 +200 +201 +202 +203 +204 +215 +216 +219 +244 +245 +246 +247 +248 +249 +250 +251 +252 +253 +254 +255 +257 +263 +277 +279 +280 +281 $
>CP017860_1
+1 +2 +5 +6 +7 -39 -38 -37 -36 -33 +44 +45 +46 +47 +50 +52 +53 +54 +55 +56 +57 +58 +59 +60 +61 +66 +69 +70 +71 +72 +73 +74 +75 +79 +80 +82 +83 +84 +85 +86 +87 +90 +92 +98 +99 +100 +101 +102 +103 +104 +105 +108 +131 +132 +133 +134 +135 +136 +137 +138 +139 +140 +141 +143 +144 +146 +147 +148 +149 +150 +151 +153 +154 +155 +158 +159 +160 +162 +163 +165 +166 +167 +168 +169 +171 +172 +173 +175 +176 +177 +179 +180 +181 +182 +183 +184 +186 +187 +189 +190 +191 +192 +193 +194 +196 +197 +198 +199 +200 +201 +202 +203 +204 +215 +216 +219 +244 +245 +246 +247 +248 +249 +250 +251 +252 +253 +254 +255 +257 +263 +277 +279 +280 +281 $
>CP006687_1
+1 +2 +5 +6 +7 -39 -38 -37 -36 -33 +44 +45 +46 +47 +50 +52 +53 +54 +55 +56 +57 +58 +59 +60 +61 +66 +69 +70 +71 +72 +73 +74 +75 +79 +80 +82 +83 +84 +85 +86 +87 +90 +92 +98 +99 +100 +101 +102 +103 +104 +105 +108 +131 +132 +133 +134 +135 +136 +137 +138 +139 +140 +141 +143 +144 +146 +147 +148 +149 +150 +151 +153 +154 +155 +158 +159 +160 +162 +163 +165 +166 +167 +168 +169 +171 +172 +173 +175 +176 +177 +179 +180 +181 +182 +183 +184 +186 +187 +189 +190 +191 +192 +193 +194 +196 +197 +198 +199 +200 +201 +202 +203 +204 +215 +216 +219 +244 +245 +246 +247 +248 +249 +250 +251 +252 +253 +254 +255 +257 +263 +277 +279 +280 +281 $
>CP019965_1
+1 +2 +5 +6 +7 -39 -38 -37 -36 -33 +44 +45 +46 +47 +50 +52 +53 +54 +55 +56 +57 +58 +59 +60 +61 +66 +69 +70 +71 +72 +73 +74 +75 +79 +80 +82 +83 +84 +85 +86 +87 +90 +92 +98 +99 +100 +101 +102 +103 +104 +105 +108 +131 +132 +133 +134 +135 +136 +137 +138 +139 +140 +141 +143 +144 +146 +147 +148 +149 +150 +151 +153 +154 +155 +158 +159 +160 +162 +163 +165 +166 +167 +168 +169 +171 +172 +173 +175 +176 +177 +179 +180 +181 +182 +183 +184 +186 +187 +189 +190 +191 +192 +193 +194 +196 +197 +198 +199 +200 +201 +202 +203 +204 +215 +216 +219 +244 +245 +246 +247 +248 +249 +250 +251 +252 +253 +254 +255 +257 +263 +277 +279 +280 +281 $
>CP006689_1
+1 +2 +5 +6 +7 -39 -38 -37 -36 -33 +44 +45 +46 +47 +50 +52 +53 +54 +55 +56 +57 +58 +59 +60 +61 +66 +69 +70 +71 +72 +73 +74 +75 +79 +80 +82 +83 +84 +85 +86 +87 +90 +92 +98 +99 +100 +101 +102 +103 +104 +105 +108 +131 +132 +133 +134 +135 +136 +137 +138 +139 +140 +141 +143 +144 +146 +147 +148 +149 +150 +151 +153 +154 +155 +158 +159 +160 +162 +163 +165 +166 +167 +168 +169 +171 +172 +173 +175 +176 +177 +179 +180 +181 +182 +183 +184 +186 +187 +189 +190 +191 +192 +193 +194 +196 +197 +198 +199 +200 +201 +202 +203 +204 +215 +216 +219 +244 +245 +246 +247 +248 +249 +250 +251 +252 +253 +254 +255 +257 +263 +277 +279 +280 +281 $
>CP012210_1
+1 +2 +5 +6 +7 -39 -38 -37 -36 -33 +44 +45 +46 +47 +50 +52 +53 +54 +55 +56 +57 +58 +59 +60 +61 +66 +69 +70 +82 +83 +84 +85 +86 +87 +90 +92 +98 +99 +100 +101 +102 +103 +104 +105 +108 +71 +72 +73 +74 +75 +79 +80 +131 +132 +133 +134 +135 +136 +137 +138 +139 +140 +141 +143 +144 +146 +147 +148 +149 +150 +151 +153 +154 +155 +158 +159 +160 +162 +163 +165 +166 +167 +168 +169 +171 +172 +173 +175 +176 +177 +179 +180 +181 +182 +183 +184 +186 +187 +189 +190 +191 +192 +193 +194 +196 +197 +198 +199 +200 +201 +202 +203 +204 +215 +216 +219 +244 +245 +246 +247 +248 +249 +250 +251 +252 +253 +254 +255 +257 +263 +277 +279 +280 +281 $
>CP053659_1
+1 +2 +5 +6 +7 -39 -38 -37 -36 -33 +44 +45 +46 +47 +50 +52 +53 +54 +55 +56 +57 +58 +59 +60 +61 +66 +69 +70 +71 +72 +73 +74 +75 +79 +80 +82 +83 +84 +85 +86 +87 +90 +92 +98 +99 +100 +101 +102 +103 +104 +105 +108 +131 +132 +133 +134 +135 +136 +137 +138 +139 +140 +141 +143 +144 +146 +147 +148 +149 +150 +151 +153 +154 +155 +158 +159 +160 +162 +163 +165 +166 +167 +168 +169 +171 +172 +173 +175 +176 +177 +179 +180 +181 +182 +183 +184 +186 +187 +189 +190 +191 +192 +193 +194 +196 +197 +198 +199 +200 +201 +202 +203 +204 +215 +216 +219 -245 -244 +246 +247 +248 +249 +250 +251 +252 +253 +254 +255 +257 +263 +277 +279 +280 +281 $
>CP014344_1
+1 +2 +5 +6 +7 -39 -38 -37 -36 -33 +44 +45 +46 +47 +50 +52 +53 +54 +55 +56 +57 +58 +59 +60 +61 +66 +69 +70 +71 +72 +73 +74 +75 +79 +80 +82 +83 +84 +85 +86 +87 +90 +92 +98 +99 +100 +101 +102 +103 +104 +105 +108 +131 +132 +133 +134 +135 +136 +137 +138 +139 +140 +141 +143 +144 +146 +147 +148 +149 +150 +151 +153 +154 +155 +158 +159 +160 +162 +163 +165 +166 +167 +168 +169 +171 +172 +173 +175 +176 +177 +179 +180 +181 +182 +183 +184 +186 +187 +189 +190 +191 +192 +193 +194 +196 +197 +198 +199 +200 +201 +202 +203 +204 +215 +216 +219 +244 +245 +246 +247 +248 +249 +250 +251 +252 +253 +254 +255 +257 +263 +277 +279 +280 +281 $
>CP047478_1
+1 +2 +5 +6 +7 +39 +38 +37 +36 +33 +44 +45 +46 +47 +50 +52 +53 +54 +55 +56 +57 +58 +59 +60 +61 +66 +69 +70 +71 +72 +73 +74 +75 +79 +80 +82 +83 +84 +85 +86 +87 +90 +92 +98 +99 +100 +101 +102 +103 +104 +105 +108 +131 +132 +133 +134 +135 +136 +137 +138 +139 +140 +141 +143 +144 +146 +147 +148 +149 +150 +151 +153 +154 +155 +158 +159 +160 +162 +163 +165 +166 +167 +168 +169 +171 +172 +173 +175 +176 +177 +179 +180 +181 +182 +183 +184 +186 +187 +189 +190 +191 +192 +193 +194 +196 +197 +198 +199 +200 +201 +202 +203 +204 +215 +216 +219 +244 +245 +246 +247 +248 +249 +250 +251 +252 +253 +254 +255 +257 +263 +277 +279 +280 +281 $
>CP022470_1
+1 +2 +5 +6 +7 -39 -38 -37 -36 -33 +44 +45 +46 +47 +50 +52 +53 +54 +55 +56 +57 +58 +59 +60 +61 +66 +69 +70 +71 +72 +73 +74 +75 +79 +80 +82 +83 +84 +85 +86 +87 +90 +92 +98 +99 +100 +101 +102 +103 +104 +105 +108 +131 +132 +133 +134 +135 +136 +137 +138 +139 +140 +141 +143 +144 +146 +147 +148 +149 +150 +151 +153 +154 +155 +158 +159 +160 +162 +163 +165 +166 +167 +168 +169 +171 +172 +173 +175 +176 +177 +179 +180 +181 +182 +183 +184 +186 +187 +189 +190 +191 +192 +193 +194 +196 +197 +198 +199 +200 +201 +202 +203 +204 +215 +216 +219 +244 +245 +246 +247 +248 +249 +250 +251 +252 +253 +254 +255 +257 +263 +277 +279 +280 +281 $
>CP002029_1
+1 +2 +5 +6 +7 -39 -38 -37 -36 -33 +44 +45 +46 +47 +50 +52 +53 +54 +55 +56 +57 +58 +59 +60 +61 +66 +69 +70 +71 +72 +73 +74 +75 +79 +80 +82 +83 +84 +85 +86 +87 +90 +92 +98 +99 +100 +101 +102 +103 +104 +105 +108 +131 +132 +133 +134 +135 +136 +137 +138 +139 +140 +141 +143 +144 +146 +147 +148 +149 +150 +151 +153 +154 +155 +158 +159 +160 +162 +163 +165 +166 +167 +168 +169 +171 +172 +173 +175 +176 +177 +179 +180 +181 +182 +183 +184 +186 +187 +189 +190 +191 +192 +193 +194 +196 +197 +198 +199 +200 +201 +202 +203 +204 +215 +216 +219 +244 +245 +246 +247 +248 +249 +250 +251 +252 +253 +254 +255 +257 +263 +277 +279 +280 +281 $
>CP023446_1
+1 +2 +5 +6 +7 +39 +38 +37 +36 +33 +263 +257 +255 +254 +253 +252 +251 +250 +249 +248 +247 +246 +245 +244 +219 +216 +215 +204 +203 +202 +201 +200 +199 +198 +197 +196 +194 +193 +192 +191 +190 +189 +187 +186 +184 +183 +182 +181 +180 +179 +177 +176 +175 +173 +172 +171 +169 +168 +167 +166 +165 +163 +162 +160 +159 +158 +155 +154 +153 +151 +150 +149 +148 +147 +146 +144 +143 +141 +140 +139 +138 +137 +136 +135 +134 +133 +132 +131 +108 +105 +104 +103 +102 +101 +100 +99 +98 +92 +90 +87 +86 +85 +84 +83 +82 +80 +79 +75 +74 +73 +72 +71 +70 +69 +66 +61 +60 +59 +58 +57 +56 +55 +54 +53 +52 +50 +47 +46 +45 +44 +277 +279 +280 +281 $
>CM000854_1
+1 +2 +5 +6 +7 -39 -38 -37 -36 -33 +44 +45 +46 +47 +50 +52 +53 +54 +55 +56 +57 +58 +59 +60 +61 +66 +69 +70 +71 +72 +73 +74 +75 +79 +80 +82 +83 +84 +85 +86 +87 +90 +92 +98 +99 +100 +101 +102 +103 +104 +105 +108 +131 +132 +133 +134 +135 +136 +137 +138 +139 +140 +141 +143 +144 +146 +147 +148 +149 +150 +151 +153 +154 +155 +158 +159 +160 +162 +163 +165 +166 +167 +168 +169 +171 +172 +173 +175 +176 +177 +179 +180 +181 +182 +183 +184 +186 +187 +189 +190 +191 +192 +193 +194 +196 +197 +198 +199 +200 +201 +202 +203 +204 +215 +216 +219 +244 +245 +246 +247 +248 +249 +250 +251 +252 +253 +254 +255 +257 +263 +277 +279 +280 +281 $
>CP010058_1
+1 +2 +5 +6 +7 +33 +36 +37 +38 +39 +44 +45 +46 +47 +50 +52 +53 +54 +55 +56 +57 +58 +59 +60 +61 +66 +69 +70 +71 +72 +73 +74 +75 +79 +80 +82 +83 +84 +85 +86 +87 +90 +92 +98 +99 +100 +101 +102 +103 +104 +105 +108 +131 +132 +133 +134 +135 +136 +137 +138 +139 +140 +141 +143 +144 +146 +147 +148 +149 +150 +151 +153 +154 +155 +158 +159 +160 +162 +163 +165 +166 +167 +168 +169 +171 +172 +173 +175 +176 +177 +179 +180 +181 +182 +183 +184 +186 +187 +189 +190 +191 +192 +193 +194 +196 +197 +198 +199 +200 +201 +202 +203 +204 +215 +216 +219 +244 +245 +246 +247 +248 +249 +250 +251 +252 +253 +254 +255 +257 +263 +277 +279 +280 +281 $
>CP006709_2
+1 +2 +5 +6 +7 +33 +36 +37 +38 +39 +44 +45 +46 +47 +50 +52 +53 +54 +55 +56 +57 +58 +59 +60 +61 +66 +69 +70 +71 +72 +73 +74 +75 +79 +80 +82 +83 +84 +85 +86 +87 +90 +92 +98 +99 +100 +101 +102 +103 +104 +105 +108 +131 +132 +133 +134 +135 +136 +137 +138 +139 +140 +141 +143 +144 +146 +147 +148 +149 +150 +151 +153 +154 +155 +158 +159 +160 +162 +163 +165 +166 +167 +168 +169 +171 +172 +173 +175 +176 +177 +179 +180 +181 +182 +183 +184 +186 +187 +189 +190 +191 +192 +193 +194 +196 +197 +198 +199 +200 +201 +202 +203 +204 +215 +216 +219 +244 +245 +246 +247 +248 +249 +250 +251 +252 +253 +254 +255 +257 +263 +277 +279 +280 +281 $
>CP014744_1
+1 +2 +5 +6 +7 -39 -38 -37 -36 -33 +44 +45 +46 +47 +50 +52 +53 +54 +55 +56 +57 +58 +59 +60 +61 +66 +69 +70 +71 +72 +73 +74 +75 +79 +80 +82 +83 +84 +85 +86 +87 +90 +92 +98 +99 +100 +101 +102 +103 +104 +105 +108 +131 +132 +133 +134 +135 +136 +137 +138 +139 +140 +141 +143 +144 +146 +147 +148 +149 +150 +151 +153 +154 +155 +158 +159 +160 +162 +163 +165 +166 +167 +168 +169 +171 +172 +173 +175 +176 +177 +179 +180 +181 +182 +183 +184 +186 +187 +189 +190 +191 +192 +193 +194 +196 +197 +198 +199 +200 +201 +202 +203 +204 +215 +216 +219 +244 +245 +246 +247 +248 +249 +250 +251 +252 +253 +254 +255 +257 +263 +277 +279 +280 +281 $
>CP007189_1
+1 +2 +5 +6 +7 -39 -38 -37 -36 -33 +44 +45 +46 +47 +50 +52 +53 +54 +55 +56 +57 +58 +59 +60 +61 +66 +69 +70 +71 +72 +73 +74 +75 +79 +80 +82 +83 +84 +85 +86 +87 +90 +92 +98 +99 +100 +101 +102 +103 +104 +105 +108 +131 +132 +133 +134 +135 +136 +137 +138 +139 +140 +141 +143 +144 +146 +147 +148 +149 +150 +151 +153 +154 +155 +158 +159 +160 +162 +163 +165 +166 +167 +168 +169 +171 +172 +173 +175 +176 +177 +179 +180 +181 +182 +183 +184 +186 +187 +189 +190 +191 +192 +193 +194 +196 +197 +198 +199 +200 +201 +202 +203 +204 +215 +216 +219 +244 +245 +246 +247 +248 +249 +250 +251 +252 +253 +254 +255 +257 +263 +277 +279 +280 +281 $
>LS483362_1
+1 +2 +5 +6 +7 +33 +36 +37 +38 +39 +44 +45 +46 +47 +50 +52 +53 +54 +55 +56 +57 +58 +59 +60 +61 +66 +69 +70 +71 +72 +73 +74 +75 +79 +80 +82 +83 +84 +85 +86 +87 +90 +92 +98 +99 +100 +101 +102 +103 +104 +105 +108 +131 +132 +133 +134 +135 +136 +137 +138 +139 +140 +141 +143 +144 +146 +147 +148 +149 +150 +151 +153 +154 +155 +158 +159 +160 +162 +163 +165 +166 +167 +168 +169 +171 +172 +173 +175 +176 +177 +179 +180 +181 +182 +183 +184 +186 +187 +189 +190 +191 +192 +193 +194 +196 +197 +198 +199 +200 +201 +202 +203 +204 +215 +216 +219 +244 +245 +246 +247 +248 +249 +250 +251 +252 +253 +254 +255 +257 +263 +277 +279 +280 +281 $
>CP006851_1
+1 +2 +5 +6 +7 -39 -38 -37 -36 -33 +44 +45 +46 +47 +50 +52 +53 +54 +55 +56 +57 +58 +59 +60 +61 +66 +69 +70 +71 +72 +73 +74 +75 +79 +80 +82 +83 +84 +85 +86 +87 +90 +92 +98 +99 +100 +101 +102 +103 +104 +105 +108 +131 +132 +133 +134 +135 +136 +137 +138 +139 +140 +141 +143 +144 +146 +147 +148 +149 +150 +151 +153 +154 +155 +158 +159 +160 +162 +163 +165 +166 +167 +168 +169 +171 +172 +173 +175 +176 +177 +179 +180 +181 +182 +183 +184 +186 +187 +189 +190 +191 +192 +193 +194 +196 +197 +198 +199 +200 +201 +202 +203 +204 +215 +216 +219 +244 +245 +246 +247 +248 +249 +250 +251 +252 +253 +254 +255 +257 +263 +277 +279 +280 +281 $
>CP034393_1
+1 +2 +5 +6 +7 -39 -38 -37 -36 -33 +44 +45 +46 +47 +50 +52 +53 +54 +55 +56 +57 +58 +59 +60 +61 +66 +69 +70 +71 +72 +73 +74 +75 +79 +80 +82 +83 +84 +85 +86 +87 +90 +92 +98 +99 +100 +101 +102 +103 +104 +105 +108 +131 +132 +133 +134 +135 +136 +137 +138 +139 +140 +141 +143 +144 +146 +147 +148 +149 +150 +151 +153 +154 +155 +158 +159 +160 +162 +163 +165 +166 +167 +168 +169 +171 +172 +173 +175 +176 +177 +179 +180 +181 +182 +183 +184 +186 +187 +189 +190 +191 +192 +193 +194 +196 +197 +198 +199 +200 +201 +202 +203 +204 +215 +216 +219 +244 +245 +246 +247 +248 +249 +250 +251 +252 +253 +254 +255 +257 +263 +277 +279 +280 +281 $
>CP001876_1
+1 +2 +5 +6 +7 -39 -38 -37 -36 -33 +44 +45 +46 +47 +50 +52 +53 +54 +55 +56 +57 +58 +59 +60 +61 +66 +69 +70 +71 +72 +73 +74 +75 +79 +80 +82 +83 +84 +85 +86 +87 +90 +92 +98 +99 +100 +101 +102 +103 +104 +105 +108 +131 +132 +133 +134 +135 +136 +137 +138 +139 +140 +141 +143 +144 +146 +147 +148 +149 +150 +151 +153 +154 +155 +158 +159 +160 +162 +163 +165 +166 +167 +168 +169 +171 +172 +173 +175 +176 +177 +179 +180 +181 +182 +183 +184 +186 +187 +189 +190 +191 +192 +193 +194 +196 +197 +198 +199 +200 +201 +202 +203 +204 +215 +216 +219 +244 +245 +246 +247 +248 +249 +250 +251 +252 +253 +254 +255 +257 +263 +277 +279 +280 +281 $
>CP012216_1
+1 +2 +5 +6 +7 +71 +72 +73 +74 +75 +79 +80 +82 +83 +84 +85 +86 +87 +90 +92 +98 +99 +100 +101 +102 +103 +104 +105 +108 +131 +132 +133 +134 +135 +136 +137 +138 +139 +140 +141 +143 +144 +146 +147 +148 +149 +150 +151 +153 +154 +155 +158 +159 +160 +162 +163 +165 +166 +167 +168 +169 +171 +172 +173 +175 +176 +177 +179 +180 +181 +182 +183 +184 +186 +187 +189 +190 +191 +192 +193 +194 +196 +197 +198 +199 +200 +201 +202 +203 +204 +215 +216 +219 +44 +45 +46 +47 +50 +52 +53 +54 +55 +56 +57 +58 +59 +60 +61 +66 +69 +70 -39 -38 -37 -36 -33 +244 +245 +246 +247 +248 +249 +250 +251 +252 +253 +254 +255 +257 +263 +277 +279 +280 +281 $
>CP006685_1
+1 +2 +5 +6 +7 -39 -38 -37 -36 -33 +44 +45 +46 +47 +50 +52 +53 +54 +55 +56 +57 +58 +59 +60 +61 +66 +69 +70 +71 +72 +73 +74 +75 +79 +80 +82 +83 +84 +85 +86 +87 +90 +92 +98 +99 +100 +101 +102 +103 +104 +105 +108 +131 +132 +133 +134 +135 +136 +137 +138 +139 +140 +141 +143 +144 +146 +147 +148 +149 +150 +151 +153 +154 +155 +158 +159 +160 +162 +163 +165 +166 +167 +168 +169 +171 +172 +173 +175 +176 +177 +179 +180 +181 +182 +183 +184 +186 +187 +189 +190 +191 +192 +193 +194 +196 +197 +198 +199 +200 +201 +202 +203 +204 +215 +216 +219 +244 +245 +246 +247 +248 +249 +250 +251 +252 +253 +254 +255 +257 +263 +277 +279 +280 +281 $
>CP047484_1
+1 +2 +5 +6 +7 -39 -38 -37 -36 -33 +44 +45 +46 +47 +50 +52 +53 +54 +55 +56 +57 +58 +59 +60 +61 +66 +69 +70 +71 +72 +73 +74 +75 +79 +80 +82 +83 +84 +85 +86 +87 +90 +92 +98 +99 +100 +101 +102 +103 +104 +105 +108 +131 +132 +133 +134 +135 +136 +137 +138 +139 +140 +141 +143 +144 +146 +147 +148 +149 +150 +151 +153 +154 +155 +158 +159 +160 +162 +163 +165 +166 +167 +168 +169 +171 +172 +173 +175 +176 +177 +179 +180 +181 +182 +183 +184 +186 +187 +189 +190 +191 +192 +193 +194 +196 +197 +198 +199 +200 +201 +202 +203 +204 +215 +216 +219 +244 +245 +246 +247 +248 +249 +250 +251 +252 +253 +254 +255 +257 +263 +277 +279 +280 +281 $
>CP015209_1
+1 +2 +5 +6 +7 -39 -38 -37 -36 -33 +44 +45 +46 +47 +50 +52 +53 +54 +55 +56 +57 +58 +59 +60 +61 +66 +69 +70 +71 +72 +73 +74 +75 +79 +80 +82 +83 +84 +85 +86 +87 +90 +92 +98 +99 +100 +101 +102 +103 +104 +105 +108 +131 +132 +133 +134 +135 +136 +137 +138 +139 +140 +141 +143 +144 +146 +147 +148 +149 +150 +151 +153 +154 +155 +158 +159 +160 +162 +163 +165 +166 +167 +168 +169 +171 +172 +173 +175 +176 +177 +179 +180 +181 +182 +183 +184 +186 +187 +189 +190 +191 +192 +193 +194 +196 +197 +198 +199 +200 +201 +202 +203 +204 +215 +216 +219 +244 +245 +246 +247 +248 +249 +250 +251 +252 +253 +254 +255 +257 +263 +277 +279 +280 +281 $
>CP012221_1
+1 +2 +5 +6 +7 -39 -38 -37 -36 -33 +44 +45 +46 +47 +50 +52 +53 +54 +55 +56 +57 +58 +59 +60 +61 +66 +69 +70 +71 +72 +73 +74 +75 +79 +80 +82 +83 +84 +85 +86 +87 +90 +92 +98 +99 +100 +101 +102 +103 +104 +105 +108 +131 +132 +133 +134 +135 +136 +137 +138 +139 +140 +141 +143 +144 +146 +147 +148 +149 +150 +151 +153 +154 +155 +158 +159 +160 +162 +163 +165 +166 +167 +168 +169 +171 +172 +173 +175 +176 +177 +179 +180 +181 +182 +183 +184 +186 +187 +189 +190 +191 +192 +193 +194 +196 +197 +198 +199 +200 +201 +202 +203 +204 +215 +216 +219 +244 +245 +246 +247 +248 +249 +250 +251 +252 +253 +254 +255 +257 +263 +277 +279 +280 +281 $
>CP022080_1
+1 +2 +5 +6 +7 +39 +38 +37 +36 +33 +44 +45 +46 +47 +50 +52 +53 +54 +55 +56 +57 +58 +59 +60 +61 +66 +69 +70 +71 +72 +73 +74 +75 +79 +80 +82 +83 +84 +85 +86 +87 +90 +92 +98 +99 +100 +101 +102 +103 +104 +105 +108 +131 +132 +133 +134 +135 +136 +137 +138 +139 +140 +141 +143 +144 +146 +147 +148 +149 +150 +151 +153 +154 +155 +158 +159 +160 +162 +163 +165 +166 +167 +168 +169 +171 +172 +173 +175 +176 +177 +179 +180 +181 +182 +183 +184 +186 +187 +189 +190 +191 +192 +193 +194 +196 +197 +198 +199 +200 +201 +202 +203 +204 +215 +216 +219 +244 +245 +246 +247 +248 +249 +250 +251 +252 +253 +254 +255 +257 +263 +277 +279 +280 +281 $
>CP001960_1
+1 +2 +5 +6 +7 -39 -38 -37 -36 -33 +44 +45 +46 +47 +50 +52 +53 +54 +55 +56 +57 +58 +59 +60 +61 +66 +69 +70 +71 +72 +73 +74 +75 +79 +80 +82 +83 +84 +85 +86 +87 +90 +92 +98 +99 +100 +101 +102 +103 +104 +105 +108 +131 +132 +133 +134 +135 +136 +137 +138 +139 +140 +141 +143 +144 +146 +147 +148 +149 +150 +151 +153 +154 +155 +158 +159 +160 +162 +163 +165 +166 +167 +168 +169 +171 +172 +173 +175 +176 +177 +179 +180 +181 +182 +183 +184 +186 +187 +189 +190 +191 +192 +193 +194 +196 +197 +198 +199 +200 +201 +202 +203 +204 +215 +216 +219 +244 +245 +246 +247 +248 +249 +250 +251 +252 +253 +254 +255 +257 +263 +277 +279 +280 +281 $
>CP014742_1
+1 +2 +5 +6 +7 -39 -38 -37 -36 -33 +44 +45 +46 +47 +50 +52 +53 +54 +55 +56 +57 +58 +59 +60 +61 +66 +69 +70 +71 +72 +73 +74 +75 +79 +80 +82 +83 +84 +85 +86 +87 +90 +92 +98 +99 +100 +101 +102 +103 +104 +105 +108 +131 +132 +133 +134 +135 +136 +137 +138 +139 +140 +141 +143 +144 +146 +147 +148 +149 +150 +151 +153 +154 +155 +158 +159 +160 +162 +163 +165 +166 +167 +168 +169 +171 +172 +173 +175 +176 +177 +179 +180 +181 +182 +183 +184 +186 +187 +189 +190 +191 +192 +193 +194 +196 +197 +198 +199 +200 +201 +202 +203 +204 +215 +216 +219 +244 +245 +246 +247 +248 +249 +250 +251 +252 +253 +254 +255 +257 +263 +277 +279 +280 +281 $
>CP022079_1
+1 +2 +5 +6 +7 -39 -38 -37 -36 -33 +44 +45 +46 +47 +50 +52 +53 +54 +55 +56 +57 +58 +59 +60 +61 +66 +69 +70 +71 +72 +73 +74 +75 +79 +80 +82 +83 +84 +85 +86 +87 +90 +92 +98 +99 +100 +101 +102 +103 +104 +105 +108 +131 +132 +133 +134 +135 +136 +137 +138 +139 +140 +141 +143 +144 +146 +147 +148 +149 +150 +151 +153 +154 +155 +158 +159 +160 +162 +163 +165 +166 +167 +168 +169 +171 +172 +173 +175 +176 +177 +179 +180 +181 +182 +183 +184 +186 +187 +189 +190 +191 +192 +193 +194 +196 +197 +198 +199 +200 +201 +202 +203 +204 +215 +216 +219 +244 +245 +246 +247 +248 +249 +250 +251 +252 +253 +254 +255 +257 +263 +277 +279 +280 +281 $
>CP017863_1
+1 +2 +5 +6 +7 -53 -52 -50 -47 -46 -45 -44 -39 -38 -37 -36 -33 +54 +55 +56 +57 +58 +59 +60 +61 +66 +69 +70 +71 +72 +73 +74 +75 +79 +80 +82 +83 +84 +85 +86 +87 +90 +92 +98 +99 +100 +101 +102 +103 +104 +105 +108 +131 +132 +133 +134 +135 +136 +137 +138 +139 +140 +141 +143 +144 +146 +147 +148 +149 +150 +151 +153 +154 +155 +158 +159 +160 +162 +163 +165 +166 +167 +168 +169 +171 +172 +173 +175 +176 +177 +179 +180 +181 +182 +183 +184 +186 +187 +189 +190 +191 +192 +193 +194 +196 +197 +198 +199 +200 +201 +202 +203 +204 +215 +216 +219 +244 +245 +246 +247 +248 +249 +250 +251 +252 +253 +254 +255 +257 +263 +277 +279 +280 +281 $
>HG428754_1
+1 +2 +5 +6 +7 -39 -38 -37 -36 -33 +44 +45 +46 +47 +50 +52 +53 +54 +55 +56 +57 +58 +59 +60 +61 +66 +69 +70 +71 +72 +73 +74 +75 +79 +80 +82 +83 +84 +85 +86 +87 +90 +92 +98 +99 +100 +101 +102 +103 +104 +105 +108 +131 +132 +133 +134 +135 +136 +137 +138 +139 +140 +141 +143 +144 +146 +147 +148 +149 +150 +151 +153 +154 +155 +158 +159 +160 +162 +163 +165 +166 +167 +168 +169 +171 +172 +173 +175 +176 +177 +179 +180 +181 +182 +183 +184 +186 +187 +189 +190 +191 +192 +193 +194 +196 +197 +198 +199 +200 +201 +202 +203 +204 +215 +216 +219 +244 +245 +246 +247 +248 +249 +250 +251 +252 +253 +254 +255 +257 +263 +277 +279 +280 +281 $
>CP045789_1
+1 +2 +5 +6 +7 -39 -38 -37 -36 -33 +44 +45 +46 +47 +50 +52 +53 +54 +55 +56 +57 +58 +59 +60 +61 +66 +69 +70 +71 +72 +73 +74 +75 +79 +80 +82 +83 +84 +85 +86 +87 +90 +92 +98 +99 +100 +101 +102 +103 +104 +105 +108 +131 +132 +133 +134 +135 +136 +137 +138 +139 +140 +141 +143 +144 +146 +147 +148 +149 +150 +151 +153 +154 +155 +158 +159 +160 +162 +163 +165 +166 +167 +168 +169 +171 +172 +173 +175 +176 +177 +179 +180 +181 +182 +183 +184 +186 +187 +189 +190 +191 +192 +193 +194 +196 +197 +198 +199 +200 +201 +202 +203 +204 +215 +216 +219 +244 +245 +246 +247 +248 +249 +250 +251 +252 +253 +254 +255 +257 +263 +277 +279 +280 +281 $
>CP019838_1
+1 +2 +5 +6 +7 -39 -38 -37 -36 -33 +44 +45 +46 +47 +50 +52 +53 +54 +55 +56 +57 +58 +59 +60 +61 +66 +69 +70 +71 +72 +73 +74 +75 +79 +80 +82 +83 +84 +85 +86 +87 +90 +92 +98 +99 +100 +101 +102 +103 +104 +105 +108 +131 +132 +133 +134 +135 +136 +137 +138 +139 +140 +141 +143 +144 +146 +147 +148 +149 +150 +151 +153 +154 +155 +158 +159 +160 +162 +163 +165 +166 +167 +168 +169 +171 +172 +173 +175 +176 +177 +179 +180 +181 +182 +183 +184 +186 +187 +189 +190 +191 +192 +193 +194 +196 +197 +198 +199 +200 +201 +202 +203 +204 +215 +216 +219 +244 +245 +246 +247 +248 +249 +250 +251 +252 +253 +254 +255 +257 +263 +277 +279 +280 +281 $
>CP020045_1
+1 +2 +5 +6 +7 -39 -38 -37 -36 -33 +44 +45 +46 +47 +50 +52 +53 +54 +55 +56 +57 +58 +59 +60 +61 +66 +69 +70 +71 +72 +73 +74 +75 +79 +80 +82 +83 +84 +85 +86 +87 +90 +92 +98 +99 +100 +101 +102 +103 +104 +105 +108 +131 +132 +133 +134 +135 +136 +137 +138 +139 +140 +141 +143 +144 +146 +147 +148 +149 +150 +151 +153 +154 +155 +158 +159 +160 +162 +163 +165 +166 +167 +168 +169 +171 +172 +173 +175 +176 +177 +179 +180 +181 +182 +183 +184 +186 +187 +189 +190 +191 +192 +193 +194 +196 +197 +198 +199 +200 +201 +202 +203 +204 +215 +216 +219 +244 +245 +246 +247 +248 +249 +250 +251 +252 +253 +254 +255 +257 +263 +277 +279 +280 +281 $
>LR134530_1
+1 +2 +5 +6 +7 +277 +33 +36 +37 +38 +39 +44 +45 +46 +47 +50 +52 +53 +54 +55 +56 +57 +58 +59 +60 +61 +66 +69 +70 +71 +72 +73 +74 +75 +79 +80 +82 +83 +84 +85 +86 +87 +90 +92 +103 +104 +105 +108 -204 -203 -158 -155 +143 +144 +146 +147 +148 +149 +150 +151 -102 -101 -100 -99 -98 +153 +154 -141 -140 -139 -138 -137 -136 -135 -134 -133 -132 -131 +200 +201 +202 +159 +160 +162 +163 +165 +166 +167 +168 +169 +171 +172 +173 +175 +176 +177 +179 +180 +181 +182 +183 +184 +186 +187 +189 +190 +191 +192 +193 +194 +196 +197 +198 +199 +215 +216 +219 +244 +245 +246 +247 +248 +249 +250 +251 +252 +253 +254 +255 +257 +263 +279 +280 +281 $
>CP012696_1
+1 +2 +5 +6 +7 -39 -38 -37 -36 -33 +44 +45 +46 +47 +50 +52 +53 +54 +55 +56 +57 +58 +59 +60 +61 +66 +69 +70 +71 +72 +73 +74 +75 +79 +80 +82 +83 +84 +85 +86 +87 +90 +92 +98 +99 +100 +101 +102 +103 +104 +105 +108 +131 +132 +133 +134 +135 +136 +137 +138 +139 +140 +141 +143 +144 +146 +147 +148 +149 +150 +151 +153 +154 +155 +158 +159 +160 +162 +163 +165 +166 +167 +168 +169 +171 +172 +173 +175 +176 +177 +179 +180 +181 +182 +183 +184 +186 +187 +189 +190 +191 +192 +193 +194 +196 +197 +198 +199 +200 +201 +202 +203 +204 +215 +216 +219 +244 +245 +246 +247 +248 +249 +250 +251 +252 +253 +254 +255 +257 +263 +277 +279 +280 +281 $
>CM000855_1
+1 +2 +5 +6 +7 -39 -38 -37 -36 -33 +44 +45 +46 +47 +50 +52 +53 +54 +55 +56 +57 +58 +59 +60 +61 +66 +69 +70 +71 +72 +73 +74 +75 +79 +80 +82 +83 +84 +85 +86 +87 +90 +92 +98 +99 +100 +101 +102 +103 +104 +105 +108 +131 +132 +133 +134 +135 +136 +137 +138 +139 +140 +141 +143 +144 +146 +147 +148 +149 +150 +151 +153 +154 +155 +158 +159 +160 +162 +163 +165 +166 +167 +168 +169 +171 +172 +173 +175 +176 +177 +179 +180 +181 +182 +183 +184 +186 +187 +189 +190 +191 +192 +193 +194 +196 +197 +198 +199 +200 +201 +202 +203 +204 +215 +216 +219 +244 +245 +246 +247 +248 +249 +250 +251 +252 +253 +254 +255 +257 +263 +277 +279 +280 +281 $
>CP028372_1
+1 +2 +5 +6 +7 -39 -38 -37 -36 -33 +44 +45 +46 +47 +50 +52 +53 +54 +55 +56 +57 +58 +59 +60 +61 +66 +69 +70 +71 +72 +73 +74 +75 +79 +80 +82 +83 +84 +85 +86 +87 +90 +92 +98 +99 +100 +101 +102 +103 +104 +105 +108 +131 +132 +133 +134 +135 +136 +137 +138 +139 +140 +141 +143 +144 +146 +147 +148 +149 +150 +151 +153 +154 +155 +158 +159 +160 +162 +163 +165 +166 +167 +168 +169 +171 +172 +173 +175 +176 +177 +179 +180 +181 +182 +183 +184 +186 +187 +189 +190 +191 +192 +193 +194 +196 +197 +198 +199 +200 +201 +202 +203 +204 +215 +216 +219 +244 +245 +246 +247 +248 +249 +250 +251 +252 +253 +254 +255 +257 +263 +277 +279 +280 +281 $
>LR134511_1
+1 +2 +5 +6 +7 -39 -38 -37 -36 -33 +44 +45 +46 +47 +50 +52 +53 +54 +55 +56 +57 +58 +59 +60 +61 +66 +69 +70 +71 +72 +73 +74 +75 +79 +80 +82 +83 +84 +85 +86 +87 +90 +92 +98 +99 +100 +101 +102 +103 +104 +105 +108 +131 +132 +133 +134 +135 +136 +137 +138 +139 +140 +141 +143 +144 +146 +147 +148 +149 +150 +151 +153 +154 +155 +158 +159 +160 +162 +163 +165 +166 +167 +168 +169 +171 +172 +173 +175 +176 +177 +179 +180 +181 +182 +183 +184 +186 +187 +189 +190 +191 +192 +193 +194 +196 +197 +198 +199 +200 +201 +202 +203 +204 +215 +216 +219 +244 +245 +246 +247 +248 +249 +250 +251 +252 +253 +254 +255 +257 +263 +277 +279 +280 +281 $
>CP007193_1
+1 +2 +5 +6 +7 -39 -38 -37 -36 -33 +44 +45 +46 +47 +50 +52 +53 +54 +55 +56 +57 +58 +59 +60 +61 +66 +69 +70 +71 +72 +73 +74 +75 +79 +80 +82 +83 +84 +85 +86 +87 +90 +92 +98 +99 +100 +101 +102 +103 +104 +105 +108 +131 +132 +133 +134 +135 +136 +137 +138 +139 +140 +141 +143 +144 +146 +147 +148 +149 +150 +151 +153 +154 +155 +158 +159 +160 +162 +163 +165 +166 +167 +168 +169 +171 +172 +173 +175 +176 +177 +179 +180 +181 +182 +183 +184 +186 +187 +189 +190 +191 +192 +193 +194 +196 +197 +198 +199 +200 +201 +202 +203 +204 +215 +216 +219 +244 +245 +246 +247 +248 +249 +250 +251 +252 +253 +254 +255 +257 +263 +277 +279 +280 +281 $
>LS483295_1
+1 +2 +5 +6 +7 -39 -38 -37 -36 -33 +44 +45 +46 +47 +50 +52 +53 +54 +55 +56 +57 +58 +59 +60 +61 +66 +69 +70 +71 +72 +73 +74 +75 +79 +80 +82 +83 +84 +85 +86 +87 +90 +92 +103 +104 +105 +108 +98 +99 +100 +101 +102 +131 +132 +133 +134 +135 +136 +137 +138 +139 +140 +141 -154 -153 -151 -150 -149 -148 -147 -146 -144 -143 +155 +158 +159 +160 +162 +163 +165 +166 +167 +168 +169 +171 +172 +173 +175 +176 +177 +179 +180 +181 +182 +183 +184 +186 +187 +189 +190 +191 +192 +193 +194 +196 +197 +198 +199 +200 +201 +202 +203 +204 +215 +216 +219 +244 +245 +246 +247 +248 +249 +250 +251 +252 +253 +254 +255 +257 +263 +277 +279 +280 +281 $
>CP012689_1
+1 +2 +5 +6 +7 -39 -38 -37 -36 -33 +44 +45 +46 +47 +50 +52 +53 +54 +55 +56 +57 +58 +59 +60 +61 +66 +69 +70 +71 +72 +73 +74 +75 +79 +80 +82 +83 +84 +85 +86 +87 +90 +92 +98 +99 +100 +101 +102 +103 +104 +105 +108 +131 +132 +133 +134 +135 +136 +137 +138 +139 +140 +141 +143 +144 +146 +147 +148 +149 +150 +151 +153 +154 +155 +158 +159 +160 +162 +163 +165 +166 +167 +168 +169 +171 +172 +173 +175 +176 +177 +179 +180 +181 +182 +183 +184 +186 +187 +189 +190 +191 +192 +193 +194 +196 +197 +198 +199 +200 +201 +202 +203 +204 +215 +216 +219 +244 +245 +246 +247 +248 +249 +250 +251 +252 +253 +254 +255 +257 +263 +277 +279 +280 +281 $
>CP017862_1
+1 +2 +5 +6 -146 -144 -143 -141 -140 +7 -39 -38 -37 -36 -33 +44 +45 +46 +47 +50 +52 +53 +108 +54 +55 +56 +57 +58 +59 +60 +61 +66 +69 +70 +71 +72 +73 +74 +75 +79 +80 +82 +83 +84 +85 +86 +87 +90 +92 +98 +99 +100 +101 +102 +103 +104 +105 +131 +132 +133 +134 +135 +136 +137 +138 +139 +147 +148 +149 +150 +151 +153 +154 +155 +158 +159 +160 +162 +163 +165 +166 +167 +168 +169 +171 +172 +173 +175 +176 +177 +179 +180 +181 +182 +183 +184 +186 +187 +189 +190 +191 +192 +193 +194 +196 +197 +198 +199 +200 +201 +202 +203 +204 +215 +216 +219 +244 +245 +246 +247 +248 +249 +250 +251 +252 +253 +254 +255 +257 +263 +277 +279 +280 +281 $
>LR134359_1
+1 +2 +5 +6 +7 -39 -38 -37 -36 -33 +44 +45 +46 +47 +50 +52 +53 +54 +55 +56 +57 +58 +59 +60 +61 +66 +198 +199 +200 +201 +202 +203 +204 +215 +216 +219 +69 +70 +71 +72 +73 +74 +75 +79 +80 +82 +83 +84 +85 +86 +87 +90 +92 +98 +99 +100 +101 +102 +103 +104 +105 +108 +131 +132 +133 +134 +135 +136 +137 +138 +139 +140 +141 +143 +144 +146 +147 +148 +149 +150 +151 +153 +154 +155 +158 +159 +160 +162 +163 +165 +166 +167 +168 +169 +171 +172 +173 +175 +176 +177 +179 +180 +181 +182 +183 +184 +186 +187 +189 +190 +191 +192 +193 +194 +196 +197 +244 +245 +246 +247 +248 +249 +250 +251 +252 +253 +254 +255 +257 +263 +277 +279 +280 +281 $
>CP023866_1
+1 +2 +5 +6 +7 -39 -38 -37 -36 -33 +44 +45 +46 +47 +50 +52 +53 +54 +55 +56 +57 +58 +59 +60 +61 +66 +69 +70 +71 +72 +73 +74 +75 +79 +80 +82 +83 +84 +85 +86 +87 +90 +92 +98 +99 +100 +101 +102 +103 +104 +105 +108 +131 +132 +133 +134 +135 +136 +137 +138 +139 +140 +141 +143 +144 +146 +147 +148 +149 +150 +151 +153 +154 +155 +158 +159 +160 +162 +163 +165 +166 +167 +168 +169 +171 +172 +173 +175 +176 +177 +179 +180 +181 +182 +183 +184 +186 +187 +189 +190 +191 +192 +193 +194 +196 +197 +198 +199 +200 +201 +202 +203 +204 +215 +216 +219 +244 +245 +246 +247 +248 +249 +250 +251 +252 +253 +254 +255 +257 +263 +277 +279 +280 +281 $
>CP028912_1
+1 +2 +5 +6 +7 -39 -38 -37 -36 -33 +44 +45 +46 +47 +50 +52 +53 +54 +55 +56 +57 +58 +59 +60 +61 +66 +69 +70 +71 +72 +73 +74 +75 +79 +80 +82 +83 +84 +85 +86 +87 +90 +92 +98 +99 +100 +101 +102 +103 +104 +105 +108 +131 +132 +133 +134 +135 +136 +137 +138 +139 +140 +141 +143 +144 +146 +147 +148 +149 +150 +151 +153 +154 +155 +158 +159 +160 +162 +163 +165 +166 +167 +168 +169 +171 +172 +173 +175 +176 +177 +179 +180 +181 +182 +183 +184 +186 +187 +189 +190 +191 +192 +193 +194 +196 +197 +198 +199 +200 +201 +202 +203 +204 +215 +216 +219 +244 +245 +246 +247 +248 +249 +250 +251 +252 +253 +254 +255 +257 +263 +277 +279 +280 +281 $
>CP012211_1
+1 +2 +5 +6 +7 -39 -38 -37 -36 -33 +44 +45 +46 +47 +50 +52 +53 +54 +55 +56 +57 +58 +59 +60 +61 +66 +69 +70 +71 +72 +73 +74 +75 +79 +80 +82 +83 +84 +85 +86 +87 +90 +92 +98 +99 +100 +101 +102 +103 +104 +105 +108 +131 +132 +133 +134 +135 +136 +137 +138 +139 +140 +141 +143 +144 +146 +147 +148 +149 +150 +151 +153 +154 +155 +158 +159 +160 +162 +163 +165 +166 +167 +168 +169 +171 +172 +173 +175 +176 +177 +179 +180 +181 +182 +183 +184 +186 +187 +189 +190 +191 +192 +193 +194 +196 +197 +198 +199 +200 +201 +202 +203 +204 +215 +216 +219 +244 +245 +246 +247 +248 +249 +250 +251 +252 +253 +254 +255 +257 +263 +277 +279 +280 +281 $
>CP000025_1
+1 +2 +5 +6 +7 -39 -38 -37 -36 -33 +44 +45 +46 +47 +50 +52 +53 +54 +55 +56 +57 +58 +59 +60 +61 +66 +69 +70 +71 +72 +73 +74 +75 +79 +80 +82 +83 +84 +85 +86 +87 +90 +92 +98 +99 +100 +101 +102 +103 +104 +105 +108 +131 +132 +133 +134 +135 +136 +137 +138 +139 +140 +141 +143 +144 +146 +147 +148 +149 +150 +151 +153 +154 +155 +158 +159 +160 +162 +163 +165 +166 +167 +168 +169 +171 +172 +173 +175 +176 +177 +179 +180 +181 +182 +183 +184 +186 +187 +189 +190 +191 +192 +193 +194 +196 +197 +198 +199 +200 +201 +202 +203 +204 +215 +216 +219 +244 +245 +246 +247 +248 +249 +250 +251 +252 +253 +254 +255 +257 +263 +277 +279 +280 +281 $
>CP012690_1
+1 +2 +5 +6 +7 -39 -38 -37 -36 -33 +44 +45 +46 +47 +50 +52 +53 +54 +55 +56 +57 +58 +59 +60 +61 +66 +69 +70 +71 +72 +73 +74 +75 +79 +80 +82 +83 +84 +85 +86 +87 +90 +92 +98 +99 +100 +101 +102 +103 +104 +105 +108 +131 +132 +133 +134 +135 +136 +137 +138 +139 +140 +141 +143 +144 +146 +147 +148 +149 +150 +151 +153 +154 +155 +158 +159 +160 +162 +163 +165 +166 +167 +168 +169 +171 +172 +173 +175 +176 +177 +179 +180 +181 +182 +183 +184 +186 +187 +189 +190 +191 +192 +193 +194 +196 +197 +198 +199 +200 +201 +202 +203 +204 +215 +216 +219 +244 +245 +246 +247 +248 +249 +250 +251 +252 +253 +254 +255 +257 +263 +277 +279 +280 +281 $
>CP017029_1
+1 +2 +5 +6 +7 -39 -38 -37 -36 -33 +44 +45 +46 +47 +50 +52 +53 +54 +55 +56 +57 +58 +59 +60 +61 +66 +69 +70 +71 +72 +73 +74 +75 +79 +80 +82 +83 +84 +85 +86 +87 +90 +92 +98 +99 +100 +101 +102 +103 +104 +105 +108 +131 +132 +133 +134 +135 +136 +137 +138 +139 +140 +141 +143 +144 +146 +147 +148 +149 +150 +151 +153 +154 +155 +158 +159 +160 +162 +163 +165 +166 +167 +168 +169 +171 +172 +173 +175 +176 +177 +179 +180 +181 +182 +183 +184 +186 +187 +189 +190 +191 +192 +193 +194 +196 +197 +198 +199 +200 +201 +202 +203 +204 +215 +216 +219 +244 +245 +246 +247 +248 +249 +250 +251 +252 +253 +254 +255 +257 +263 +277 +279 +280 +281 $
>CP010307_1
+1 +2 +5 +6 +7 +33 +36 +37 +38 +39 +44 +45 +46 +47 +50 +52 +53 +54 +55 +56 +57 +58 +59 +60 +61 +66 +69 +70 +71 +72 +73 +74 +75 +79 +80 +82 +83 +84 +85 +86 +87 +90 +92 +98 +99 +100 +101 +102 +103 +104 +105 +108 +131 +132 +133 +134 +135 +136 +137 +138 +139 +140 +141 +143 +144 +146 +147 +148 +149 +150 +151 +153 +154 +155 +158 +159 +160 +162 +163 +165 +166 +167 +168 +169 +171 +172 +173 +175 +176 +177 +179 +180 +181 +182 +183 +184 +186 +187 +189 +190 +191 +192 +193 +194 +196 +197 +198 +199 +200 +201 +202 +203 +204 +215 +216 +219 +244 +245 +246 +247 +248 +249 +250 +251 +252 +253 +254 +255 +257 +263 +277 +279 +280 +281 $
>LR134502_1
+1 +2 +5 +6 +7 -39 -38 -37 -36 -33 +44 +45 +46 +47 +50 +52 +53 +54 +55 +56 +57 +58 +59 +60 +61 +66 +69 +70 +71 +72 +73 +74 +75 +79 +80 +82 +83 +84 +85 +86 +87 +90 +92 +98 +99 +100 +101 +102 +103 +104 +105 +108 +131 +132 +133 +134 +135 +136 +137 +138 +139 +140 +141 +143 +144 +146 +147 +148 +149 +150 +151 +153 +154 +155 +158 +159 +160 +162 +163 +165 +166 +167 +168 +169 +171 +172 +173 +175 +176 +177 +179 +180 +181 +182 +183 +184 +186 +187 +189 +190 +191 +192 +193 +194 +196 +197 +198 +199 +200 +201 +202 +203 +204 +215 +216 +219 +244 +245 -247 -246 +248 +249 +250 +251 +252 +253 +254 +255 +257 +263 +277 +279 +280 +281 $
>AL111168_1
+1 +2 +5 +6 +7 -39 -38 -37 -36 -33 +44 +45 +46 +47 +50 +52 +53 +54 +55 +56 +57 +58 +59 +60 +61 +66 +69 +70 +71 +72 +73 +74 +75 +79 +80 +82 +83 +84 +85 +86 +87 +90 +92 +98 +99 +100 +101 +102 +103 +104 +105 +108 +131 +132 +133 +134 +135 +136 +137 +138 +139 +140 +141 +143 +144 +146 +147 +148 +149 +150 +151 +153 +154 +155 +158 +159 +160 +162 +163 +165 +166 +167 +168 +169 +171 +172 +173 +175 +176 +177 +179 +180 +181 +182 +183 +184 +186 +187 +189 +190 +191 +192 +193 +194 +196 +197 +198 +199 +200 +201 +202 +203 +204 +215 +216 +219 +244 +245 +246 +247 +248 +249 +250 +251 +252 +253 +254 +255 +257 +263 +277 +279 +280 +281 $
>CP047480_1
+1 +2 +5 +6 +7 -39 -38 -37 -36 -33 +44 +45 +46 +47 +50 +52 +53 +54 +55 +56 +57 +58 +59 +60 +61 +66 +69 +70 +71 +72 +73 +74 +75 +79 +80 +82 +83 +84 +85 +86 +87 +90 +92 +98 +99 +100 +101 +102 +103 +104 +105 +108 +131 +132 +133 +134 +135 +136 +137 +138 +139 +140 +141 +143 +144 +146 +147 +148 +149 +150 +151 +153 +154 +155 +158 +159 +160 +162 +163 +165 +166 +167 +168 +169 +171 +172 +173 +175 +176 +177 +179 +180 +181 +182 +183 +184 +186 +187 +189 +190 +191 +192 +193 +194 +196 +197 +198 +199 +200 +201 +202 +203 +204 +215 +216 +219 +244 +245 +246 +247 +248 +249 +250 +251 +252 +253 +254 +255 +257 +263 +277 +279 +280 +281 $
>CP008787_1
+1 +2 +5 +6 +7 -39 -38 -37 -36 -33 +44 +45 +46 +47 +50 +52 +53 +54 +55 +56 +57 +58 +59 +60 +61 +66 +69 +70 +71 +72 +73 +74 +75 +79 +80 +82 +83 +84 +85 +86 +87 +90 +92 +98 +99 +100 +101 +102 +103 +104 +105 +108 +131 +132 +133 +134 +135 +136 +137 +138 +139 +140 +141 +143 +144 +146 +147 +148 +149 +150 +151 +153 +154 +155 +158 +159 +160 +162 +163 +165 +166 +167 +168 +169 +171 +172 +173 +175 +176 +177 +179 +180 +181 +182 +183 +184 +186 +187 +189 +190 +191 +192 +193 +194 +196 +197 +198 +199 +200 +201 +202 +203 +204 +215 +216 +219 +244 +245 +246 +247 +248 +249 +250 +251 +252 +253 +254 +255 +257 +263 +277 +279 +280 +281 $
>CP012206_1
+1 +2 +5 +6 +7 -39 -38 -37 -36 -33 +44 +45 +46 +47 +50 +52 +53 +54 +55 +56 +57 +58 +59 +60 +61 +66 +69 +70 +71 +72 +73 +74 +75 +79 +80 +82 +83 +84 +85 +86 +87 +90 +92 +98 +99 +100 +101 +102 +103 +104 +105 +108 +131 +132 +133 +134 +135 +136 +137 +138 +139 +140 +141 +143 +144 +146 +147 +148 +149 +150 +151 +153 +154 +155 +158 +159 +160 +162 +163 +165 +166 +167 +168 +169 +171 +172 +173 +175 +176 +177 +179 +180 +181 +182 +183 +184 +186 +187 +189 +190 +191 +192 +193 +194 +196 +197 +198 +199 +200 +201 +202 +203 +204 +215 +216 +219 +244 +245 +246 +247 +248 +249 +250 +251 +252 +253 +254 +255 +257 +263 +277 +279 +280 +281 $
>CP017456_1
+1 +2 +5 +6 +7 -39 -38 -37 -36 -33 +44 +45 +46 +47 +50 +52 +53 +54 +55 +56 +57 +58 +59 +60 +61 +66 +69 +70 +71 +72 +73 +74 +75 +79 +80 +82 +83 +84 +85 +86 +87 +90 +92 +98 +99 +100 +101 +102 +103 +104 +105 +108 +131 +132 +133 +134 +135 +136 +137 +138 +139 +140 +141 +143 +144 +146 +147 +148 +149 +150 +151 +153 +154 +155 +158 +159 +160 +162 +163 +165 +166 +167 +168 +169 +171 +172 +173 +175 +176 +177 +179 +180 +181 +182 +183 +184 +186 +187 +189 +190 +191 +192 +193 +194 +196 +197 +198 +199 +200 +201 +202 +203 +204 +215 +216 +219 +244 +245 +246 +247 +248 +249 +250 +251 +252 +253 +254 +255 +257 +263 +277 +279 +280 +281 $
>LR134507_1
+1 +2 +5 +6 +7 -39 -38 -37 -36 -33 +44 +45 +46 +47 +50 +52 +53 +54 +55 +56 +57 +58 +59 +60 +61 +66 +69 +70 +71 +72 +73 +74 +75 +79 +80 +82 +83 +84 +85 +86 +87 +90 +92 +98 +99 +100 +101 +102 +103 +104 +105 +108 +131 +132 +133 +134 +135 +136 +137 +138 +139 +140 +141 +143 +144 +146 +147 +148 +149 +150 +151 +153 +154 +155 +158 +159 +160 +162 +163 +165 +166 +167 +168 +169 +171 +172 +173 +175 +176 +177 +179 +180 +181 +182 +183 +184 +186 +187 +189 +190 +191 +192 +193 +194 +196 +197 +198 +199 +200 +201 +202 +203 +204 +215 +216 +219 +244 +245 -247 -246 +248 +249 +250 +251 +252 +253 +254 +255 +257 +263 +277 +279 +280 +281 $
>CP023867_1
+1 +2 +5 +6 +7 +39 +38 +37 +36 +33 +44 +45 +46 +47 +50 +52 +53 +54 +55 +56 +57 +58 +59 +60 +61 +66 +69 +70 +71 +72 +73 +74 +75 +79 +80 +82 +83 +84 +85 +86 +87 +90 +92 +98 +99 +100 +101 +102 +103 +104 +105 +108 +131 +132 +133 +134 +135 +136 +137 +138 +139 +140 +141 +143 +144 +146 +147 +148 +149 +150 +151 +153 +154 +155 +158 +159 +160 +162 +163 +165 +166 +167 +168 +169 +171 +172 +173 +175 +176 +177 +179 +180 +181 +182 +183 +184 +186 +187 +189 +190 +191 +192 +193 +194 +196 +197 +198 +199 +200 +201 +202 +203 +204 +215 +216 +219 +244 +245 +246 +247 +248 +249 +250 +251 +252 +253 +254 +255 +257 +263 +277 +279 +280 +281 $
>CP022076_1
+1 +2 +5 +6 +7 -39 -38 -37 -36 -33 +44 +45 +46 +47 +50 +52 +53 +54 +55 +56 +57 +58 +59 +60 +61 +66 +69 +70 +71 +72 +73 +74 +75 +79 +80 +82 +83 +84 +85 +86 +87 +90 +92 +98 +99 +100 +101 +102 +103 +104 +105 +108 +131 +132 +133 +134 +135 +136 +137 +138 +139 +140 +141 +143 +144 +146 +147 +148 +149 +150 +151 +153 +154 +155 +158 +159 +160 +162 +163 +165 +166 +167 +168 +169 +171 +172 +173 +175 +176 +177 +179 +180 +181 +182 +183 +184 +186 +187 +189 +190 +191 +192 +193 +194 +196 +197 +198 +199 +200 +201 +202 +203 +204 +215 +216 +219 +244 +245 +246 +247 +248 +249 +250 +251 +252 +253 +254 +255 +257 +263 +277 +279 +280 +281 $
>CP012149_1
+1 +2 +5 +6 +7 -39 -38 -37 -36 -33 +44 +45 +46 +47 +50 +52 +53 +54 +55 +56 +57 +58 +59 +60 +61 +66 +69 +70 +71 +72 +73 +74 +75 +79 +80 +82 +83 +84 +85 +86 +87 +90 +92 +98 +99 +100 +101 +102 +103 +104 +105 +108 +131 +132 +133 +134 +135 +136 +137 +138 +139 +140 +141 +143 +144 +146 +147 +148 +149 +150 +151 +153 +154 +155 +158 +159 +160 +162 +163 +165 +166 +167 +168 +169 +171 +172 +173 +175 +176 +177 +179 +180 +181 +182 +183 +184 +186 +187 +189 +190 +191 +192 +193 +194 +196 +197 +198 +199 +200 +201 +202 +203 +204 +215 +216 +219 +244 +245 +246 +247 +248 +249 +250 +251 +252 +253 +254 +255 +257 +263 +277 +279 +280 +281 $
>CP003871_4
+1 +2 +5 +6 +7 -39 -38 -37 -36 -33 +44 +45 +46 +47 +50 +52 +53 +54 +55 +56 +57 +58 +59 +60 +61 +66 +69 +70 +71 +72 +73 +74 +75 +79 +80 +82 +83 +84 +85 +86 +87 +90 +92 +98 +99 +100 +101 +102 +103 +104 +105 +108 +131 +132 +133 +134 +135 +136 +137 +138 +139 +140 +141 +143 +144 +146 +147 +148 +149 +150 +151 +153 +154 +155 +158 +159 +160 +162 +163 +165 +166 +167 +168 +169 +171 +172 +173 +175 +176 +177 +179 +180 +181 +182 +183 +184 +186 +187 +189 +190 +191 +192 +193 +194 +196 +197 +198 +199 +200 +201 +202 +203 +204 +215 +216 +219 +244 +245 +246 +247 +248 +249 +250 +251 +252 +253 +254 +255 +257 +263 +277 +279 +280 +281 $
>CP006006_1
+1 +2 +5 +6 +7 -39 -38 -37 -36 -33 +44 +45 +46 +47 +50 +52 +53 +54 +55 +56 +57 +58 +59 +60 +61 +66 +69 +70 +71 +72 +73 +74 +75 +79 +80 +82 +83 +84 +85 +86 +87 +90 +92 +98 +99 +100 +101 +102 +103 +104 +105 +108 +131 +132 +133 +134 +135 +136 +137 +138 +139 +140 +141 +143 +144 +146 +147 +148 +149 +150 +151 +153 +154 +155 +158 +159 +160 +162 +163 +165 +166 +167 +168 +169 +171 +172 +173 +175 +176 +177 +179 +180 +181 +182 +183 +184 +186 +187 +189 +190 +191 +192 +193 +194 +196 +197 +198 +199 +200 +201 +202 +203 +204 +215 +216 +219 +244 +245 +246 +247 +248 +249 +250 +251 +252 +253 +254 +255 +257 +263 +277 +279 +280 +281 $
>HE978252_1
+1 +2 +5 +6 +7 -39 -38 -37 -36 -33 +44 +45 +46 +47 +50 +52 +53 +54 +55 +56 +57 +58 +59 +60 +61 +66 +69 +70 +71 +72 +73 +74 +75 +79 +80 +82 +83 +84 +85 +86 +87 +90 +92 +98 +99 +100 +101 +102 +103 +104 +105 +108 +131 +132 +133 +134 +135 +136 +137 +138 +139 +140 +141 +143 +144 +146 +147 +148 +149 +150 +151 +153 +154 +155 +158 +159 +160 +162 +163 +165 +166 +167 +168 +169 +171 +172 +173 +175 +176 +177 +179 +180 +181 +182 +183 +184 +186 +187 +189 +190 +191 +192 +193 +194 +196 +197 +198 +199 +200 +201 +202 +203 +204 +215 +216 +219 +244 +245 +246 +247 +248 +249 +250 +251 +252 +253 +254 +255 +257 +263 +277 +279 +280 +281 $
>CP017031_1
+1 +2 +5 +6 +7 -39 -38 -37 -36 -33 +44 +45 +46 +47 +50 +52 +53 +54 +55 +56 +57 +58 +59 +60 +61 +66 +69 +70 +71 +72 +73 +74 +75 +79 +80 +82 +83 +84 +85 +86 +87 +90 +92 +98 +99 +100 +101 +102 +103 +104 +105 +108 +131 +132 +133 +134 +135 +136 +137 +138 +139 +140 +141 +143 +144 +146 +147 +148 +149 +150 +151 +153 +154 +155 +158 +159 +160 +162 +163 +165 +166 +167 +168 +169 +171 +172 +173 +175 +176 +177 +179 +180 +181 +182 +183 +184 +186 +187 +189 +190 +191 +192 +193 +194 +196 +197 +198 +199 +200 +201 +202 +203 +204 +215 +216 +219 +244 +245 +246 +247 +248 +249 +250 +251 +252 +253 +254 +255 +257 +263 +277 +279 +280 +281 $
>CP047477_1
+1 +2 +5 +6 +7 +39 +38 +37 +36 +33 +44 +45 +46 +47 +50 +52 +53 +54 +55 +56 +57 +58 +59 +60 +61 +66 +69 +70 +71 +72 +73 +74 +75 +79 +80 +82 +83 +84 +85 +86 +87 +90 +92 +98 +99 +100 +101 +102 +103 +104 +105 +108 +131 +132 +133 +134 +135 +136 +137 +138 +139 +140 +141 +143 +144 +146 +147 +148 +149 +150 +151 +153 +154 +155 +158 +159 +160 +162 +163 +165 +166 +167 +168 +169 +171 +172 +173 +175 +176 +177 +179 +180 +181 +182 +183 +184 +186 +187 +189 +190 +191 +192 +193 +194 +196 +197 +198 +199 +200 +201 +202 +203 +204 +215 +216 +219 +244 +245 +246 +247 +248 +249 +250 +251 +252 +253 +254 +255 +257 +263 +277 +279 +280 +281 $
>CP000768_1
+1 +2 +5 +6 +7 -39 -38 -37 -36 -33 -219 -216 -215 -204 -203 -202 -201 -200 -199 -198 -197 -196 -194 -193 -192 -191 -190 -189 -187 -186 -184 -183 -182 -181 -180 -179 -177 -176 -175 -173 -172 -171 -169 -168 -167 -166 -165 -163 -162 -160 -159 -158 -155 -151 -150 -149 -148 +143 +144 +146 +147 -102 -101 -100 -99 -98 +153 +154 -141 -140 -139 -138 -137 -136 -135 -134 -133 -132 -131 -108 -105 -104 -103 -92 -90 -87 -86 -85 -84 -83 -82 -80 -79 -75 -74 -73 -72 -71 -70 -69 -66 -61 -60 -59 -58 -57 -56 -55 -54 -53 -52 -50 -47 -46 -45 -44 +244 +245 +246 +247 +248 +249 +250 +251 +252 +253 +254 +255 +257 +263 +277 +279 +280 +281 $
>CP007192_1
+1 +2 +5 +6 +7 -39 -38 -37 -36 -33 +44 +45 +46 +47 +50 +52 +53 +54 +55 +56 +57 +58 +59 +60 +61 +66 +69 +70 +71 +72 +73 +74 +75 +79 +80 +82 +83 +84 +85 +86 +87 +90 +92 +98 +99 +100 +101 +102 +103 +104 +105 +108 +131 +132 +133 +134 +135 +136 +137 +138 +139 +140 +141 +143 +144 +146 +147 +148 +149 +150 +151 +153 +154 +155 +158 +159 +160 +162 +163 +165 +166 +167 +168 +169 +171 +172 +173 +175 +176 +177 +179 +180 +181 +182 +183 +184 +186 +187 +189 +190 +191 +192 +193 +194 +196 +197 +198 +199 +200 +201 +202 +203 +204 +215 +216 +219 +244 +245 +246 +247 +248 +249 +250 +251 +252 +253 +254 +255 +257 +263 +277 +279 +280 +281 $
>CP012213_1
+1 +2 +5 +6 +7 -39 -38 -37 -36 -33 +44 +45 +46 +47 +50 +52 +53 +54 +55 +56 +57 +58 +59 +60 +61 +66 +69 +70 +71 +72 +73 +74 +75 +79 +80 +82 +83 +84 +85 +86 +87 +90 +92 +98 +99 +100 +101 +102 +103 +104 +105 +108 +131 +132 +133 +134 +135 +136 +137 +138 +139 +140 +141 +143 +144 +146 +147 +148 +149 +150 +151 +153 +154 +155 +158 +159 +160 +162 +163 +165 +166 +167 +168 +169 +171 +172 +173 +175 +176 +177 +179 +180 +181 +182 +183 +184 +186 +187 +189 +190 +191 +192 +193 +194 +196 +197 +198 +199 +200 +201 +202 +203 +204 +215 +216 +219 +244 +245 +246 +247 +248 +249 +250 +251 +252 +253 +254 +255 +257 +263 +277 +279 +280 +281 $
>LN831025_1
+1 +2 +5 +6 +7 -39 -38 -37 -36 -33 +44 +45 +46 +47 +50 +52 +53 +54 +55 +56 +57 +58 +59 +60 +61 +66 +69 +70 +71 +72 +73 +74 +75 +79 +80 +82 +83 +84 +85 +86 +87 +90 +92 +98 +99 +100 +101 +102 +103 +104 +105 +108 +131 +132 +133 +134 +135 +136 +137 +138 +139 +140 +141 +143 +144 +146 +147 +148 +149 +150 +151 +153 +154 +155 +158 +159 +160 +162 +163 +165 +166 +167 +168 +169 +171 +172 +173 +175 +176 +177 +179 +180 +181 +182 +183 +184 +186 +187 +189 +190 +191 +192 +193 +194 +196 +197 +198 +199 +200 +201 +202 +203 +204 +215 +216 +219 +244 +245 +246 +247 +248 +249 +250 +251 +252 +253 +254 +255 +257 +263 +277 +279 +280 +281 $
>CP045048_1
+1 +2 +5 +6 +7 -39 -38 -37 -36 -33 +44 +45 +46 +47 +50 +52 +53 +54 +55 +56 +57 +58 +59 +60 +61 +66 +69 +70 +71 +72 +73 +74 +75 +79 +80 +82 +83 +84 +85 +86 +87 +90 +92 +98 +99 +100 +101 +102 +103 +104 +105 +108 +131 +132 +133 +134 +135 +136 +137 +138 +139 +140 +141 +143 +144 +146 +147 +148 +149 +150 +151 +153 +154 +155 +158 +159 +160 +162 +163 +165 +166 +167 +168 +169 +171 +172 +173 +175 +176 +177 +179 +180 +181 +182 +183 +184 +186 +187 +189 +190 +191 +192 +193 +194 +196 +197 +198 +199 +200 +201 +202 +203 +204 +215 +216 +219 +244 +245 +246 +247 +248 +249 +250 +251 +252 +253 +254 +255 +257 +263 +277 +279 +280 +281 $
>CP007191_1
+1 +2 +5 +6 +7 -39 -38 -37 -36 -33 +44 +45 +46 +47 +50 +52 +53 +54 +55 +56 +57 +58 +59 +60 +61 +66 +69 +70 +71 +72 +73 +74 +75 +79 +80 +82 +83 +84 +85 +86 +87 +90 +92 +98 +99 +100 +101 +102 +103 +104 +105 +108 +131 +132 +133 +134 +135 +136 +137 +138 +139 +140 +141 +143 +144 +146 +147 +148 +149 +150 +151 +153 +154 +155 +158 +159 +160 +162 +163 +165 +166 +167 +168 +169 +171 +172 +173 +175 +176 +177 +179 +180 +181 +182 +183 +184 +186 +187 +189 +190 +191 +192 +193 +194 +196 +197 +198 +199 +200 +201 +202 +203 +204 +215 +216 +219 +244 +245 +246 +247 +248 +249 +250 +251 +252 +253 +254 +255 +257 +263 +277 +279 +280 +281 $
