15	2
33	2
18	3
29	1
24	5
46	1
35	3
17	5
9	9
19	3
25	1
52	1
51	1
101	1
104	1
105	1
88	2
30	1
89	2
16	10
13	9
12	5
71	4
70	1
11	12
78	1
58	1
2	58
61	3
3	57
62	3
4	29
95	3
93	1
10	4
97	134
38	3
92	7
5	32
64	2
96	32
98	30
39	2
94	4
7	11
85	3
26	3
77	3
67	1
8	10
59	1
83	3
6	24
260	1
14	4
73	2
68	1
90	1
31	1
50	1
100	1
40	2
87	1
28	3
43	1
23	4
27	2
21	2
91	1
57	1
20	7
22	1
--------------------------------------------------------------------------------
CP003871.4	82.6427
CP002029.1	82.0014
CP041584.1	80.7112
CP045048.1	79.2813
CP006686.1	82.5169
CP022559.1	82.4698
LN831025.1	79.194
CP047477.1	80.1482
CP005388.1	81.935
CP012690.1	82.3086
CP047480.1	79.6194
CP001900.1	83.3482
LR134511.1	82.5276
CP047484.1	82.8433
CP017456.1	81.7636
AL111168.1	82.5167
CP034393.1	79.3929
LR134507.1	82.8083
CP047478.1	82.2018
CP012224.1	80.85
LS483362.1	82.5169
CP014344.1	81.66
HG428754.1	81.3897
CP012149.1	83.348
CP023343.1	81.4484
CP045789.1	80.8588
CP006689.1	82.5168
CP022076.1	79.1203
CP001960.1	82.0661
CP001876.1	82.7113
CP028910.1	81.4442
CP007190.1	82.3782
CP023543.1	81.2017
LR134530.1	79.0262
CP028372.1	80.7832
CP023866.1	79.0269
CP019838.1	79.1866
CP028912.1	82.7374
CP012696.1	82.6799
CP014742.1	82.1693
CP017029.1	78.9653
CP006685.1	82.5169
CP019965.1	83.0289
CP017860.1	78.4437
CP012221.1	77.3319
CP006687.1	82.5167
CP022080.1	83.2891
LR134502.1	82.7264
CP012217.1	79.4067
CP007191.1	82.5258
CP053659.1	81.4488
CP007189.1	82.3783
CP007188.1	78.9084
CP020776.1	80.2734
CP006851.1	80.8995
CP022077.1	82.5083
CP006709.2	81.4759
CP007192.1	82.3238
CP006688.1	82.5167
CP007193.1	82.6201
CP012206.1	79.2468
CP000814.1	83.2791
CP012210.1	81.5733
CP017229.1	82.615
CP012214.1	82.77
CP000768.1	79.569
LR134497.1	78.661
CP014744.1	82.6625
CP010058.1	81.125
CP012220.1	82.8133
CP022470.1	81.9579
CP000025.1	79.0265
CM000854.1	77.6498
CP006006.1	80.8356
CP012211.1	82.7931
LS483295.1	79.676
CP023867.1	81.037
CP022440.1	82.4223
CP007751.1	82.7387
CP012213.1	82.9793
CP012216.1	82.1978
CP020045.1	82.7454
CP022439.1	82.4853
LR134359.1	76.8498
HE978252.1	82.5167
CP023446.1	82.2677
CP017862.1	82.2037
CP017031.1	82.1418
CP028911.1	82.9391
CP010307.1	81.8097
CP012689.1	82.3083
CP008787.1	81.975
CP022079.1	80.9276
CP027403.1	79.5673
CP017863.1	81.5745
CP015209.1	81.4075
CM000855.1	78.8625
