>CP010058.1
+1 +2 +5 +6 +7 +33 +36 +37 +38 +39 +44 +45 +46 +47 +50 +52 +53 +54 +55 +56 +57 +58 +59 +60 +61 +66 +69 +70 +71 +72 +73 +74 +75 +79 +80 +82 +83 +84 +85 +86 +87 +90 +92 +98 +99 +100 +101 +102 +103 +104 +105 +108 +131 +132 +133 +134 +135 +136 +137 +138 +139 +140 +141 +143 +144 +146 +147 +148 +149 +150 +151 +153 +154 +155 +158 +159 +160 +162 +163 +165 +166 +167 +168 +169 +171 +172 +173 +175 +176 +177 +179 +180 +181 +182 +183 +184 +186 +187 +189 +190 +191 +192 +193 +194 +196 +197 +198 +199 +200 +201 +202 +203 +204 +215 +216 +219 +244 +245 +246 +247 +248 +249 +250 +251 +252 +253 +254 +255 +257 +263 +277 +279 +280 +281 @
>CP012206.1
-39 -38 -37 -36 -33 +44 +45 +46 +47 +50 +52 +53 +54 +55 +56 +57 +58 +59 +60 +61 +66 +69 +70 +71 +72 +73 +74 +75 +79 +80 +82 +83 +84 +85 +86 +87 +90 +92 +98 +99 +100 +101 +102 +103 +104 +105 +108 +131 +132 +133 +134 +135 +136 +137 +138 +139 +140 +141 +143 +144 +146 +147 +148 +149 +150 +151 +153 +154 +155 +158 +159 +160 +162 +163 +165 +166 +167 +168 +169 +171 +172 +173 +175 +176 +177 +179 +180 +181 +182 +183 +184 +186 +187 +189 +190 +191 +192 +193 +194 +196 +197 +198 +199 +200 +201 +202 +203 +204 +215 +216 +219 +244 +245 +246 +247 +248 +249 +250 +251 +252 +253 +254 +255 +257 +263 +277 +279 +280 +281 +1 +2 +5 +6 +7 @
>CP012210.1
-39 -38 -37 -36 -33 +44 +45 +46 +47 +50 +52 +53 +54 +55 +56 +57 +58 +59 +60 +61 +66 +69 +70 +82 +83 +84 +85 +86 +87 +90 +92 +98 +99 +100 +101 +102 +103 +104 +105 +108 +71 +72 +73 +74 +75 +79 +80 +131 +132 +133 +134 +135 +136 +137 +138 +139 +140 +141 +143 +144 +146 +147 +148 +149 +150 +151 +153 +154 +155 +158 +159 +160 +162 +163 +165 +166 +167 +168 +169 +171 +172 +173 +175 +176 +177 +179 +180 +181 +182 +183 +184 +186 +187 +189 +190 +191 +192 +193 +194 +196 +197 +198 +199 +200 +201 +202 +203 +204 +215 +216 +219 +244 +245 +246 +247 +248 +249 +250 +251 +252 +253 +254 +255 +257 +263 +277 +279 +280 +281 +1 +2 +5 +6 +7 @
>CP007192.1
+1 +2 +5 +6 +7 -39 -38 -37 -36 -33 +44 +45 +46 +47 +50 +52 +53 +54 +55 +56 +57 +58 +59 +60 +61 +66 +69 +70 +71 +72 +73 +74 +75 +79 +80 +82 +83 +84 +85 +86 +87 +90 +92 +98 +99 +100 +101 +102 +103 +104 +105 +108 +131 +132 +133 +134 +135 +136 +137 +138 +139 +140 +141 +143 +144 +146 +147 +148 +149 +150 +151 +153 +154 +155 +158 +159 +160 +162 +163 +165 +166 +167 +168 +169 +171 +172 +173 +175 +176 +177 +179 +180 +181 +182 +183 +184 +186 +187 +189 +190 +191 +192 +193 +194 +196 +197 +198 +199 +200 +201 +202 +203 +204 +215 +216 +219 +244 +245 +246 +247 +248 +249 +250 +251 +252 +253 +254 +255 +257 +263 +277 +279 +280 +281 @
>CP007193.1
+1 +2 +5 +6 +7 -39 -38 -37 -36 -33 +44 +45 +46 +47 +50 +52 +53 +54 +55 +56 +57 +58 +59 +60 +61 +66 +69 +70 +71 +72 +73 +74 +75 +79 +80 +82 +83 +84 +85 +86 +87 +90 +92 +98 +99 +100 +101 +102 +103 +104 +105 +108 +131 +132 +133 +134 +135 +136 +137 +138 +139 +140 +141 +143 +144 +146 +147 +148 +149 +150 +151 +153 +154 +155 +158 +159 +160 +162 +163 +165 +166 +167 +168 +169 +171 +172 +173 +175 +176 +177 +179 +180 +181 +182 +183 +184 +186 +187 +189 +190 +191 +192 +193 +194 +196 +197 +198 +199 +200 +201 +202 +203 +204 +215 +216 +219 +244 +245 +246 +247 +248 +249 +250 +251 +252 +253 +254 +255 +257 +263 +277 +279 +280 +281 @
>CP014742.1
+263 +277 +279 +280 +281 +1 +2 +5 +6 +7 -39 -38 -37 -36 -33 +44 +45 +46 +47 +50 +52 +53 +54 +55 +56 +57 +58 +59 +60 +61 +66 +69 +70 +71 +72 +73 +74 +75 +79 +80 +82 +83 +84 +85 +86 +87 +90 +92 +98 +99 +100 +101 +102 +103 +104 +105 +108 +131 +132 +133 +134 +135 +136 +137 +138 +139 +140 +141 +143 +144 +146 +147 +148 +149 +150 +151 +153 +154 +155 +158 +159 +160 +162 +163 +165 +166 +167 +168 +169 +171 +172 +173 +175 +176 +177 +179 +180 +181 +182 +183 +184 +186 +187 +189 +190 +191 +192 +193 +194 +196 +197 +198 +199 +200 +201 +202 +203 +204 +215 +216 +219 +244 +245 +246 +247 +248 +249 +250 +251 +252 +253 +254 +255 +257 @
>CP014744.1
+1 +2 +5 +6 +7 -39 -38 -37 -36 -33 +44 +45 +46 +47 +50 +52 +53 +54 +55 +56 +57 +58 +59 +60 +61 +66 +69 +70 +71 +72 +73 +74 +75 +79 +80 +82 +83 +84 +85 +86 +87 +90 +92 +98 +99 +100 +101 +102 +103 +104 +105 +108 +131 +132 +133 +134 +135 +136 +137 +138 +139 +140 +141 +143 +144 +146 +147 +148 +149 +150 +151 +153 +154 +155 +158 +159 +160 +162 +163 +165 +166 +167 +168 +169 +171 +172 +173 +175 +176 +177 +179 +180 +181 +182 +183 +184 +186 +187 +189 +190 +191 +192 +193 +194 +196 +197 +198 +199 +200 +201 +202 +203 +204 +215 +216 +219 +244 +245 +246 +247 +248 +249 +250 +251 +252 +253 +254 +255 +257 +263 +277 +279 +280 +281 @
>CP012214.1
-39 -38 -37 -36 -33 +44 +45 +46 +47 +50 +52 +53 +54 +55 +56 +57 +58 +59 +60 +61 +66 +69 +70 +71 +72 +73 +74 +75 +79 +80 +82 +83 +84 +85 +86 +87 +90 +92 +98 +99 +100 +101 +102 +103 +104 +105 +108 +131 +132 +133 +134 +135 +136 +137 +138 +139 +140 +141 +143 +144 +146 +147 +148 +149 +150 +151 +153 +154 +155 +158 +159 +160 +162 +163 +165 +166 +167 +168 +169 +171 +172 +173 +175 +176 +177 +179 +180 +181 +182 +183 +184 +186 +187 +189 +190 +191 +192 +193 +194 +196 +197 +198 +199 +200 +201 +202 +203 +204 +215 +216 +219 +244 +245 +246 +247 +248 +249 +250 +251 +252 +253 +254 +255 +257 +263 +277 +279 +280 +281 +1 +2 +5 +6 +7 @
>CP012220.1
-39 -38 -37 -36 -33 +44 +45 +46 +47 +50 +52 +53 +54 +55 +56 +57 +58 +59 +60 +61 +66 +69 +70 +71 +72 +73 +74 +75 +79 +80 +82 +83 +84 +85 +86 +87 +90 +92 +98 +99 +100 +101 +102 +103 +104 +105 +108 +131 +132 +133 +134 +135 +136 -139 -138 -137 +140 +141 +143 +144 +146 +147 +148 +149 +150 +151 +153 +154 +155 +158 +159 +160 +162 +163 +165 +166 +167 +168 +169 +171 +172 +173 +175 +176 +177 +179 +180 +181 +182 +183 +184 +186 +187 +189 +190 +191 +192 +193 +194 +196 +197 +198 +199 +200 +201 +202 +203 +204 +215 +216 +219 +244 +245 +246 +247 +248 +249 +250 +251 +252 +253 +254 +255 +257 +263 +277 +279 +280 +281 +1 +2 +5 +6 +7 @
>CP000814.1
+1 +2 +5 +6 +7 -39 -38 -37 -36 -33 +44 +45 +46 +47 +50 +52 +53 +54 +55 +56 +57 +58 +59 +60 +61 +66 +69 +70 +71 +72 +73 +74 +75 +79 +80 +82 +83 +84 +85 +86 +87 +90 +92 +98 +99 +100 +101 +102 +103 +104 +105 +108 +131 +132 +133 +134 +135 +136 +137 +138 +139 +140 +141 +143 +144 +146 +147 +148 +149 +150 +151 +153 +154 +155 +158 +159 +160 +162 +163 +165 +166 +167 +168 +169 +171 +172 +173 +175 +176 +177 +179 +180 +181 +182 +183 +184 +186 +187 +189 +190 +191 +192 +193 +194 +196 +197 +198 +199 +200 +201 +202 +203 +204 +215 +216 +219 +244 +245 +246 +247 +248 +249 +250 +251 +252 +253 +254 +255 +257 +263 +277 +279 +280 +281 @
>CP000025.1
+1 +2 +5 +6 +7 -39 -38 -37 -36 -33 +44 +45 +46 +47 +50 +52 +53 +54 +55 +56 +57 +58 +59 +60 +61 +66 +69 +70 +71 +72 +73 +74 +75 +79 +80 +82 +83 +84 +85 +86 +87 +90 +92 +98 +99 +100 +101 +102 +103 +104 +105 +108 +131 +132 +133 +134 +135 +136 +137 +138 +139 +140 +141 +143 +144 +146 +147 +148 +149 +150 +151 +153 +154 +155 +158 +159 +160 +162 +163 +165 +166 +167 +168 +169 +171 +172 +173 +175 +176 +177 +179 +180 +181 +182 +183 +184 +186 +187 +189 +190 +191 +192 +193 +194 +196 +197 +198 +199 +200 +201 +202 +203 +204 +215 +216 +219 +244 +245 +246 +247 +248 +249 +250 +251 +252 +253 +254 +255 +257 +263 +277 +279 +280 +281 @
>CM000854.1
+279 +280 +281 +1 +2 +5 +6 +7 -39 -38 -37 -36 -33 +44 +45 +46 +47 +50 +52 +53 +54 +55 +56 +57 +58 +59 +60 +61 +66 +69 +70 +71 +72 +73 +74 +75 +79 +80 +82 +83 +84 +85 +86 +87 +90 +92 +98 +99 +100 +101 +102 +103 +104 +105 +108 +131 +132 +133 +134 +135 +136 +137 +138 +139 +140 +141 +143 +144 +146 +147 +148 +149 +150 +151 +153 +154 +155 +158 +159 +160 +162 +163 +165 +166 +167 +168 +169 +171 +172 +173 +175 +176 +177 +179 +180 +181 +182 +183 +184 +186 +187 +189 +190 +191 +192 +193 +194 +196 +197 +198 +199 +200 +201 +202 +203 +204 +215 +216 +219 +244 +245 +246 +247 +248 +249 +250 +251 +252 +253 +254 +255 +257 +263 +277 @
>CP006687.1
+1 +2 +5 +6 +7 -39 -38 -37 -36 -33 +44 +45 +46 +47 +50 +52 +53 +54 +55 +56 +57 +58 +59 +60 +61 +66 +69 +70 +71 +72 +73 +74 +75 +79 +80 +82 +83 +84 +85 +86 +87 +90 +92 +98 +99 +100 +101 +102 +103 +104 +105 +108 +131 +132 +133 +134 +135 +136 +137 +138 +139 +140 +141 +143 +144 +146 +147 +148 +149 +150 +151 +153 +154 +155 +158 +159 +160 +162 +163 +165 +166 +167 +168 +169 +171 +172 +173 +175 +176 +177 +179 +180 +181 +182 +183 +184 +186 +187 +189 +190 +191 +192 +193 +194 +196 +197 +198 +199 +200 +201 +202 +203 +204 +215 +216 +219 +244 +245 +246 +247 +248 +249 +250 +251 +252 +253 +254 +255 +257 +263 +277 +279 +280 +281 @
>CP006688.1
+1 +2 +5 +6 +7 -39 -38 -37 -36 -33 +44 +45 +46 +47 +50 +52 +53 +54 +55 +56 +57 +58 +59 +60 +61 +66 +69 +70 +71 +72 +73 +74 +75 +79 +80 +82 +83 +84 +85 +86 +87 +90 +92 +98 +99 +100 +101 +102 +103 +104 +105 +108 +131 +132 +133 +134 +135 +136 +137 +138 +139 +140 +141 +143 +144 +146 +147 +148 +149 +150 +151 +153 +154 +155 +158 +159 +160 +162 +163 +165 +166 +167 +168 +169 +171 +172 +173 +175 +176 +177 +179 +180 +181 +182 +183 +184 +186 +187 +189 +190 +191 +192 +193 +194 +196 +197 +198 +199 +200 +201 +202 +203 +204 +215 +216 +219 +244 +245 +246 +247 +248 +249 +250 +251 +252 +253 +254 +255 +257 +263 +277 +279 +280 +281 @
>CP006709.2
+1 +2 +5 +6 +7 +33 +36 +37 +38 +39 +44 +45 +46 +47 +50 +52 +53 +54 +55 +56 +57 +58 +59 +60 +61 +66 +69 +70 +71 +72 +73 +74 +75 +79 +80 +82 +83 +84 +85 +86 +87 +90 +92 +98 +99 +100 +101 +102 +103 +104 +105 +108 +131 +132 +133 +134 +135 +136 +137 +138 +139 +140 +141 +143 +144 +146 +147 +148 +149 +150 +151 +153 +154 +155 +158 +159 +160 +162 +163 +165 +166 +167 +168 +169 +171 +172 +173 +175 +176 +177 +179 +180 +181 +182 +183 +184 +186 +187 +189 +190 +191 +192 +193 +194 +196 +197 +198 +199 +200 +201 +202 +203 +204 +215 +216 +219 +244 +245 +246 +247 +248 +249 +250 +251 +252 +253 +254 +255 +257 +263 +277 +279 +280 +281 @
>CP006851.1
+1 +2 +5 +6 +7 -39 -38 -37 -36 -33 +44 +45 +46 +47 +50 +52 +53 +54 +55 +56 +57 +58 +59 +60 +61 +66 +69 +70 +71 +72 +73 +74 +75 +79 +80 +82 +83 +84 +85 +86 +87 +90 +92 +98 +99 +100 +101 +102 +103 +104 +105 +108 +131 +132 +133 +134 +135 +136 +137 +138 +139 +140 +141 +143 +144 +146 +147 +148 +149 +150 +151 +153 +154 +155 +158 +159 +160 +162 +163 +165 +166 +167 +168 +169 +171 +172 +173 +175 +176 +177 +179 +180 +181 +182 +183 +184 +186 +187 +189 +190 +191 +192 +193 +194 +196 +197 +198 +199 +200 +201 +202 +203 +204 +215 +216 +219 +244 +245 +246 +247 +248 +249 +250 +251 +252 +253 +254 +255 +257 +263 +277 +279 +280 +281 @
>CP007188.1
+1 +2 +5 +6 +7 -39 -38 -37 -36 -33 +44 +45 +46 +47 +50 +52 +53 +54 +55 +56 +57 +58 +59 +60 +61 +66 +69 +70 +71 +72 +73 +74 +75 +79 +80 +82 +83 +84 +85 +86 +87 +90 +92 +98 +99 +100 +101 +102 +103 +104 +105 +108 +131 +132 +133 +134 +135 +136 +137 +138 +139 +140 +141 +143 +144 +146 +147 +148 +149 +150 +151 +153 +154 +155 +158 +159 +160 +162 +163 +165 +166 +167 +168 +169 +171 +172 +173 +175 +176 +177 +179 +180 +181 +182 +183 +184 +186 +187 +189 +190 +191 +192 +193 +194 +196 +197 +198 +199 +200 +201 +202 +203 +204 +215 +216 +219 +244 +245 +246 +247 +248 +249 +250 +251 +252 +253 +254 +255 +257 +263 +277 +279 +280 +281 @
>CP007189.1
+1 +2 +5 +6 +7 -39 -38 -37 -36 -33 +44 +45 +46 +47 +50 +52 +53 +54 +55 +56 +57 +58 +59 +60 +61 +66 +69 +70 +71 +72 +73 +74 +75 +79 +80 +82 +83 +84 +85 +86 +87 +90 +92 +98 +99 +100 +101 +102 +103 +104 +105 +108 +131 +132 +133 +134 +135 +136 +137 +138 +139 +140 +141 +143 +144 +146 +147 +148 +149 +150 +151 +153 +154 +155 +158 +159 +160 +162 +163 +165 +166 +167 +168 +169 +171 +172 +173 +175 +176 +177 +179 +180 +181 +182 +183 +184 +186 +187 +189 +190 +191 +192 +193 +194 +196 +197 +198 +199 +200 +201 +202 +203 +204 +215 +216 +219 +244 +245 +246 +247 +248 +249 +250 +251 +252 +253 +254 +255 +257 +263 +277 +279 +280 +281 @
>CP053659.1
+1 +2 +5 +6 +7 -39 -38 -37 -36 -33 +44 +45 +46 +47 +50 +52 +53 +54 +55 +56 +57 +58 +59 +60 +61 +66 +69 +70 +71 +72 +73 +74 +75 +79 +80 +82 +83 +84 +85 +86 +87 +90 +92 +98 +99 +100 +101 +102 +103 +104 +105 +108 +131 +132 +133 +134 +135 +136 +137 +138 +139 +140 +141 +143 +144 +146 +147 +148 +149 +150 +151 +153 +154 +155 +158 +159 +160 +162 +163 +165 +166 +167 +168 +169 +171 +172 +173 +175 +176 +177 +179 +180 +181 +182 +183 +184 +186 +187 +189 +190 +191 +192 +193 +194 +196 +197 +198 +199 +200 +201 +202 +203 +204 +215 +216 +219 -245 -244 +246 +247 +248 +249 +250 +251 +252 +253 +254 +255 +257 +263 +277 +279 +280 +281 @
>CP007191.1
+1 +2 +5 +6 +7 -39 -38 -37 -36 -33 +44 +45 +46 +47 +50 +52 +53 +54 +55 +56 +57 +58 +59 +60 +61 +66 +69 +70 +71 +72 +73 +74 +75 +79 +80 +82 +83 +84 +85 +86 +87 +90 +92 +98 +99 +100 +101 +102 +103 +104 +105 +108 +131 +132 +133 +134 +135 +136 +137 +138 +139 +140 +141 +143 +144 +146 +147 +148 +149 +150 +151 +153 +154 +155 +158 +159 +160 +162 +163 +165 +166 +167 +168 +169 +171 +172 +173 +175 +176 +177 +179 +180 +181 +182 +183 +184 +186 +187 +189 +190 +191 +192 +193 +194 +196 +197 +198 +199 +200 +201 +202 +203 +204 +215 +216 +219 +244 +245 +246 +247 +248 +249 +250 +251 +252 +253 +254 +255 +257 +263 +277 +279 +280 +281 @
>CP012217.1
-39 -38 -37 -36 -33 +44 +45 +46 +47 +50 +52 +53 +54 +55 +56 +57 +58 +59 +60 +61 +66 +69 +70 +263 +277 +279 +280 +281 +1 +2 +5 +6 +7 +71 +72 +73 +74 +75 +79 +80 +82 +83 +84 +85 +86 +87 +90 +92 +98 +99 +100 +101 +102 +103 +104 +105 +108 +131 +132 +133 +134 +135 +136 +137 +138 +139 +140 +141 +143 +144 +146 +147 +148 +149 +150 +151 +153 +154 +155 +158 +159 +160 +162 +163 +165 +166 +167 +168 +169 +171 +172 +173 +175 +176 +177 +179 +180 +181 +182 +183 +184 +186 +187 +189 +190 +191 +192 +193 +194 +196 +197 +198 +199 +200 +201 +202 +203 +204 +215 +216 +219 +244 +245 +246 +247 +248 +249 +250 +251 +252 +253 +254 +255 +257 @
>LR134502.1
+1 +2 +5 +6 +7 -39 -38 -37 -36 -33 +44 +45 +46 +47 +50 +52 +53 +54 +55 +56 +57 +58 +59 +60 +61 +66 +69 +70 +71 +72 +73 +74 +75 +79 +80 +82 +83 +84 +85 +86 +87 +90 +92 +98 +99 +100 +101 +102 +103 +104 +105 +108 +131 +132 +133 +134 +135 +136 +137 +138 +139 +140 +141 +143 +144 +146 +147 +148 +149 +150 +151 +153 +154 +155 +158 +159 +160 +162 +163 +165 +166 +167 +168 +169 +171 +172 +173 +175 +176 +177 +179 +180 +181 +182 +183 +184 +186 +187 +189 +190 +191 +192 +193 +194 +196 +197 +198 +199 +200 +201 +202 +203 +204 +215 +216 +219 +244 +245 -247 -246 +248 +249 +250 +251 +252 +253 +254 +255 +257 +263 +277 +279 +280 +281 @
>CP012221.1
-39 -38 -37 -36 -33 +44 +45 +46 +47 +50 +52 +53 +54 +55 +56 +57 +58 +59 +60 +61 +66 +69 +70 +71 +72 +73 +74 +75 +79 +80 +82 +83 +84 +85 +86 +87 +90 +92 +98 +99 +100 +101 +102 +103 +104 +105 +108 +131 +132 +133 +134 +135 +136 +137 +138 +139 +140 +141 +143 +144 +146 +147 +148 +149 +150 +151 +153 +154 +155 +158 +159 +160 +162 +163 +165 +166 +167 +168 +169 +171 +172 +173 +175 +176 +177 +179 +180 +181 +182 +183 +184 +186 +187 +189 +190 +191 +192 +193 +194 +196 +197 +198 +199 +200 +201 +202 +203 +204 +215 +216 +219 +244 +245 +246 +247 +248 +249 +250 +251 +252 +253 +254 +255 +257 +263 +277 +279 +280 +281 +1 +2 +5 +6 +7 @
>CP017860.1
-39 -38 -37 -36 -33 +44 +45 +46 +47 +50 +52 +53 +54 +55 +56 +57 +58 +59 +60 +61 +66 +69 +70 +71 +72 +73 +74 +75 +79 +80 +82 +83 +84 +85 +86 +87 +90 +92 +98 +99 +100 +101 +102 +103 +104 +105 +108 +131 +132 +133 +134 +135 +136 +137 +138 +139 +140 +141 +143 +144 +146 +147 +148 +149 +150 +151 +153 +154 +155 +158 +159 +160 +162 +163 +165 +166 +167 +168 +169 +171 +172 +173 +175 +176 +177 +179 +180 +181 +182 +183 +184 +186 +187 +189 +190 +191 +192 +193 +194 +196 +197 +198 +199 +200 +201 +202 +203 +204 +215 +216 +219 +244 +245 +246 +247 +248 +249 +250 +251 +252 +253 +254 +255 +257 +263 +277 +279 +280 +281 +1 +2 +5 +6 +7 @
>CP019965.1
+1 +2 +5 +6 +7 -39 -38 -37 -36 -33 +44 +45 +46 +47 +50 +52 +53 +54 +55 +56 +57 +58 +59 +60 +61 +66 +69 +70 +71 +72 +73 +74 +75 +79 +80 +82 +83 +84 +85 +86 +87 +90 +92 +98 +99 +100 +101 +102 +103 +104 +105 +108 +131 +132 +133 +134 +135 +136 +137 +138 +139 +140 +141 +143 +144 +146 +147 +148 +149 +150 +151 +153 +154 +155 +158 +159 +160 +162 +163 +165 +166 +167 +168 +169 +171 +172 +173 +175 +176 +177 +179 +180 +181 +182 +183 +184 +186 +187 +189 +190 +191 +192 +193 +194 +196 +197 +198 +199 +200 +201 +202 +203 +204 +215 +216 +219 +244 +245 +246 +247 +248 +249 +250 +251 +252 +253 +254 +255 +257 +263 +277 +279 +280 +281 @
>CP019838.1
+66 +69 +70 +71 +72 +73 +74 +75 +79 +80 +82 +83 +84 +85 +86 +87 +90 +92 +98 +99 +100 +101 +102 +103 +104 +105 +108 +131 +132 +133 +134 +135 +136 +137 +138 +139 +140 +141 +143 +144 +146 +147 +148 +149 +150 +151 +153 +154 +155 +158 +159 +160 +162 +163 +165 +166 +167 +168 +169 +171 +172 +173 +175 +176 +177 +179 +180 +181 +182 +183 +184 +186 +187 +189 +190 +191 +192 +193 +194 +196 +197 +198 +199 +200 +201 +202 +203 +204 +215 +216 +219 +244 +245 +246 +247 +248 +249 +250 +251 +252 +253 +254 +255 +257 +263 +277 +279 +280 +281 +1 +2 +5 +6 +7 -39 -38 -37 -36 -33 +44 +45 +46 +47 +50 +52 +53 +54 +55 +56 +57 +58 +59 +60 +61 @
>CP012696.1
+1 +2 +5 +6 +7 -39 -38 -37 -36 -33 +44 +45 +46 +47 +50 +52 +53 +54 +55 +56 +57 +58 +59 +60 +61 +66 +69 +70 +71 +72 +73 +74 +75 +79 +80 +82 +83 +84 +85 +86 +87 +90 +92 +98 +99 +100 +101 +102 +103 +104 +105 +108 +131 +132 +133 +134 +135 +136 +137 +138 +139 +140 +141 +143 +144 +146 +147 +148 +149 +150 +151 +153 +154 +155 +158 +159 +160 +162 +163 +165 +166 +167 +168 +169 +171 +172 +173 +175 +176 +177 +179 +180 +181 +182 +183 +184 +186 +187 +189 +190 +191 +192 +193 +194 +196 +197 +198 +199 +200 +201 +202 +203 +204 +215 +216 +219 +244 +245 +246 +247 +248 +249 +250 +251 +252 +253 +254 +255 +257 +263 +277 +279 +280 +281 @
>CP028912.1
+1 +2 +5 +6 +7 -39 -38 -37 -36 -33 +44 +45 +46 +47 +50 +52 +53 +54 +55 +56 +57 +58 +59 +60 +61 +66 +69 +70 +71 +72 +73 +74 +75 +79 +80 +82 +83 +84 +85 +86 +87 +90 +92 +98 +99 +100 +101 +102 +103 +104 +105 +108 +131 +132 +133 +134 +135 +136 +137 +138 +139 +140 +141 +143 +144 +146 +147 +148 +149 +150 +151 +153 +154 +155 +158 +159 +160 +162 +163 +165 +166 +167 +168 +169 +171 +172 +173 +175 +176 +177 +179 +180 +181 +182 +183 +184 +186 +187 +189 +190 +191 +192 +193 +194 +196 +197 +198 +199 +200 +201 +202 +203 +204 +215 +216 +219 +244 +245 +246 +247 +248 +249 +250 +251 +252 +253 +254 +255 +257 +263 +277 +279 +280 +281 @
>CP020776.1
+1 +2 +5 +6 +7 +33 +36 +37 +38 +39 +44 +45 +46 +47 +50 +52 +53 +54 +55 +56 +57 +58 +59 +60 +61 +66 +69 +70 +71 +72 +73 +74 +75 +79 +80 +82 +83 +84 +85 +86 +87 +90 +92 +98 +99 +100 +101 +102 +103 +104 +105 +108 +131 +132 +133 +134 +135 +136 +137 +138 +139 +140 +141 +143 +144 +146 +147 +148 +149 +150 +151 +153 +154 +155 +158 +159 +160 +162 +163 +165 +166 +167 +168 +169 +171 +172 +173 +175 +176 +177 +179 +180 +181 +182 +183 +184 +186 +187 +189 +190 +191 +192 +193 +194 +196 +197 +198 +199 +200 +201 +202 +203 +204 +215 +216 +219 +244 +245 +246 +247 +248 +249 +250 +251 +252 +253 +254 +255 +257 +263 +277 +279 +280 +281 @
>CP000768.1
+1 +2 +5 +6 +7 -39 -38 -37 -36 -33 -219 -216 -215 -204 -203 -202 -201 -200 -199 -198 -197 -196 -194 -193 -192 -191 -190 -189 -187 -186 -184 -183 -182 -181 -180 -179 -177 -176 -175 -173 -172 -171 -169 -168 -167 -166 -165 -163 -162 -160 -159 -158 -155 -151 -150 -149 -148 +143 +144 +146 +147 -102 -101 -100 -99 -98 +153 +154 -141 -140 -139 -138 -137 -136 -135 -134 -133 -132 -131 -108 -105 -104 -103 -92 -90 -87 -86 -85 -84 -83 -82 -80 -79 -75 -74 -73 -72 -71 -70 -69 -66 -61 -60 -59 -58 -57 -56 -55 -54 -53 -52 -50 -47 -46 -45 -44 +244 +245 +246 +247 +248 +249 +250 +251 +252 +253 +254 +255 +257 +263 +277 +279 +280 +281 @
>LR134497.1
+1 +2 +5 +6 +7 -39 -38 -37 -36 -33 +44 +45 +46 +47 +50 +52 +53 +54 +55 +56 +57 +58 +59 +60 +61 +66 +69 +70 +71 +72 +73 +74 +75 +79 +80 +82 +83 +84 +85 +86 +87 +90 +92 +98 +99 +100 +101 +102 +103 +104 +105 +108 +131 +132 +133 +134 +135 +136 +137 +138 +139 +140 +141 +143 +144 +146 +147 +148 +149 +150 +151 +153 +154 +155 +158 +159 +160 +162 +163 +165 +166 +167 +168 +169 +171 +172 +173 +175 +176 +177 +179 +180 +181 +182 +183 +184 +186 +187 +189 +190 +191 +192 +193 +194 +196 +197 +198 +199 +200 +201 +202 +203 +204 +215 +216 +219 +244 +245 +246 +247 +248 +249 +250 +251 +252 +253 +254 +255 +257 +263 +277 +279 +280 +281 @
>CP012211.1
-39 -38 -37 -36 -33 +44 +45 +46 +47 +50 +52 +53 +54 +55 +56 +57 +58 +59 +60 +61 +66 +69 +70 +71 +72 +73 +74 +75 +79 +80 +82 +83 +84 +85 +86 +87 +90 +92 +98 +99 +100 +101 +102 +103 +104 +105 +108 +131 +132 +133 +134 +135 +136 +137 +138 +139 +140 +141 +143 +144 +146 +147 +148 +149 +150 +151 +153 +154 +155 +158 +159 +160 +162 +163 +165 +166 +167 +168 +169 +171 +172 +173 +175 +176 +177 +179 +180 +181 +182 +183 +184 +186 +187 +189 +190 +191 +192 +193 +194 +196 +197 +198 +199 +200 +201 +202 +203 +204 +215 +216 +219 +244 +245 +246 +247 +248 +249 +250 +251 +252 +253 +254 +255 +257 +263 +277 +279 +280 +281 +1 +2 +5 +6 +7 @
>CP006006.1
+151 +153 +154 +155 +158 +159 +160 +162 +163 +165 +166 +167 +168 +169 +171 +172 +173 +175 +176 +177 +179 +180 +181 +182 +183 +184 +186 +187 +189 +190 +191 +192 +193 +194 +196 +197 +198 +199 +200 +201 +202 +203 +204 +215 +216 +219 +244 +245 +246 +247 +248 +249 +250 +251 +252 +253 +254 +255 +257 +263 +277 +279 +280 +281 +1 +2 +5 +6 +7 -39 -38 -37 -36 -33 +44 +45 +46 +47 +50 +52 +53 +54 +55 +56 +57 +58 +59 +60 +61 +66 +69 +70 +71 +72 +73 +74 +75 +79 +80 +82 +83 +84 +85 +86 +87 +90 +92 +98 +99 +100 +101 +102 +103 +104 +105 +108 +131 +132 +133 +134 +135 +136 +137 +138 +139 +140 +141 +143 +144 +146 +147 +148 +149 +150 @
>LS483295.1
+1 +2 +5 +6 +7 -39 -38 -37 -36 -33 +44 +45 +46 +47 +50 +52 +53 +54 +55 +56 +57 +58 +59 +60 +61 +66 +69 +70 +71 +72 +73 +74 +75 +79 +80 +82 +83 +84 +85 +86 +87 +90 +92 +103 +104 +105 +108 +98 +99 +100 +101 +102 +131 +132 +133 +134 +135 +136 +137 +138 +139 +140 +141 -154 -153 -151 -150 -149 -148 -147 -146 -144 -143 +155 +158 +159 +160 +162 +163 +165 +166 +167 +168 +169 +171 +172 +173 +175 +176 +177 +179 +180 +181 +182 +183 +184 +186 +187 +189 +190 +191 +192 +193 +194 +196 +197 +198 +199 +200 +201 +202 +203 +204 +215 +216 +219 +244 +245 +246 +247 +248 +249 +250 +251 +252 +253 +254 +255 +257 +263 +277 +279 +280 +281 @
>CP022080.1
-263 -257 -255 -254 -253 -252 -251 -250 -249 -248 -247 -246 -245 -244 -219 -216 -215 -204 -203 -202 -201 -200 -199 -198 -197 -196 -194 -193 -192 -191 -190 -189 -187 -186 -184 -183 -182 -181 -180 -179 -177 -176 -175 -173 -172 -171 -169 -168 -167 -166 -165 -163 -162 -160 -159 -158 -155 -154 -153 -151 -150 -149 -148 -147 -146 -144 -143 -141 -140 -139 -138 -137 -136 -135 -134 -133 -132 -131 -108 -105 -104 -103 -102 -101 -100 -99 -98 -92 -90 -87 -86 -85 -84 -83 -82 -80 -79 -75 -74 -73 -72 -71 -70 -69 -66 -61 -60 -59 -58 -57 -56 -55 -54 -53 -52 -50 -47 -46 -45 -44 +33 +36 +37 +38 +39 -7 -6 -5 -2 -1 -281 -280 -279 -277 @
>CP023867.1
-102 -101 -100 -99 -98 -92 -90 -87 -86 -85 -84 -83 -82 -80 -79 -75 -74 -73 -72 -71 -70 -69 -66 -61 -60 -59 -58 -57 -56 -55 -54 -53 -52 -50 -47 -46 -45 -44 +33 +36 +37 +38 +39 -7 -6 -5 -2 -1 -281 -280 -279 -277 -263 -257 -255 -254 -253 -252 -251 -250 -249 -248 -247 -246 -245 -244 -219 -216 -215 -204 -203 -202 -201 -200 -199 -198 -197 -196 -194 -193 -192 -191 -190 -189 -187 -186 -184 -183 -182 -181 -180 -179 -177 -176 -175 -173 -172 -171 -169 -168 -167 -166 -165 -163 -162 -160 -159 -158 -155 -154 -153 -151 -150 -149 -148 -147 -146 -144 -143 -141 -140 -139 -138 -137 -136 -135 -134 -133 -132 -131 -108 -105 -104 -103 @
>CP017029.1
+1 +2 +5 +6 +7 -39 -38 -37 -36 -33 +44 +45 +46 +47 +50 +52 +53 +54 +55 +56 +57 +58 +59 +60 +61 +66 +69 +70 +71 +72 +73 +74 +75 +79 +80 +82 +83 +84 +85 +86 +87 +90 +92 +98 +99 +100 +101 +102 +103 +104 +105 +108 +131 +132 +133 +134 +135 +136 +137 +138 +139 +140 +141 +143 +144 +146 +147 +148 +149 +150 +151 +153 +154 +155 +158 +159 +160 +162 +163 +165 +166 +167 +168 +169 +171 +172 +173 +175 +176 +177 +179 +180 +181 +182 +183 +184 +186 +187 +189 +190 +191 +192 +193 +194 +196 +197 +198 +199 +200 +201 +202 +203 +204 +215 +216 +219 +244 +245 +246 +247 +248 +249 +250 +251 +252 +253 +254 +255 +257 +263 +277 +279 +280 +281 @
>CP006685.1
+1 +2 +5 +6 +7 -39 -38 -37 -36 -33 +44 +45 +46 +47 +50 +52 +53 +54 +55 +56 +57 +58 +59 +60 +61 +66 +69 +70 +71 +72 +73 +74 +75 +79 +80 +82 +83 +84 +85 +86 +87 +90 +92 +98 +99 +100 +101 +102 +103 +104 +105 +108 +131 +132 +133 +134 +135 +136 +137 +138 +139 +140 +141 +143 +144 +146 +147 +148 +149 +150 +151 +153 +154 +155 +158 +159 +160 +162 +163 +165 +166 +167 +168 +169 +171 +172 +173 +175 +176 +177 +179 +180 +181 +182 +183 +184 +186 +187 +189 +190 +191 +192 +193 +194 +196 +197 +198 +199 +200 +201 +202 +203 +204 +215 +216 +219 +244 +245 +246 +247 +248 +249 +250 +251 +252 +253 +254 +255 +257 +263 +277 +279 +280 +281 @
>CP022470.1
+1 +2 +5 +6 +7 -39 -38 -37 -36 -33 +44 +45 +46 +47 +50 +52 +53 +54 +55 +56 +57 +58 +59 +60 +61 +66 +69 +70 +71 +72 +73 +74 +75 +79 +80 +82 +83 +84 +85 +86 +87 +90 +92 +98 +99 +100 +101 +102 +103 +104 +105 +108 +131 +132 +133 +134 +135 +136 +137 +138 +139 +140 +141 +143 +144 +146 +147 +148 +149 +150 +151 +153 +154 +155 +158 +159 +160 +162 +163 +165 +166 +167 +168 +169 +171 +172 +173 +175 +176 +177 +179 +180 +181 +182 +183 +184 +186 +187 +189 +190 +191 +192 +193 +194 +196 +197 +198 +199 +200 +201 +202 +203 +204 +215 +216 +219 +244 +245 +246 +247 +248 +249 +250 +251 +252 +253 +254 +255 +257 +263 +277 +279 +280 +281 @
>CP022440.1
+1 +2 +5 +6 +7 -39 -38 -37 -36 -33 +44 +45 +46 +47 +50 +52 +53 +54 +55 +56 +57 +58 +59 +60 +61 +66 +69 +70 +71 +72 +73 +74 +75 +79 +80 +82 +83 +84 +85 +86 +87 +90 +92 +98 +99 +100 +101 +102 +103 +104 +105 +108 +131 +132 +133 +134 +135 +136 +137 +138 +139 +140 +141 +143 +144 +146 +147 +148 +149 +150 +151 +153 +154 +155 +158 +159 +160 +162 +163 +165 +166 +167 +168 +169 +171 +172 +173 +175 +176 +177 +179 +180 +181 +182 +183 +184 +186 +187 +189 +190 +191 +192 +193 +194 +196 +197 +198 +199 +200 +201 +202 +203 +204 +215 +216 +219 +244 +245 +246 +247 +248 +249 +250 +251 +252 +253 +254 +255 +257 +263 +277 +279 +280 +281 @
>CP007751.1
+1 +2 +5 +6 +7 -39 -38 -37 -36 -33 +44 +45 +46 +47 +50 +52 +53 +54 +55 +56 +57 +58 +59 +60 +61 +66 +69 +70 +71 +72 +73 +74 +75 +79 +80 +82 +83 +84 +85 +86 +87 +90 +92 +98 +99 +100 +101 +102 +103 +104 +105 +108 +131 +132 +133 +134 +135 +136 +137 +138 +139 +140 +141 +143 +144 +146 +147 +148 +149 +150 +151 +153 +154 +155 +158 +159 +160 +162 +163 +165 +166 +167 +168 +169 +171 +172 +173 +175 +176 +177 +179 +180 +181 +182 +183 +184 +186 +187 +189 +190 +191 +192 +193 +194 +196 +197 +198 +199 +200 +201 +202 +203 +204 +215 +216 +219 +244 +245 +246 +247 +248 +249 +250 +251 +252 +253 +254 +255 +257 +263 +277 +279 +280 +281 @
>CP012213.1
-39 -38 -37 -36 -33 +44 +45 +46 +47 +50 +52 +53 +54 +55 +56 +57 +58 +59 +60 +61 +66 +69 +70 +71 +72 +73 +74 +75 +79 +80 +82 +83 +84 +85 +86 +87 +90 +92 +98 +99 +100 +101 +102 +103 +104 +105 +108 +131 +132 +133 +134 +135 +136 +137 +138 +139 +140 +141 +143 +144 +146 +147 +148 +149 +150 +151 +153 +154 +155 +158 +159 +160 +162 +163 +165 +166 +167 +168 +169 +171 +172 +173 +175 +176 +177 +179 +180 +181 +182 +183 +184 +186 +187 +189 +190 +191 +192 +193 +194 +196 +197 +198 +199 +200 +201 +202 +203 +204 +215 +216 +219 +244 +245 +246 +247 +248 +249 +250 +251 +252 +253 +254 +255 +257 +263 +277 +279 +280 +281 +1 +2 +5 +6 +7 @
>CP012216.1
+44 +45 +46 +47 +50 +52 +53 +54 +55 +56 +57 +58 +59 +60 +61 +66 +69 +70 -39 -38 -37 -36 -33 +244 +245 +246 +247 +248 +249 +250 +251 +252 +253 +254 +255 +257 +263 +277 +279 +280 +281 +1 +2 +5 +6 +7 +71 +72 +73 +74 +75 +79 +80 +82 +83 +84 +85 +86 +87 +90 +92 +98 +99 +100 +101 +102 +103 +104 +105 +108 +131 +132 +133 +134 +135 +136 +137 +138 +139 +140 +141 +143 +144 +146 +147 +148 +149 +150 +151 +153 +154 +155 +158 +159 +160 +162 +163 +165 +166 +167 +168 +169 +171 +172 +173 +175 +176 +177 +179 +180 +181 +182 +183 +184 +186 +187 +189 +190 +191 +192 +193 +194 +196 +197 +198 +199 +200 +201 +202 +203 +204 +215 +216 +219 @
>CP020045.1
+1 +2 +5 +6 +7 -39 -38 -37 -36 -33 +44 +45 +46 +47 +50 +52 +53 +54 +55 +56 +57 +58 +59 +60 +61 +66 +69 +70 +71 +72 +73 +74 +75 +79 +80 +82 +83 +84 +85 +86 +87 +90 +92 +98 +99 +100 +101 +102 +103 +104 +105 +108 +131 +132 +133 +134 +135 +136 +137 +138 +139 +140 +141 +143 +144 +146 +147 +148 +149 +150 +151 +153 +154 +155 +158 +159 +160 +162 +163 +165 +166 +167 +168 +169 +171 +172 +173 +175 +176 +177 +179 +180 +181 +182 +183 +184 +186 +187 +189 +190 +191 +192 +193 +194 +196 +197 +198 +199 +200 +201 +202 +203 +204 +215 +216 +219 +244 +245 +246 +247 +248 +249 +250 +251 +252 +253 +254 +255 +257 +263 +277 +279 +280 +281 @
>CP022439.1
+1 +2 +5 +6 +7 -39 -38 -37 -36 -33 +44 +45 +46 +47 +50 +52 +53 +54 +55 +56 +57 +58 +59 +60 +61 +66 +69 +70 +71 +72 +73 +74 +75 +79 +80 +82 +83 +84 +85 +86 +87 +90 +92 +98 +99 +100 +101 +102 +103 +104 +105 +108 +131 +132 +133 +134 +135 +136 +137 +138 +139 +140 +141 +143 +144 +146 +147 +148 +149 +150 +151 +153 +154 +155 +158 +159 +160 +162 +163 +165 +166 +167 +168 +169 +171 +172 +173 +175 +176 +177 +179 +180 +181 +182 +183 +184 +186 +187 +189 +190 +191 +192 +193 +194 +196 +197 +198 +199 +200 +201 +202 +203 +204 +215 +216 +219 +244 +245 +246 +247 +248 +249 +250 +251 +252 +253 +254 +255 +257 +263 +277 +279 +280 +281 @
>LR134359.1
+198 +199 +200 +201 +202 +203 +204 +215 +216 +219 +69 +70 +71 +72 +73 +74 +75 +79 +80 +82 +83 +84 +85 +86 +87 +90 +92 +98 +99 +100 +101 +102 +103 +104 +105 +108 +131 +132 +133 +134 +135 +136 +137 +138 +139 +140 +141 +143 +144 +146 +147 +148 +149 +150 +151 +153 +154 +155 +158 +159 +160 +162 +163 +165 +166 +167 +168 +169 +171 +172 +173 +175 +176 +177 +179 +180 +181 +182 +183 +184 +186 +187 +189 +190 +191 +192 +193 +194 +196 +197 +244 +245 +246 +247 +248 +249 +250 +251 +252 +253 +254 +255 +257 +263 +277 +279 +280 +281 +1 +2 +5 +6 +7 -39 -38 -37 -36 -33 +44 +45 +46 +47 +50 +52 +53 +54 +55 +56 +57 +58 +59 +60 +61 +66 @
>HE978252.1
+1 +2 +5 +6 +7 -39 -38 -37 -36 -33 +44 +45 +46 +47 +50 +52 +53 +54 +55 +56 +57 +58 +59 +60 +61 +66 +69 +70 +71 +72 +73 +74 +75 +79 +80 +82 +83 +84 +85 +86 +87 +90 +92 +98 +99 +100 +101 +102 +103 +104 +105 +108 +131 +132 +133 +134 +135 +136 +137 +138 +139 +140 +141 +143 +144 +146 +147 +148 +149 +150 +151 +153 +154 +155 +158 +159 +160 +162 +163 +165 +166 +167 +168 +169 +171 +172 +173 +175 +176 +177 +179 +180 +181 +182 +183 +184 +186 +187 +189 +190 +191 +192 +193 +194 +196 +197 +198 +199 +200 +201 +202 +203 +204 +215 +216 +219 +244 +245 +246 +247 +248 +249 +250 +251 +252 +253 +254 +255 +257 +263 +277 +279 +280 +281 @
>CP023446.1
-7 -6 -5 -2 -1 -281 -280 -279 -277 +44 +45 +46 +47 +50 +52 +53 +54 +55 +56 +57 +58 +59 +60 +61 +66 +69 +70 +71 +72 +73 +74 +75 +79 +80 +82 +83 +84 +85 +86 +87 +90 +92 +98 +99 +100 +101 +102 +103 +104 +105 +108 +131 +132 +133 +134 +135 +136 +137 +138 +139 +140 +141 +143 +144 +146 +147 +148 +149 +150 +151 +153 +154 +155 +158 +159 +160 +162 +163 +165 +166 +167 +168 +169 +171 +172 +173 +175 +176 +177 +179 +180 +181 +182 +183 +184 +186 +187 +189 +190 +191 +192 +193 +194 +196 +197 +198 +199 +200 +201 +202 +203 +204 +215 +216 +219 +244 +245 +246 +247 +248 +249 +250 +251 +252 +253 +254 +255 +257 +263 +33 +36 +37 +38 +39 @
>CP017862.1
+277 +279 +280 +281 +1 +2 +5 +6 -146 -144 -143 -141 -140 +7 -39 -38 -37 -36 -33 +44 +45 +46 +47 +50 +52 +53 +108 +54 +55 +56 +57 +58 +59 +60 +61 +66 +69 +70 +71 +72 +73 +74 +75 +79 +80 +82 +83 +84 +85 +86 +87 +90 +92 +98 +99 +100 +101 +102 +103 +104 +105 +131 +132 +133 +134 +135 +136 +137 +138 +139 +147 +148 +149 +150 +151 +153 +154 +155 +158 +159 +160 +162 +163 +165 +166 +167 +168 +169 +171 +172 +173 +175 +176 +177 +179 +180 +181 +182 +183 +184 +186 +187 +189 +190 +191 +192 +193 +194 +196 +197 +198 +199 +200 +201 +202 +203 +204 +215 +216 +219 +244 +245 +246 +247 +248 +249 +250 +251 +252 +253 +254 +255 +257 +263 @
>CP017031.1
+1 +2 +5 +6 +7 -39 -38 -37 -36 -33 +44 +45 +46 +47 +50 +52 +53 +54 +55 +56 +57 +58 +59 +60 +61 +66 +69 +70 +71 +72 +73 +74 +75 +79 +80 +82 +83 +84 +85 +86 +87 +90 +92 +98 +99 +100 +101 +102 +103 +104 +105 +108 +131 +132 +133 +134 +135 +136 +137 +138 +139 +140 +141 +143 +144 +146 +147 +148 +149 +150 +151 +153 +154 +155 +158 +159 +160 +162 +163 +165 +166 +167 +168 +169 +171 +172 +173 +175 +176 +177 +179 +180 +181 +182 +183 +184 +186 +187 +189 +190 +191 +192 +193 +194 +196 +197 +198 +199 +200 +201 +202 +203 +204 +215 +216 +219 +244 +245 +246 +247 +248 +249 +250 +251 +252 +253 +254 +255 +257 +263 +277 +279 +280 +281 @
>CP017229.1
+1 +2 +5 +6 +7 -39 -38 -37 -36 -33 +44 +45 +46 +47 +50 +52 +53 +54 +55 +56 +57 +58 +59 +60 +61 +66 +69 +70 +71 +72 +73 +74 +75 +79 +80 +82 +83 +84 +85 +86 +87 +90 +92 +98 +99 +100 +101 +102 +103 +104 +105 +108 +131 +132 +133 +134 +135 +136 +137 +138 +139 +140 +141 +143 +144 +146 +147 +148 +149 +150 +151 +153 +154 +155 +158 +159 +160 +162 +163 +165 +166 +167 +168 +169 +171 +172 +173 +175 +176 +177 +179 +180 +181 +182 +183 +184 +186 +187 +189 +190 +191 +192 +193 +194 +196 +197 +198 +199 +200 +201 +202 +203 +204 +215 +216 +219 +244 +245 +246 +247 +248 +249 +250 +251 +252 +253 +254 +255 +257 +263 +277 +279 +280 +281 @
>CP010307.1
+1 +2 +5 +6 +7 +33 +36 +37 +38 +39 +44 +45 +46 +47 +50 +52 +53 +54 +55 +56 +57 +58 +59 +60 +61 +66 +69 +70 +71 +72 +73 +74 +75 +79 +80 +82 +83 +84 +85 +86 +87 +90 +92 +98 +99 +100 +101 +102 +103 +104 +105 +108 +131 +132 +133 +134 +135 +136 +137 +138 +139 +140 +141 +143 +144 +146 +147 +148 +149 +150 +151 +153 +154 +155 +158 +159 +160 +162 +163 +165 +166 +167 +168 +169 +171 +172 +173 +175 +176 +177 +179 +180 +181 +182 +183 +184 +186 +187 +189 +190 +191 +192 +193 +194 +196 +197 +198 +199 +200 +201 +202 +203 +204 +215 +216 +219 +244 +245 +246 +247 +248 +249 +250 +251 +252 +253 +254 +255 +257 +263 +277 +279 +280 +281 @
>CP012689.1
+1 +2 +5 +6 +7 -39 -38 -37 -36 -33 +44 +45 +46 +47 +50 +52 +53 +54 +55 +56 +57 +58 +59 +60 +61 +66 +69 +70 +71 +72 +73 +74 +75 +79 +80 +82 +83 +84 +85 +86 +87 +90 +92 +98 +99 +100 +101 +102 +103 +104 +105 +108 +131 +132 +133 +134 +135 +136 +137 +138 +139 +140 +141 +143 +144 +146 +147 +148 +149 +150 +151 +153 +154 +155 +158 +159 +160 +162 +163 +165 +166 +167 +168 +169 +171 +172 +173 +175 +176 +177 +179 +180 +181 +182 +183 +184 +186 +187 +189 +190 +191 +192 +193 +194 +196 +197 +198 +199 +200 +201 +202 +203 +204 +215 +216 +219 +244 +245 +246 +247 +248 +249 +250 +251 +252 +253 +254 +255 +257 +263 +277 +279 +280 +281 @
>CP028911.1
+1 +2 +5 +6 +7 -39 -38 -37 -36 -33 +44 +45 +46 +47 +50 +52 +53 +54 +55 +56 +57 +58 +59 +60 +61 +66 +69 +70 +71 +72 +73 +74 +75 +79 +80 +82 +83 +84 +85 +86 +87 +90 +92 +98 +99 +100 +101 +102 +103 +104 +105 +108 +131 +132 +133 +134 +135 +136 +137 +138 +139 +140 +141 +143 +144 +146 +147 +148 +149 +150 +151 +153 +154 +155 +158 +159 +160 +162 +163 +165 +166 +167 +168 +169 +171 +172 +173 +175 +176 +177 +179 +180 +181 +182 +183 +184 +186 +187 +189 +190 +191 +192 +193 +194 +196 +197 +198 +199 +200 +201 +202 +203 +204 +215 +216 +219 +244 +245 +246 +247 +248 +249 +250 +251 +252 +253 +254 +255 +257 +263 +277 +279 +280 +281 @
>CP008787.1
+1 +2 +5 +6 +7 -39 -38 -37 -36 -33 +44 +45 +46 +47 +50 +52 +53 +54 +55 +56 +57 +58 +59 +60 +61 +66 +69 +70 +71 +72 +73 +74 +75 +79 +80 +82 +83 +84 +85 +86 +87 +90 +92 +98 +99 +100 +101 +102 +103 +104 +105 +108 +131 +132 +133 +134 +135 +136 +137 +138 +139 +140 +141 +143 +144 +146 +147 +148 +149 +150 +151 +153 +154 +155 +158 +159 +160 +162 +163 +165 +166 +167 +168 +169 +171 +172 +173 +175 +176 +177 +179 +180 +181 +182 +183 +184 +186 +187 +189 +190 +191 +192 +193 +194 +196 +197 +198 +199 +200 +201 +202 +203 +204 +215 +216 +219 +244 +245 +246 +247 +248 +249 +250 +251 +252 +253 +254 +255 +257 +263 +277 +279 +280 +281 @
>CP022079.1
+2 +5 +6 +7 -39 -38 -37 -36 -33 +44 +45 +46 +47 +50 +52 +53 +54 +55 +56 +57 +58 +59 +60 +61 +66 +69 +70 +71 +72 +73 +74 +75 +79 +80 +82 +83 +84 +85 +86 +87 +90 +92 +98 +99 +100 +101 +102 +103 +104 +105 +108 +131 +132 +133 +134 +135 +136 +137 +138 +139 +140 +141 +143 +144 +146 +147 +148 +149 +150 +151 +153 +154 +155 +158 +159 +160 +162 +163 +165 +166 +167 +168 +169 +171 +172 +173 +175 +176 +177 +179 +180 +181 +182 +183 +184 +186 +187 +189 +190 +191 +192 +193 +194 +196 +197 +198 +199 +200 +201 +202 +203 +204 +215 +216 +219 +244 +245 +246 +247 +248 +249 +250 +251 +252 +253 +254 +255 +257 +263 +277 +279 +280 +281 +1 @
>CP022077.1
-263 -257 -255 -254 -253 -252 -251 -250 -249 -248 -247 -246 -245 -244 -219 -216 -215 -204 -203 -202 -201 -200 -199 -198 -197 -196 -194 -193 -192 -191 -190 -189 -187 -186 -184 -183 -182 -181 -180 -179 -177 -176 -175 -173 -172 -171 -169 -168 -167 -166 -165 -163 -162 -160 -159 -158 -155 -154 -153 -151 -150 -149 -148 -147 -146 -144 -143 -141 -140 -139 -138 -137 -136 -135 -134 -133 -132 -131 -108 -105 -104 -103 -102 -101 -100 -99 -98 -92 -90 -87 -86 -85 -84 -83 -82 -80 -79 -75 -74 -73 -72 -71 -70 -69 -66 -61 -60 -59 -58 -57 -56 -55 -54 -53 -52 -50 -47 -46 -45 -44 -39 -38 -37 -36 -33 -7 -6 -5 -2 -1 -281 -280 -279 -277 @
>CP015209.1
+1 +2 +5 +6 +7 -39 -38 -37 -36 -33 +44 +45 +46 +47 +50 +52 +53 +54 +55 +56 +57 +58 +59 +60 +61 +66 +69 +70 +71 +72 +73 +74 +75 +79 +80 +82 +83 +84 +85 +86 +87 +90 +92 +98 +99 +100 +101 +102 +103 +104 +105 +108 +131 +132 +133 +134 +135 +136 +137 +138 +139 +140 +141 +143 +144 +146 +147 +148 +149 +150 +151 +153 +154 +155 +158 +159 +160 +162 +163 +165 +166 +167 +168 +169 +171 +172 +173 +175 +176 +177 +179 +180 +181 +182 +183 +184 +186 +187 +189 +190 +191 +192 +193 +194 +196 +197 +198 +199 +200 +201 +202 +203 +204 +215 +216 +219 +244 +245 +246 +247 +248 +249 +250 +251 +252 +253 +254 +255 +257 +263 +277 +279 +280 +281 @
>CM000855.1
-39 -38 -37 -36 -33 +44 +45 +46 +47 +50 +52 +53 +54 +55 +56 +57 +58 +59 +60 +61 +66 +69 +70 +71 +72 +73 +74 +75 +79 +80 +82 +83 +84 +85 +86 +87 +90 +92 +98 +99 +100 +101 +102 +103 +104 +105 +108 +131 +132 +133 +134 +135 +136 +137 +138 +139 +140 +141 +143 +144 +146 +147 +148 +149 +150 +151 +153 +154 +155 +158 +159 +160 +162 +163 +165 +166 +167 +168 +169 +171 +172 +173 +175 +176 +177 +179 +180 +181 +182 +183 +184 +186 +187 +189 +190 +191 +192 +193 +194 +196 +197 +198 +199 +200 +201 +202 +203 +204 +215 +216 +219 +244 +245 +246 +247 +248 +249 +250 +251 +252 +253 +254 +255 +257 +263 +277 +279 +280 +281 +1 +2 +5 +6 +7 @
>CP017863.1
-53 -52 -50 -47 -46 -45 -44 -39 -38 -37 -36 -33 +54 +55 +56 +57 +58 +59 +60 +61 +66 +69 +70 +71 +72 +73 +74 +75 +79 +80 +82 +83 +84 +85 +86 +87 +90 +92 +98 +99 +100 +101 +102 +103 +104 +105 +108 +131 +132 +133 +134 +135 +136 +137 +138 +139 +140 +141 +143 +144 +146 +147 +148 +149 +150 +151 +153 +154 +155 +158 +159 +160 +162 +163 +165 +166 +167 +168 +169 +171 +172 +173 +175 +176 +177 +179 +180 +181 +182 +183 +184 +186 +187 +189 +190 +191 +192 +193 +194 +196 +197 +198 +199 +200 +201 +202 +203 +204 +215 +216 +219 +244 +245 +246 +247 +248 +249 +250 +251 +252 +253 +254 +255 +257 +263 +277 +279 +280 +281 +1 +2 +5 +6 +7 @
>CP027403.1
+250 +251 +252 +253 +254 +255 +257 +263 +277 +279 +280 +281 +1 +2 +5 +6 +7 -39 -38 -37 -36 -33 -219 -216 -215 -204 -203 -202 -201 -200 -199 -198 -197 -196 -194 -193 -192 -191 -190 -189 -187 -186 -184 -183 -182 -181 -180 -179 -177 -176 -175 -173 -172 -171 -169 -168 -167 -166 -165 -163 -162 -160 -159 -158 -155 -151 -150 -149 -148 +143 +144 +146 +147 -102 -101 -100 -99 -98 +153 +154 -141 -140 -139 -138 -137 -136 -135 -134 -133 -132 -131 -108 -105 -104 -103 -92 -90 -87 -86 -85 -84 -83 -82 -80 -79 -75 -74 -73 -72 -71 -70 -69 -66 -61 -60 -59 -58 -57 -56 -55 -54 -53 -52 -50 -47 -46 -45 -44 +244 +245 +246 +247 +248 +249 @
>CP023866.1
+244 +245 +246 +247 +248 +249 +250 +251 +252 +253 +254 +255 +257 +263 +277 +279 +280 +281 +1 +2 +5 +6 +7 -39 -38 -37 -36 -33 +44 +45 +46 +47 +50 +52 +53 +54 +55 +56 +57 +58 +59 +60 +61 +66 +69 +70 +71 +72 +73 +74 +75 +79 +80 +82 +83 +84 +85 +86 +87 +90 +92 +98 +99 +100 +101 +102 +103 +104 +105 +108 +131 +132 +133 +134 +135 +136 +137 +138 +139 +140 +141 +143 +144 +146 +147 +148 +149 +150 +151 +153 +154 +155 +158 +159 +160 +162 +163 +165 +166 +167 +168 +169 +171 +172 +173 +175 +176 +177 +179 +180 +181 +182 +183 +184 +186 +187 +189 +190 +191 +192 +193 +194 +196 +197 +198 +199 +200 +201 +202 +203 +204 +215 +216 +219 @
>CP028372.1
+1 +2 +5 +6 +7 -39 -38 -37 -36 -33 +44 +45 +46 +47 +50 +52 +53 +54 +55 +56 +57 +58 +59 +60 +61 +66 +69 +70 +71 +72 +73 +74 +75 +79 +80 +82 +83 +84 +85 +86 +87 +90 +92 +98 +99 +100 +101 +102 +103 +104 +105 +108 +131 +132 +133 +134 +135 +136 +137 +138 +139 +140 +141 +143 +144 +146 +147 +148 +149 +150 +151 +153 +154 +155 +158 +159 +160 +162 +163 +165 +166 +167 +168 +169 +171 +172 +173 +175 +176 +177 +179 +180 +181 +182 +183 +184 +186 +187 +189 +190 +191 +192 +193 +194 +196 +197 +198 +199 +200 +201 +202 +203 +204 +215 +216 +219 +244 +245 +246 +247 +248 +249 +250 +251 +252 +253 +254 +255 +257 +263 +277 +279 +280 +281 @
>LR134530.1
+1 +2 +5 +6 +7 +277 +33 +36 +37 +38 +39 +44 +45 +46 +47 +50 +52 +53 +54 +55 +56 +57 +58 +59 +60 +61 +66 +69 +70 +71 +72 +73 +74 +75 +79 +80 +82 +83 +84 +85 +86 +87 +90 +92 +103 +104 +105 +108 -204 -203 -158 -155 +143 +144 +146 +147 +148 +149 +150 +151 -102 -101 -100 -99 -98 +153 +154 -141 -140 -139 -138 -137 -136 -135 -134 -133 -132 -131 +200 +201 +202 +159 +160 +162 +163 +165 +166 +167 +168 +169 +171 +172 +173 +175 +176 +177 +179 +180 +181 +182 +183 +184 +186 +187 +189 +190 +191 +192 +193 +194 +196 +197 +198 +199 +215 +216 +219 +244 +245 +246 +247 +248 +249 +250 +251 +252 +253 +254 +255 +257 +263 +279 +280 +281 @
>CP023543.1
+75 +79 +80 +82 +83 +84 +85 +86 +87 +90 +92 +98 +99 +100 +101 +102 +103 +104 +105 +108 +131 +132 +133 +134 +135 +136 +137 +138 +139 +140 +141 +143 +144 +146 +147 +148 +149 +150 +151 +153 +154 +155 +158 +159 +160 +162 +163 +165 +166 +167 +168 +169 +171 +172 +173 +175 +176 +177 +179 +180 +181 +182 +183 +184 +186 +187 +189 +190 +191 +192 +193 +194 +196 +197 +198 +199 +200 +201 +202 +203 +204 +215 +216 +219 +244 +245 +246 +247 +248 +249 +250 +251 +252 +253 +254 +255 +257 +263 +277 +279 +280 +281 +1 +2 +5 +6 +7 -39 -38 -37 -36 -33 +44 +45 +46 +47 +50 +52 +53 +54 +55 +56 +57 +58 +59 +60 +61 +66 +69 +70 +71 +72 +73 +74 @
>CP007190.1
+1 +2 +5 +6 +7 -39 -38 -37 -36 -33 +44 +45 +46 +47 +50 +52 +53 +54 +55 +56 +57 +58 +59 +60 +61 +66 +69 +70 +71 +72 +73 +74 +75 +79 +80 +82 +83 +84 +85 +86 +87 +90 +92 +98 +99 +100 +101 +102 +103 +104 +105 +108 +131 +132 +133 +134 +135 +136 +137 +138 +139 +140 +141 +143 +144 +146 +147 +148 +149 +150 +151 +153 +154 +155 +158 +159 +160 +162 +163 +165 +166 +167 +168 +169 +171 +172 +173 +175 +176 +177 +179 +180 +181 +182 +183 +184 +186 +187 +189 +190 +191 +192 +193 +194 +196 +197 +198 +199 +200 +201 +202 +203 +204 +215 +216 +219 +244 +245 +246 +247 +248 +249 +250 +251 +252 +253 +254 +255 +257 +263 +277 +279 +280 +281 @
>CP028910.1
+1 +2 +5 +6 +7 +33 +36 +37 +38 +39 +44 +45 +46 +47 +50 +52 +53 +54 +55 +56 +57 +58 +59 +60 +61 +66 +69 +70 +71 +72 +73 +74 +75 +79 +80 +82 +83 +84 +85 +86 +87 +90 +92 +98 +99 +100 +101 +102 +103 +104 +105 +108 +131 +132 +133 +134 +135 +136 +137 +138 +139 +140 +141 +143 +144 +146 +147 +148 +149 +150 +151 +153 +154 +155 +158 +159 +160 +162 +163 +165 +166 +167 +168 +169 +171 +172 +173 +175 +176 +177 +179 +180 +181 +182 +183 +184 +186 +187 +189 +190 +191 +192 +193 +194 +196 +197 +198 +199 +200 +201 +202 +203 +204 +215 +216 +219 +244 +245 +246 +247 +248 +249 +250 +251 +252 +253 +254 +255 +257 +263 +277 +279 +280 +281 @
>CP001876.1
+1 +2 +5 +6 +7 -39 -38 -37 -36 -33 +44 +45 +46 +47 +50 +52 +53 +54 +55 +56 +57 +58 +59 +60 +61 +66 +69 +70 +71 +72 +73 +74 +75 +79 +80 +82 +83 +84 +85 +86 +87 +90 +92 +98 +99 +100 +101 +102 +103 +104 +105 +108 +131 +132 +133 +134 +135 +136 +137 +138 +139 +140 +141 +143 +144 +146 +147 +148 +149 +150 +151 +153 +154 +155 +158 +159 +160 +162 +163 +165 +166 +167 +168 +169 +171 +172 +173 +175 +176 +177 +179 +180 +181 +182 +183 +184 +186 +187 +189 +190 +191 +192 +193 +194 +196 +197 +198 +199 +200 +201 +202 +203 +204 +215 +216 +219 +244 +245 +246 +247 +248 +249 +250 +251 +252 +253 +254 +255 +257 +263 +277 +279 +280 +281 @
>CP001960.1
+1 +2 +5 +6 +7 -39 -38 -37 -36 -33 +44 +45 +46 +47 +50 +52 +53 +54 +55 +56 +57 +58 +59 +60 +61 +66 +69 +70 +71 +72 +73 +74 +75 +79 +80 +82 +83 +84 +85 +86 +87 +90 +92 +98 +99 +100 +101 +102 +103 +104 +105 +108 +131 +132 +133 +134 +135 +136 +137 +138 +139 +140 +141 +143 +144 +146 +147 +148 +149 +150 +151 +153 +154 +155 +158 +159 +160 +162 +163 +165 +166 +167 +168 +169 +171 +172 +173 +175 +176 +177 +179 +180 +181 +182 +183 +184 +186 +187 +189 +190 +191 +192 +193 +194 +196 +197 +198 +199 +200 +201 +202 +203 +204 +215 +216 +219 +244 +245 +246 +247 +248 +249 +250 +251 +252 +253 +254 +255 +257 +263 +277 +279 +280 +281 @
>CP022076.1
+263 +277 +279 +280 +281 +1 +2 +5 +6 +7 -39 -38 -37 -36 -33 +44 +45 +46 +47 +50 +52 +53 +54 +55 +56 +57 +58 +59 +60 +61 +66 +69 +70 +71 +72 +73 +74 +75 +79 +80 +82 +83 +84 +85 +86 +87 +90 +92 +98 +99 +100 +101 +102 +103 +104 +105 +108 +131 +132 +133 +134 +135 +136 +137 +138 +139 +140 +141 +143 +144 +146 +147 +148 +149 +150 +151 +153 +154 +155 +158 +159 +160 +162 +163 +165 +166 +167 +168 +169 +171 +172 +173 +175 +176 +177 +179 +180 +181 +182 +183 +184 +186 +187 +189 +190 +191 +192 +193 +194 +196 +197 +198 +199 +200 +201 +202 +203 +204 +215 +216 +219 +244 +245 +246 +247 +248 +249 +250 +251 +252 +253 +254 +255 +257 @
>CP006689.1
+1 +2 +5 +6 +7 -39 -38 -37 -36 -33 +44 +45 +46 +47 +50 +52 +53 +54 +55 +56 +57 +58 +59 +60 +61 +66 +69 +70 +71 +72 +73 +74 +75 +79 +80 +82 +83 +84 +85 +86 +87 +90 +92 +98 +99 +100 +101 +102 +103 +104 +105 +108 +131 +132 +133 +134 +135 +136 +137 +138 +139 +140 +141 +143 +144 +146 +147 +148 +149 +150 +151 +153 +154 +155 +158 +159 +160 +162 +163 +165 +166 +167 +168 +169 +171 +172 +173 +175 +176 +177 +179 +180 +181 +182 +183 +184 +186 +187 +189 +190 +191 +192 +193 +194 +196 +197 +198 +199 +200 +201 +202 +203 +204 +215 +216 +219 +244 +245 +246 +247 +248 +249 +250 +251 +252 +253 +254 +255 +257 +263 +277 +279 +280 +281 @
>CP045789.1
+75 +79 +80 +82 +83 +84 +85 +86 +87 +90 +92 +98 +99 +100 +101 +102 +103 +104 +105 +108 +131 +132 +133 +134 +135 +136 +137 +138 +139 +140 +141 +143 +144 +146 +147 +148 +149 +150 +151 +153 +154 +155 +158 +159 +160 +162 +163 +165 +166 +167 +168 +169 +171 +172 +173 +175 +176 +177 +179 +180 +181 +182 +183 +184 +186 +187 +189 +190 +191 +192 +193 +194 +196 +197 +198 +199 +200 +201 +202 +203 +204 +215 +216 +219 +244 +245 +246 +247 +248 +249 +250 +251 +252 +253 +254 +255 +257 +263 +277 +279 +280 +281 +1 +2 +5 +6 +7 -39 -38 -37 -36 -33 +44 +45 +46 +47 +50 +52 +53 +54 +55 +56 +57 +58 +59 +60 +61 +66 +69 +70 +71 +72 +73 +74 @
>CP023343.1
-39 -38 -37 -36 -33 +44 +45 +46 +47 +50 +52 +53 +54 +55 +56 +57 +58 +59 +60 +61 +66 +69 +70 +71 +72 +73 +74 +75 +79 +80 +82 +83 +84 +85 +86 +87 +90 +92 +98 +99 +100 +101 +102 +103 +104 +105 +108 +131 +132 +133 +134 +135 +136 +137 +138 +139 +140 +141 +143 +144 +146 +147 +148 +149 +150 +151 +153 +154 +155 +158 +159 +160 +162 +163 +165 +166 +167 +168 +169 +171 +172 +173 +175 +176 +177 +179 +180 +181 +182 +183 +184 +186 +187 +189 +190 +191 +192 +193 +194 +196 +197 +198 +199 +200 +201 +202 +203 +204 +215 +216 +219 +244 +245 +246 +247 +248 +249 +250 +251 +252 +253 +254 +255 +257 +263 +277 +279 +280 +281 +1 +2 +5 +6 +7 @
>CP012149.1
+1 +2 +5 +6 +7 -39 -38 -37 -36 -33 +44 +45 +46 +47 +50 +52 +53 +54 +55 +56 +57 +58 +59 +60 +61 +66 +69 +70 +71 +72 +73 +74 +75 +79 +80 +82 +83 +84 +85 +86 +87 +90 +92 +98 +99 +100 +101 +102 +103 +104 +105 +108 +131 +132 +133 +134 +135 +136 +137 +138 +139 +140 +141 +143 +144 +146 +147 +148 +149 +150 +151 +153 +154 +155 +158 +159 +160 +162 +163 +165 +166 +167 +168 +169 +171 +172 +173 +175 +176 +177 +179 +180 +181 +182 +183 +184 +186 +187 +189 +190 +191 +192 +193 +194 +196 +197 +198 +199 +200 +201 +202 +203 +204 +215 +216 +219 +244 +245 +246 +247 +248 +249 +250 +251 +252 +253 +254 +255 +257 +263 +277 +279 +280 +281 @
>HG428754.1
+1 +2 +5 +6 +7 -39 -38 -37 -36 -33 +44 +45 +46 +47 +50 +52 +53 +54 +55 +56 +57 +58 +59 +60 +61 +66 +69 +70 +71 +72 +73 +74 +75 +79 +80 +82 +83 +84 +85 +86 +87 +90 +92 +98 +99 +100 +101 +102 +103 +104 +105 +108 +131 +132 +133 +134 +135 +136 +137 +138 +139 +140 +141 +143 +144 +146 +147 +148 +149 +150 +151 +153 +154 +155 +158 +159 +160 +162 +163 +165 +166 +167 +168 +169 +171 +172 +173 +175 +176 +177 +179 +180 +181 +182 +183 +184 +186 +187 +189 +190 +191 +192 +193 +194 +196 +197 +198 +199 +200 +201 +202 +203 +204 +215 +216 +219 +244 +245 +246 +247 +248 +249 +250 +251 +252 +253 +254 +255 +257 +263 +277 +279 +280 +281 @
>CP014344.1
+1 +2 +5 +6 +7 -39 -38 -37 -36 -33 +44 +45 +46 +47 +50 +52 +53 +54 +55 +56 +57 +58 +59 +60 +61 +66 +69 +70 +71 +72 +73 +74 +75 +79 +80 +82 +83 +84 +85 +86 +87 +90 +92 +98 +99 +100 +101 +102 +103 +104 +105 +108 +131 +132 +133 +134 +135 +136 +137 +138 +139 +140 +141 +143 +144 +146 +147 +148 +149 +150 +151 +153 +154 +155 +158 +159 +160 +162 +163 +165 +166 +167 +168 +169 +171 +172 +173 +175 +176 +177 +179 +180 +181 +182 +183 +184 +186 +187 +189 +190 +191 +192 +193 +194 +196 +197 +198 +199 +200 +201 +202 +203 +204 +215 +216 +219 +244 +245 +246 +247 +248 +249 +250 +251 +252 +253 +254 +255 +257 +263 +277 +279 +280 +281 @
>LS483362.1
+1 +2 +5 +6 +7 +33 +36 +37 +38 +39 +44 +45 +46 +47 +50 +52 +53 +54 +55 +56 +57 +58 +59 +60 +61 +66 +69 +70 +71 +72 +73 +74 +75 +79 +80 +82 +83 +84 +85 +86 +87 +90 +92 +98 +99 +100 +101 +102 +103 +104 +105 +108 +131 +132 +133 +134 +135 +136 +137 +138 +139 +140 +141 +143 +144 +146 +147 +148 +149 +150 +151 +153 +154 +155 +158 +159 +160 +162 +163 +165 +166 +167 +168 +169 +171 +172 +173 +175 +176 +177 +179 +180 +181 +182 +183 +184 +186 +187 +189 +190 +191 +192 +193 +194 +196 +197 +198 +199 +200 +201 +202 +203 +204 +215 +216 +219 +244 +245 +246 +247 +248 +249 +250 +251 +252 +253 +254 +255 +257 +263 +277 +279 +280 +281 @
>CP012224.1
-39 -38 -37 -36 -33 +44 +45 +46 +47 +50 +52 +53 +54 +55 +56 +57 +58 +59 +60 +61 +66 +69 +70 +71 +72 +73 +74 +75 +79 +80 +82 +83 +84 +85 +86 +87 +90 +92 +98 +99 +100 +101 +102 +103 +104 +105 +108 +131 +132 +133 +134 +135 +136 +137 +138 +139 +140 +141 +143 +144 +146 +147 +148 +149 +150 +151 +153 +154 +155 +158 +159 +160 +162 +163 +165 +166 +167 +168 +169 +171 +172 +173 +175 +176 +177 +179 +180 +181 +182 +183 +184 +186 +187 +189 +190 +191 +192 +193 +194 +196 +197 +198 +199 +200 +201 +202 +203 +204 +215 +216 +219 +244 +245 +246 +247 +248 +249 +250 +251 +252 +253 +254 +255 +257 +263 +277 +279 +280 +281 +1 +2 +5 +6 +7 @
>CP047478.1
-102 -101 -100 -99 -98 -92 -90 -87 -86 -85 -84 -83 -82 -80 -79 -75 -74 -73 -72 -71 -70 -69 -66 -61 -60 -59 -58 -57 -56 -55 -54 -53 -52 -50 -47 -46 -45 -44 +33 +36 +37 +38 +39 -7 -6 -5 -2 -1 -281 -280 -279 -277 -263 -257 -255 -254 -253 -252 -251 -250 -249 -248 -247 -246 -245 -244 -219 -216 -215 -204 -203 -202 -201 -200 -199 -198 -197 -196 -194 -193 -192 -191 -190 -189 -187 -186 -184 -183 -182 -181 -180 -179 -177 -176 -175 -173 -172 -171 -169 -168 -167 -166 -165 -163 -162 -160 -159 -158 -155 -154 -153 -151 -150 -149 -148 -147 -146 -144 -143 -141 -140 -139 -138 -137 -136 -135 -134 -133 -132 -131 -108 -105 -104 -103 @
>LR134507.1
+1 +2 +5 +6 +7 -39 -38 -37 -36 -33 +44 +45 +46 +47 +50 +52 +53 +54 +55 +56 +57 +58 +59 +60 +61 +66 +69 +70 +71 +72 +73 +74 +75 +79 +80 +82 +83 +84 +85 +86 +87 +90 +92 +98 +99 +100 +101 +102 +103 +104 +105 +108 +131 +132 +133 +134 +135 +136 +137 +138 +139 +140 +141 +143 +144 +146 +147 +148 +149 +150 +151 +153 +154 +155 +158 +159 +160 +162 +163 +165 +166 +167 +168 +169 +171 +172 +173 +175 +176 +177 +179 +180 +181 +182 +183 +184 +186 +187 +189 +190 +191 +192 +193 +194 +196 +197 +198 +199 +200 +201 +202 +203 +204 +215 +216 +219 +244 +245 -247 -246 +248 +249 +250 +251 +252 +253 +254 +255 +257 +263 +277 +279 +280 +281 @
>CP034393.1
+1 +2 +5 +6 +7 -39 -38 -37 -36 -33 +44 +45 +46 +47 +50 +52 +53 +54 +55 +56 +57 +58 +59 +60 +61 +66 +69 +70 +71 +72 +73 +74 +75 +79 +80 +82 +83 +84 +85 +86 +87 +90 +92 +98 +99 +100 +101 +102 +103 +104 +105 +108 +131 +132 +133 +134 +135 +136 +137 +138 +139 +140 +141 +143 +144 +146 +147 +148 +149 +150 +151 +153 +154 +155 +158 +159 +160 +162 +163 +165 +166 +167 +168 +169 +171 +172 +173 +175 +176 +177 +179 +180 +181 +182 +183 +184 +186 +187 +189 +190 +191 +192 +193 +194 +196 +197 +198 +199 +200 +201 +202 +203 +204 +215 +216 +219 +244 +245 +246 +247 +248 +249 +250 +251 +252 +253 +254 +255 +257 +263 +277 +279 +280 +281 @
>AL111168.1
+1 +2 +5 +6 +7 -39 -38 -37 -36 -33 +44 +45 +46 +47 +50 +52 +53 +54 +55 +56 +57 +58 +59 +60 +61 +66 +69 +70 +71 +72 +73 +74 +75 +79 +80 +82 +83 +84 +85 +86 +87 +90 +92 +98 +99 +100 +101 +102 +103 +104 +105 +108 +131 +132 +133 +134 +135 +136 +137 +138 +139 +140 +141 +143 +144 +146 +147 +148 +149 +150 +151 +153 +154 +155 +158 +159 +160 +162 +163 +165 +166 +167 +168 +169 +171 +172 +173 +175 +176 +177 +179 +180 +181 +182 +183 +184 +186 +187 +189 +190 +191 +192 +193 +194 +196 +197 +198 +199 +200 +201 +202 +203 +204 +215 +216 +219 +244 +245 +246 +247 +248 +249 +250 +251 +252 +253 +254 +255 +257 +263 +277 +279 +280 +281 @
>CP017456.1
+1 +2 +5 +6 +7 -39 -38 -37 -36 -33 +44 +45 +46 +47 +50 +52 +53 +54 +55 +56 +57 +58 +59 +60 +61 +66 +69 +70 +71 +72 +73 +74 +75 +79 +80 +82 +83 +84 +85 +86 +87 +90 +92 +98 +99 +100 +101 +102 +103 +104 +105 +108 +131 +132 +133 +134 +135 +136 +137 +138 +139 +140 +141 +143 +144 +146 +147 +148 +149 +150 +151 +153 +154 +155 +158 +159 +160 +162 +163 +165 +166 +167 +168 +169 +171 +172 +173 +175 +176 +177 +179 +180 +181 +182 +183 +184 +186 +187 +189 +190 +191 +192 +193 +194 +196 +197 +198 +199 +200 +201 +202 +203 +204 +215 +216 +219 +244 +245 +246 +247 +248 +249 +250 +251 +252 +253 +254 +255 +257 +263 +277 +279 +280 +281 @
>CP047484.1
-39 -38 -37 -36 -33 +44 +45 +46 +47 +50 +52 +53 +54 +55 +56 +57 +58 +59 +60 +61 +66 +69 +70 +71 +72 +73 +74 +75 +79 +80 +82 +83 +84 +85 +86 +87 +90 +92 +98 +99 +100 +101 +102 +103 +104 +105 +108 +131 +132 +133 +134 +135 +136 +137 +138 +139 +140 +141 +143 +144 +146 +147 +148 +149 +150 +151 +153 +154 +155 +158 +159 +160 +162 +163 +165 +166 +167 +168 +169 +171 +172 +173 +175 +176 +177 +179 +180 +181 +182 +183 +184 +186 +187 +189 +190 +191 +192 +193 +194 +196 +197 +198 +199 +200 +201 +202 +203 +204 +215 +216 +219 +244 +245 +246 +247 +248 +249 +250 +251 +252 +253 +254 +255 +257 +263 +277 +279 +280 +281 +1 +2 +5 +6 +7 @
>LR134511.1
+1 +2 +5 +6 +7 -39 -38 -37 -36 -33 +44 +45 +46 +47 +50 +52 +53 +54 +55 +56 +57 +58 +59 +60 +61 +66 +69 +70 +71 +72 +73 +74 +75 +79 +80 +82 +83 +84 +85 +86 +87 +90 +92 +98 +99 +100 +101 +102 +103 +104 +105 +108 +131 +132 +133 +134 +135 +136 +137 +138 +139 +140 +141 +143 +144 +146 +147 +148 +149 +150 +151 +153 +154 +155 +158 +159 +160 +162 +163 +165 +166 +167 +168 +169 +171 +172 +173 +175 +176 +177 +179 +180 +181 +182 +183 +184 +186 +187 +189 +190 +191 +192 +193 +194 +196 +197 +198 +199 +200 +201 +202 +203 +204 +215 +216 +219 +244 +245 +246 +247 +248 +249 +250 +251 +252 +253 +254 +255 +257 +263 +277 +279 +280 +281 @
>CP001900.1
+1 +2 +5 +6 +7 -39 -38 -37 -36 -33 +44 +45 +46 +47 +50 +52 +53 +54 +55 +56 +57 +58 +59 +60 +61 +66 +69 +70 +71 +72 +73 +74 +75 +79 +80 +82 +83 +84 +85 +86 +87 +90 +92 +98 +99 +100 +101 +102 +103 +104 +105 +108 +131 +132 +133 +134 +135 +136 +137 +138 +139 +140 +141 +143 +144 +146 +147 +148 +149 +150 +151 +153 +154 +155 +158 +159 +160 +162 +163 +165 +166 +167 +168 +169 +171 +172 +173 +175 +176 +177 +179 +180 +181 +182 +183 +184 +186 +187 +189 +190 +191 +192 +193 +194 +196 +197 +198 +199 +200 +201 +202 +203 +204 +215 +216 +219 +244 +245 +246 +247 +248 +249 +250 +251 +252 +253 +254 +255 +257 +263 +277 +279 +280 +281 @
>CP047480.1
+71 +72 +73 +74 +75 +79 +80 +82 +83 +84 +85 +86 +87 +90 +92 +98 +99 +100 +101 +102 +103 +104 +105 +108 +131 +132 +133 +134 +135 +136 +137 +138 +139 +140 +141 +143 +144 +146 +147 +148 +149 +150 +151 +153 +154 +155 +158 +159 +160 +162 +163 +165 +166 +167 +168 +169 +171 +172 +173 +175 +176 +177 +179 +180 +181 +182 +183 +184 +186 +187 +189 +190 +191 +192 +193 +194 +196 +197 +198 +199 +200 +201 +202 +203 +204 +215 +216 +219 +244 +245 +246 +247 +248 +249 +250 +251 +252 +253 +254 +255 +257 +263 +277 +279 +280 +281 +1 +2 +5 +6 +7 -39 -38 -37 -36 -33 +44 +45 +46 +47 +50 +52 +53 +54 +55 +56 +57 +58 +59 +60 +61 +66 +69 +70 @
>CP012690.1
+1 +2 +5 +6 +7 -39 -38 -37 -36 -33 +44 +45 +46 +47 +50 +52 +53 +54 +55 +56 +57 +58 +59 +60 +61 +66 +69 +70 +71 +72 +73 +74 +75 +79 +80 +82 +83 +84 +85 +86 +87 +90 +92 +98 +99 +100 +101 +102 +103 +104 +105 +108 +131 +132 +133 +134 +135 +136 +137 +138 +139 +140 +141 +143 +144 +146 +147 +148 +149 +150 +151 +153 +154 +155 +158 +159 +160 +162 +163 +165 +166 +167 +168 +169 +171 +172 +173 +175 +176 +177 +179 +180 +181 +182 +183 +184 +186 +187 +189 +190 +191 +192 +193 +194 +196 +197 +198 +199 +200 +201 +202 +203 +204 +215 +216 +219 +244 +245 +246 +247 +248 +249 +250 +251 +252 +253 +254 +255 +257 +263 +277 +279 +280 +281 @
>CP005388.1
+1 +2 +5 +6 +7 -39 -38 -37 -36 -33 +44 +45 +46 +47 +50 +52 +53 +54 +55 +56 +57 +58 +59 +60 +61 +66 +69 +70 +71 +72 +73 +74 +75 +79 +80 +82 +83 +84 +85 +86 +87 +90 +92 +98 +99 +100 +101 +102 +103 +104 +105 +108 +131 +132 +133 +134 +135 +136 +137 +138 +139 +140 +141 +143 +144 +146 +147 +148 +149 +150 +151 +153 +154 +155 +158 +159 +160 +162 +163 +165 +166 +167 +168 +169 +171 +172 +173 +175 +176 +177 +179 +180 +181 +182 +183 +184 +186 +187 +189 +190 +191 +192 +193 +194 +196 +197 +198 +199 +200 +201 +202 +203 +204 +215 +216 +219 +244 +245 +246 +247 +248 +249 +250 +251 +252 +253 +254 +255 +257 +263 +277 +279 +280 +281 @
>CP047477.1
-108 -105 -104 -103 -102 -101 -100 -99 -98 -92 -90 -87 -86 -85 -84 -83 -82 -80 -79 -75 -74 -73 -72 -71 -70 -69 -66 -61 -60 -59 -58 -57 -56 -55 -54 -53 -52 -50 -47 -46 -45 -44 +33 +36 +37 +38 +39 -7 -6 -5 -2 -1 -281 -280 -279 -277 -263 -257 -255 -254 -253 -252 -251 -250 -249 -248 -247 -246 -245 -244 -219 -216 -215 -204 -203 -202 -201 -200 -199 -198 -197 -196 -194 -193 -192 -191 -190 -189 -187 -186 -184 -183 -182 -181 -180 -179 -177 -176 -175 -173 -172 -171 -169 -168 -167 -166 -165 -163 -162 -160 -159 -158 -155 -154 -153 -151 -150 -149 -148 -147 -146 -144 -143 -141 -140 -139 -138 -137 -136 -135 -134 -133 -132 -131 @
>LN831025.1
+1 +2 +5 +6 +7 -39 -38 -37 -36 -33 +44 +45 +46 +47 +50 +52 +53 +54 +55 +56 +57 +58 +59 +60 +61 +66 +69 +70 +71 +72 +73 +74 +75 +79 +80 +82 +83 +84 +85 +86 +87 +90 +92 +98 +99 +100 +101 +102 +103 +104 +105 +108 +131 +132 +133 +134 +135 +136 +137 +138 +139 +140 +141 +143 +144 +146 +147 +148 +149 +150 +151 +153 +154 +155 +158 +159 +160 +162 +163 +165 +166 +167 +168 +169 +171 +172 +173 +175 +176 +177 +179 +180 +181 +182 +183 +184 +186 +187 +189 +190 +191 +192 +193 +194 +196 +197 +198 +199 +200 +201 +202 +203 +204 +215 +216 +219 +244 +245 +246 +247 +248 +249 +250 +251 +252 +253 +254 +255 +257 +263 +277 +279 +280 +281 @
>CP022559.1
+1 +2 +5 +6 +7 -39 -38 -37 -36 -33 +44 +45 +46 +47 +50 +52 +53 +54 +55 +56 +57 +58 +59 +60 +61 +66 +69 +70 +71 +72 +73 +74 +75 +79 +80 +82 +83 +84 +85 +86 +87 +90 +92 +98 +99 +100 +101 +102 +103 +104 +105 +108 +131 +132 +133 +134 +135 +136 +137 +138 +139 +140 +141 +143 +144 +146 +147 +148 +149 +150 +151 +153 +154 +155 +158 +159 +160 +162 +163 +165 +166 +167 +168 +169 +171 +172 +173 +175 +176 +177 +179 +180 +181 +182 +183 +184 +186 +187 +189 +190 +191 +192 +193 +194 +196 +197 +198 +199 +200 +201 +202 +203 +204 +215 +216 +219 +244 +245 +246 +247 +248 +249 +250 +251 +252 +253 +254 +255 +257 +263 +277 +279 +280 +281 @
>CP006686.1
+1 +2 +5 +6 +7 -39 -38 -37 -36 -33 +44 +45 +46 +47 +50 +52 +53 +54 +55 +56 +57 +58 +59 +60 +61 +66 +69 +70 +71 +72 +73 +74 +75 +79 +80 +82 +83 +84 +85 +86 +87 +90 +92 +98 +99 +100 +101 +102 +103 +104 +105 +108 +131 +132 +133 +134 +135 +136 +137 +138 +139 +140 +141 +143 +144 +146 +147 +148 +149 +150 +151 +153 +154 +155 +158 +159 +160 +162 +163 +165 +166 +167 +168 +169 +171 +172 +173 +175 +176 +177 +179 +180 +181 +182 +183 +184 +186 +187 +189 +190 +191 +192 +193 +194 +196 +197 +198 +199 +200 +201 +202 +203 +204 +215 +216 +219 +244 +245 +246 +247 +248 +249 +250 +251 +252 +253 +254 +255 +257 +263 +277 +279 +280 +281 @
>CP045048.1
+1 +2 +5 +6 +7 -39 -38 -37 -36 -33 +44 +45 +46 +47 +50 +52 +53 +54 +55 +56 +57 +58 +59 +60 +61 +66 +69 +70 +71 +72 +73 +74 +75 +79 +80 +82 +83 +84 +85 +86 +87 +90 +92 +98 +99 +100 +101 +102 +103 +104 +105 +108 +131 +132 +133 +134 +135 +136 +137 +138 +139 +140 +141 +143 +144 +146 +147 +148 +149 +150 +151 +153 +154 +155 +158 +159 +160 +162 +163 +165 +166 +167 +168 +169 +171 +172 +173 +175 +176 +177 +179 +180 +181 +182 +183 +184 +186 +187 +189 +190 +191 +192 +193 +194 +196 +197 +198 +199 +200 +201 +202 +203 +204 +215 +216 +219 +244 +245 +246 +247 +248 +249 +250 +251 +252 +253 +254 +255 +257 +263 +277 +279 +280 +281 @
>CP041584.1
+1 +2 +5 +6 +7 -39 -38 -37 -36 -33 +44 +45 +46 +47 +50 +52 +53 +54 +55 +56 +57 +58 +59 +60 +61 +66 +69 +70 +71 +72 +73 +74 +75 +79 +80 +82 +83 +84 +85 +86 +87 +90 +92 +98 +99 +100 +101 +102 +103 +104 +105 +108 +131 +132 +133 +134 +135 +136 +137 +138 +139 +140 +141 +143 +144 +146 +147 +148 +149 +150 +151 +153 +154 +155 +158 +159 +160 +162 +163 +165 +166 +167 +168 +169 +171 +172 +173 +175 +176 +177 +179 +180 +181 +182 +183 +184 +186 +187 +189 +190 +191 +192 +193 +194 +196 +197 +198 +199 +200 +201 +202 +203 +204 +215 +216 +219 +244 +245 +246 +247 +248 +249 +250 +251 +252 +253 +254 +255 +257 +263 +277 +279 +280 +281 @
>CP002029.1
+1 +2 +5 +6 +7 -39 -38 -37 -36 -33 +44 +45 +46 +47 +50 +52 +53 +54 +55 +56 +57 +58 +59 +60 +61 +66 +69 +70 +71 +72 +73 +74 +75 +79 +80 +82 +83 +84 +85 +86 +87 +90 +92 +98 +99 +100 +101 +102 +103 +104 +105 +108 +131 +132 +133 +134 +135 +136 +137 +138 +139 +140 +141 +143 +144 +146 +147 +148 +149 +150 +151 +153 +154 +155 +158 +159 +160 +162 +163 +165 +166 +167 +168 +169 +171 +172 +173 +175 +176 +177 +179 +180 +181 +182 +183 +184 +186 +187 +189 +190 +191 +192 +193 +194 +196 +197 +198 +199 +200 +201 +202 +203 +204 +215 +216 +219 +244 +245 +246 +247 +248 +249 +250 +251 +252 +253 +254 +255 +257 +263 +277 +279 +280 +281 @
>CP003871.4
+1 +2 +5 +6 +7 -39 -38 -37 -36 -33 +44 +45 +46 +47 +50 +52 +53 +54 +55 +56 +57 +58 +59 +60 +61 +66 +69 +70 +71 +72 +73 +74 +75 +79 +80 +82 +83 +84 +85 +86 +87 +90 +92 +98 +99 +100 +101 +102 +103 +104 +105 +108 +131 +132 +133 +134 +135 +136 +137 +138 +139 +140 +141 +143 +144 +146 +147 +148 +149 +150 +151 +153 +154 +155 +158 +159 +160 +162 +163 +165 +166 +167 +168 +169 +171 +172 +173 +175 +176 +177 +179 +180 +181 +182 +183 +184 +186 +187 +189 +190 +191 +192 +193 +194 +196 +197 +198 +199 +200 +201 +202 +203 +204 +215 +216 +219 +244 +245 +246 +247 +248 +249 +250 +251 +252 +253 +254 +255 +257 +263 +277 +279 +280 +281 @
