>CP017540_1
+1 +2 +3 +4 +5 +6 +7 +8 +9 +10 +11 +12 +13 +14 +15 +16 +17 +18 +19 +20 +21 +22 +23 +24 +25 +26 +27 +28 +29 +30 +31 +32 +33 +34 +35 +36 +37 +38 +39 +40 +41 +42 +43 +44 +45 +46 +47 -57 -56 -55 -54 -53 -52 -51 -50 -49 -48 +58 +59 +60 +61 +62 +63 +64 +65 -81 -80 +66 +67 +68 +69 +70 +71 +72 +73 +74 +75 +76 +77 +78 +79 +82 +83 +84 +85 +86 +87 +88 +89 +90 +91 +92 +93 +94 +95 +96 +97 +98 +99 +100 +101 +102 +103 +104 -25 +105 +106 +107 +108 +109 +110 +111 +112 +113 +114 +115 +116 +117 +118 +119 +120 +121 +122 +123 -25 +124 +125 -25 +126 +127 +128 -25 +129 +130 +131 +132 +133 -25 +134 +135 -137 +136 $
>CP017504_1
+1 +2 +3 +4 +5 +6 +7 +8 +9 +10 +11 +12 +13 +14 +15 +16 +17 +18 +19 +20 +21 +22 +23 +24 +25 +26 +27 +28 +29 +30 +31 +32 +33 +34 +35 +36 +37 +38 +39 +40 +41 +42 +43 +44 +45 +46 +47 +48 +49 +50 +51 +52 -85 -84 +89 +90 +91 -83 -82 -81 -80 -79 -74 -73 -72 -71 -70 -69 -68 -67 -66 -65 -64 -63 -62 -61 -60 -59 -58 -57 +139 +138 -57 -56 +140 -55 -54 -53 +86 +87 +88 +92 +142 +143 -141 +93 +94 +95 +96 +97 +98 +99 +100 +101 +102 +103 +104 -25 +105 +106 +107 +108 +109 +110 +111 +112 +113 +114 +115 +116 +117 +118 +119 +120 +121 +122 +123 -25 +124 +125 -25 +126 +127 +128 -25 +129 +130 +131 +132 +133 -25 +134 +135 -137 +136 $
>CP006573_1
+1 +2 +3 +4 +17 +5 +6 +7 +8 +9 +10 +11 +15 +16 +18 +19 +20 +21 +22 +23 +24 +25 +26 +27 +34 +35 +36 +37 +38 +39 +40 +41 +42 +43 +142 +143 -141 +44 +45 +46 +47 +51 +52 +53 +54 +55 -48 +58 +59 +60 +61 +62 +64 +65 +66 +67 +68 +69 +70 +71 +72 +73 +74 +79 +146 +147 +82 +83 +84 +85 +86 +87 +88 +92 +93 +94 +95 +98 +99 +100 +101 +102 +103 +104 -25 +105 +106 +107 +89 +90 +108 +109 +110 +111 +117 -118 +112 +113 +148 +114 +115 +116 +149 +120 +121 +122 +123 -25 +126 +127 +128 -25 +129 +130 +132 +133 -25 +124 +125 -25 +134 +135 +150 +136 $
>CP006574_1
+1 +2 +3 +4 +5 +6 +7 +8 +9 +10 +142 +143 -141 +11 +12 +13 +14 +15 +16 +17 +18 +19 +20 +21 +22 +23 +24 +25 +26 +27 +28 +33 +34 +35 +36 +37 +38 +39 +40 +41 +42 +43 +44 +45 +46 +47 +49 +50 -33 -28 +51 +52 +53 +54 +55 +56 +57 +58 +59 +60 +61 +62 +63 +64 +65 +144 -79 -78 -77 -76 -75 -74 -73 -72 -71 -70 -69 -68 -67 -66 +80 +81 +82 +83 +84 +85 +86 +87 +88 +89 +90 +91 +92 +93 +94 +95 +96 +98 +99 +100 +101 +102 +103 +104 -25 +105 +106 +107 +108 +109 +110 +111 +112 +113 +114 +115 +116 +117 +118 +119 +120 +121 +122 +123 -25 +124 +125 -25 +126 +127 +128 -25 +129 +130 +131 +132 +133 -25 +134 +135 +136 $
>CP017539_1
+1 +2 +3 +4 +5 +6 +7 +8 +9 +10 +11 +12 +13 +14 +15 +16 +17 +18 +19 +20 +21 +22 +23 +24 +25 +123 +122 +121 +120 +119 +118 +117 +116 +115 +114 +113 +112 +111 +110 +109 +108 +107 +106 +105 +25 +104 +103 +102 +101 +100 +141 +143 +142 +99 +98 +97 +96 +95 +94 +93 +92 +91 +90 +89 +88 +87 +86 +85 +84 +83 +82 +144 +79 +78 +77 +76 +75 +74 +73 +72 +71 +70 +67 +68 +69 +66 +80 +65 +64 +63 +62 +61 +60 +59 +58 +57 +56 +55 +54 +53 +52 +142 +141 +51 +50 +49 +48 +47 +46 +45 +44 +43 +42 +41 +40 +39 +38 +37 +36 +35 +34 +33 +32 +31 +30 +29 +28 +27 +26 +25 +124 +125 +25 +126 +127 +128 +25 +129 +130 +131 +132 +133 +25 +134 +135 +136 $
>CP017532_1
+1 +2 +3 +4 +5 +6 +7 +8 +9 +10 +11 +12 +13 +14 +15 +16 +17 +18 +19 +20 +21 +22 +23 +24 +25 +26 +27 +28 +29 +30 +31 +32 +33 +34 +35 +36 +37 +38 +39 +40 +41 +42 +43 +44 +45 +46 +47 +48 +49 +50 +51 +52 +53 +54 +55 -140 +56 +57 -138 -139 +57 +58 +59 +60 +61 +62 +63 +64 +65 -81 -80 -79 -78 -77 -76 -75 -74 -73 -72 -71 -70 -69 -68 -67 -66 +89 +90 +91 -83 -82 +84 +85 +86 +87 +88 +92 +142 +143 -141 +93 +94 +95 +96 +97 +98 +99 +100 +101 +102 +103 +104 -25 +105 +106 +107 +108 +109 +110 +111 +112 +113 +114 +115 +116 +117 +118 +119 +120 +121 +122 +123 -25 +124 +125 -25 +129 +130 +131 +132 +133 -25 +126 +127 +128 -25 +134 +135 -137 +136 $
>CP017505_1
+1 +2 +3 +4 +5 +6 +7 +8 +9 +10 +11 +12 +13 +14 +15 +16 +17 +18 +19 +20 +21 +22 +23 +24 +25 +26 +27 +28 +29 +30 +31 +32 +33 +34 +35 +36 +37 +38 +39 +40 +41 +42 +43 +44 +45 +46 +47 +48 +49 +50 +51 +141 -143 -142 +52 +53 +54 +55 +56 +57 +58 +59 +60 +61 +62 +63 +64 +65 +66 +67 +68 +69 +70 +71 +72 +73 +74 +75 +76 +77 +78 +79 -144 +82 +83 +84 +85 +86 +87 +88 +89 +90 +91 +92 +93 +94 +95 +96 +97 +98 +99 +142 +143 -141 +100 +101 +102 +103 +104 -25 +105 +106 +107 +108 +109 +110 +111 +112 +113 +114 +115 +116 +117 +118 +119 +120 +121 +122 +123 -25 +124 +125 -25 +126 +127 +128 -25 +129 +130 +131 +132 +133 -25 +134 +135 +136 $
>CP023044_1
+1 +2 +3 +4 +5 +6 +7 +8 +9 +10 +11 +12 +13 +14 +15 +16 +17 +18 +19 +20 +21 +22 +23 +24 +25 +26 +27 +28 +29 +30 +31 +32 +33 +34 +35 +36 +37 +38 +39 +40 +41 +42 +43 +44 +45 +46 +47 +48 +49 +50 +51 +52 +53 +54 +55 +140 +56 +57 +58 +59 +60 +61 +62 +63 +64 +65 +81 +80 +66 +67 +68 +69 +70 +71 +72 +73 +74 +75 +76 +77 +78 +79 +89 +90 +91 +83 +82 +144 +84 +85 +86 +87 +88 +92 +142 +143 +141 +93 +94 +95 +96 +97 +98 +99 +100 +101 +102 +103 +104 +25 +105 +106 +107 +108 +109 +110 +111 +112 +113 +114 +115 +116 +117 +118 +119 +120 +121 +122 +123 +25 +124 +125 +25 +126 +127 +128 +25 +129 +130 +131 +132 +133 +25 +134 +135 +137 +136 $
>CP005972_1
+1 +2 +3 +4 +5 +6 +7 +8 +9 +10 +11 +12 +13 +125 +124 +25 +123 +122 +121 +120 +119 +118 +117 +116 +115 +114 +113 +112 +111 +110 +109 +108 +107 +106 +105 +25 +104 +103 +102 +101 +100 +99 +98 +97 +96 +95 +94 +93 +92 +91 +90 +89 +88 +87 +86 +85 +84 +83 +82 +79 +78 +77 +76 +75 +74 +73 +72 +71 +70 +69 +68 +67 +66 +80 +81 +65 +64 +63 +62 +61 +60 +59 +58 +57 +56 +55 +54 +53 +52 +51 +50 +49 +48 +47 +46 +45 +44 +43 +42 +41 +40 +39 +38 +37 +36 +35 +34 +33 +32 +31 +30 +29 +28 +27 +26 +25 +24 +23 +22 +21 +20 +19 +18 +17 +16 +15 +14 +25 +126 +127 +142 +143 +141 +128 +25 +129 +130 +131 +132 +133 +25 +134 +135 +137 +136 $
>CP005383_1
+1 +2 +3 +4 +5 +6 +7 +8 +9 +10 +11 +12 +13 +14 +15 +16 +17 +18 +19 +20 +21 +22 +23 +24 +25 +26 +27 +28 +29 +30 +31 +32 +33 +34 +35 +36 +37 +38 +39 +40 +41 +42 +43 +44 +45 +46 +47 +48 +49 +50 +51 +52 -85 -84 +89 +90 +91 -83 -82 -81 -80 -79 -78 -77 -76 -75 -74 -73 -72 -71 -70 -69 -68 -67 -66 -65 -64 -63 -62 -61 -60 -59 -58 -57 +139 +138 -57 -56 +140 -55 -54 -53 +86 +87 +88 +92 +142 +143 -141 +93 +94 +95 +96 +97 +98 +99 +100 +101 +102 +103 +104 -25 +105 +106 +107 +108 +109 +110 +111 +112 +113 +114 +115 +116 +117 +118 +119 +120 +121 +122 +123 -25 +124 +125 -25 +126 +127 +128 -25 +129 +130 +131 +132 +133 -25 +134 +135 -137 +136 $
>CP017491_1
+1 +2 +3 +4 +5 +6 +7 +8 +9 +10 +11 +12 +13 +14 +15 +16 +17 +18 +19 +20 +21 +22 +23 +24 +25 +26 +27 +28 +29 +30 +31 +32 +33 +34 +35 +36 +37 +38 +39 +40 +41 +42 +43 +44 +45 +46 +47 +48 +49 +50 +51 +52 +53 +54 +55 +56 +57 +58 +59 +60 +61 +62 +63 +64 +65 +66 +67 +68 +69 +70 +71 +72 +73 +74 +75 +76 +77 +78 +79 +80 +81 +82 +83 +84 +85 +86 +87 +88 +89 +90 +91 +92 +93 +94 +95 +96 +97 +98 +99 +100 +101 +102 +103 +104 -25 +105 +106 +107 +108 +109 +110 +111 +112 +113 +114 +115 +116 +117 +118 +119 +120 +121 +122 +123 -25 +124 +125 -25 +126 +127 +128 -25 +129 +130 +131 +132 +133 -25 +134 +135 +136 $
>CP011099_1
+1 +2 +3 +4 +5 +6 +8 +9 +10 +11 +12 +13 +14 +141 +143 +142 +15 +16 +17 +18 +19 +20 +21 +22 +23 +24 +25 +26 +27 +28 +29 +30 +31 +32 +33 +34 +35 +36 +37 +38 +39 +40 +41 +42 +43 +44 +45 +46 +47 +48 +49 +50 +51 +52 +53 +54 +55 +151 +140 +56 +57 +58 +59 +60 +61 +62 +63 +64 +65 +66 +67 +68 +69 +70 +71 +72 +73 +74 +75 +76 +77 +78 +79 +144 +82 +83 +91 +90 +89 +84 +85 +86 +87 +88 +92 +93 +94 +95 +96 +97 +98 +99 +100 +101 +102 +103 +104 +25 +105 +106 +107 +108 +109 +110 +111 +112 +113 +114 +115 +116 +117 +118 +119 +120 +121 +122 +123 +25 +124 +125 +25 +126 +127 +128 +25 +129 +130 +131 +132 +133 +25 +134 +135 +137 +136 $
>CP017533_1
+1 +2 +3 +4 +5 +6 +7 +8 +9 +10 +11 +12 +13 +14 +15 +16 +17 +18 +19 +20 +21 +22 +23 +24 +25 +26 +27 +28 +31 +32 +33 +34 +35 +36 +37 +38 +39 +40 +41 +42 +43 +44 +45 +46 +47 +48 +49 +50 +51 +52 +53 +54 +55 +56 +57 +58 +59 +60 +61 +62 +63 +64 +65 +66 -69 -68 -67 +70 +71 +72 +73 +74 +75 +76 +77 +78 +79 +80 +81 +82 +83 +84 +85 +86 +87 +88 +89 +90 +91 +92 +93 +94 +95 +96 +97 +98 +99 +100 +101 +102 +103 +104 -25 +105 +106 +107 +108 +109 +110 +111 +112 +113 +114 +115 +116 +117 +118 +119 +120 +121 +122 +123 -25 +124 +125 -25 +126 +127 +128 -25 +129 +130 +131 +132 +133 -25 +134 +135 +136 $
>CP017534_1
+1 +2 +3 +4 +5 +6 +7 +8 +9 +10 +11 +12 +13 +14 +15 +16 +18 +19 +20 +21 +22 +23 +24 +25 +26 +27 +28 +29 +30 +31 +32 +33 +34 +35 +36 +37 +38 +39 +40 +41 +42 +43 +44 +45 +46 +47 +48 +49 +50 +51 +52 -85 -84 +80 +81 +82 +83 -91 -90 -89 +66 +67 +68 +69 +70 +71 +72 +73 +74 +75 +76 +77 +78 +79 -144 -65 -64 -63 -62 -61 -60 -59 -58 -57 +139 +138 -57 -56 +140 -152 -55 -54 -53 +86 +87 +88 +92 +142 +143 -141 +93 +94 +95 +96 +97 +98 +99 +100 +101 +102 +141 -143 -142 +103 +104 -25 +105 +106 +107 +108 +109 +110 +111 +112 +113 +114 +115 +116 +117 +118 +119 +120 +121 +122 +123 -25 +124 +125 -25 +126 +127 +128 -25 +129 +130 +131 +132 +133 -25 +134 +135 -137 +136 $
>CP017544_1
+1 +2 +3 +4 +5 +6 +7 +8 +9 +10 +11 +12 +13 +14 +15 +16 +17 +18 +19 +20 +21 +22 +23 +24 +25 +26 +27 +28 +29 +30 +31 +32 +33 +34 +35 +36 +37 +38 +39 +40 +41 +42 +43 +44 +45 +46 +47 +48 +49 +50 +51 +52 -85 -84 +89 +90 +91 -83 -82 +144 +66 +67 +68 +69 +70 +71 +72 +73 +74 +75 +76 +77 +78 +79 +80 +81 -65 -64 -63 -62 -61 -60 -59 -58 -57 +139 +138 -57 -56 +140 -55 -54 -53 +86 +87 +88 +92 +142 +143 -141 +93 +94 +95 +96 +97 +98 +99 +100 +101 +102 +103 +104 -25 +105 +106 +107 +108 +109 +110 +111 +112 +113 +114 +115 +116 +117 +118 +119 +120 +121 +122 +123 -25 +124 +125 -25 +126 +127 +128 -25 +129 +130 +131 +132 +133 -25 +134 +135 -137 +136 $
>CP026857_1
+1 +2 +3 +144 +143 +142 +141 +4 +17 +5 +6 +7 +8 +9 +10 +11 +12 +13 +14 +15 +16 +18 +19 +20 +21 +22 +23 +24 +26 +27 +28 +29 +30 +31 +32 +33 +34 +35 +36 +37 +38 +39 +40 +41 +42 +43 +44 +45 +46 +48 +49 +50 +51 +52 +53 +54 +55 +140 +56 +57 +139 +57 +138 +47 +58 +59 +60 +61 +62 +63 +64 +65 +81 +80 +87 +86 +85 +84 +83 +82 +79 +78 +77 +76 +75 +74 +73 +72 +71 +70 +69 +68 +67 +66 +89 +90 +91 +88 +92 +93 +94 +95 +96 +97 +98 +99 +100 +101 +102 +103 +104 +105 +106 +107 +108 +109 +110 +111 +112 +113 +114 +115 +116 +117 +118 +119 +120 +121 +122 +123 +124 +125 +126 +25 +128 +127 +129 +130 +131 +132 +133 +134 +135 +137 +136 $
>CP004753_2
+1 +2 +3 +4 +5 +6 +7 +8 +9 +10 +11 +12 +13 +14 +15 +16 +17 +18 +19 +20 +21 +22 +23 +24 +25 +26 +27 +34 +35 +36 +37 +38 +39 +40 +41 +42 +43 +44 +45 +46 +47 +48 +49 +50 +51 +52 +53 +54 +55 +56 +57 +58 +59 +60 +61 +62 +64 +65 +66 +67 +68 +69 +70 +71 +72 +73 +74 +75 +78 +79 +82 +83 +84 +85 +86 +87 +88 +92 +93 +94 +95 +91 +90 +89 +98 +99 +100 +101 +102 +103 +104 +25 +105 +106 +145 +107 +108 +109 +110 +111 +112 +113 +114 +115 +116 +117 +118 +119 +120 +121 +122 +123 +25 +124 +125 +25 +126 +127 +128 +25 +129 +130 +131 +132 +133 +25 +134 +135 +136 $
>CP017520_1
+1 +2 +3 +4 +5 +6 +7 +8 +9 +10 +11 +12 +13 +14 +15 +16 +17 +18 +19 +20 +21 +22 +23 +24 +25 +26 +27 +28 +29 +30 +31 +32 +33 +34 +35 +36 +37 +38 +39 +40 +41 +42 +43 +44 +45 +46 +47 -57 -56 +140 -55 -54 -53 -52 -51 -50 -49 -48 +58 +59 +60 +61 +62 +63 +64 +65 +144 -79 -78 -77 -76 -75 -74 -73 -72 -71 -70 -69 -68 -67 -66 +80 +81 +82 +83 -91 -90 -89 +84 +85 +86 +87 +88 +92 +142 +143 -141 +93 +94 +95 +96 +97 +98 +99 +100 +101 +102 +103 +104 -25 +105 +106 +107 +108 +109 +110 +111 +112 +113 +114 +115 +116 +117 +118 +119 +120 +121 +122 +123 -25 +124 +125 -25 +126 +127 +128 -25 +129 +130 +131 +132 +133 -25 +134 +135 -137 +136 $
>CP023043_1
+1 +2 +3 +4 +5 +6 +7 +8 +9 +10 +11 +12 +13 +14 +15 +16 +17 +18 +19 +20 +21 +22 +23 +24 +25 +26 +27 +28 +29 +30 +31 +32 +33 +34 +35 +36 +37 +38 +39 +40 +41 +42 +43 +44 +45 +46 +47 +48 +49 +50 +51 +52 +53 +54 +55 +140 +56 +57 +58 +59 +60 +61 +62 +63 +64 +65 +81 +80 +66 +67 +68 +69 +70 +71 +72 +73 +74 +75 +76 +77 +78 +79 +89 +90 +91 +83 +82 +144 +84 +85 +86 +87 +88 +92 +142 +143 +141 +93 +94 +95 +96 +97 +98 +99 +100 +101 +102 +103 +104 +25 +105 +106 +107 +108 +109 +110 +111 +112 +113 +114 +115 +116 +117 +118 +119 +120 +121 +122 +123 +25 +124 +125 +25 +126 +127 +128 +25 +129 +130 +131 +132 +133 +25 +134 +135 +137 +136 $
>CP017524_1
+1 +2 +3 +4 +5 +6 +7 +8 +9 +10 +11 +12 +13 +14 +15 +16 +17 +18 +19 +20 +21 +22 +23 +24 +25 +26 +27 +28 +29 +30 +31 +32 +33 +34 +35 +36 +37 +38 +39 +40 +41 +42 +43 +44 +45 +46 +47 +48 +49 +50 +51 +52 +53 +54 +55 -140 +56 +57 -138 -139 +57 +58 +59 +60 +61 +62 +63 +64 +65 +66 +67 +68 +69 +70 +71 +72 +73 +74 +75 +76 +77 +78 +79 +89 +90 +91 -83 -82 +144 +84 +85 +86 +87 +88 +92 +142 +143 -141 +93 +94 +95 +96 +97 +98 +99 +100 +101 +102 +103 +104 -25 +105 +106 +107 +108 +109 +110 +111 +112 +113 +114 +115 +116 +117 +118 +119 +120 +121 +122 +123 -25 +124 +125 -25 +126 +127 +128 -25 +129 +130 +131 +132 +133 -25 +134 +135 -137 +136 $
>CP017550_1
+1 +2 +3 +4 +5 +6 +7 +8 +9 +10 +11 +12 +13 +14 +15 +16 +17 +18 +19 +20 +21 +22 +23 +24 +25 -123 -122 -121 -120 -119 -118 -117 -116 -115 -114 -113 -112 -111 -110 -109 -108 -107 -106 -105 +25 -104 -103 -102 -101 -100 -99 -98 -97 -96 -95 -94 -93 +141 -143 -142 -92 -88 -87 -86 +53 +54 +55 -140 +56 +57 +58 +59 +60 +61 +62 +63 +64 +65 -81 -80 -79 -78 -77 -76 -75 -74 -73 -72 -71 -70 -69 -68 -67 -66 +89 +90 +91 -83 -82 +144 +84 +85 -52 -51 -50 -49 -48 -47 -46 -45 -44 -43 -42 -41 -40 -39 -38 -37 -36 -35 -34 -33 -32 -31 -30 -29 -28 -27 -26 -25 +124 +125 -25 +126 +127 +128 -25 +129 +130 +131 +132 +133 -25 +134 +135 -137 +136 $
>CP017506_1
+1 +2 +3 +4 +5 +6 +7 +8 +9 +10 +11 +12 +13 +14 +15 +16 +17 +18 +19 +20 +21 +22 +23 +24 +25 +26 +27 +28 +29 +30 +31 +32 +33 +34 +35 +36 +37 +38 +39 +40 +41 +42 +43 +44 +45 +46 +47 +48 +49 +50 +51 +141 -143 -142 +52 +53 +54 +55 +56 +57 +58 +59 +60 +61 +62 +63 +64 +65 +66 +67 +68 +69 +70 +71 +72 +73 +74 +75 +76 +77 +78 +79 -144 +82 +83 +84 +85 +86 +87 +88 +89 +90 +91 +92 +93 +94 +95 +96 +97 +98 +99 +142 +143 -141 +100 +101 +102 +103 +104 -25 +105 +106 +107 +108 +109 +110 +111 +112 +113 +114 +115 +116 +117 +118 +119 +120 +121 +122 +123 -25 +124 +125 -25 +126 +127 +128 -25 +129 +130 +131 +132 +133 -25 +134 +135 +136 $
>CP017549_1
+1 +2 +3 +4 +5 +6 +7 +8 +9 +10 +11 +12 +13 +14 +15 +16 +17 +18 +19 +20 +21 +22 +23 +24 +25 +26 +27 +28 +29 +30 +31 +32 +33 +34 +35 +36 +37 +38 +39 +40 +41 +42 +43 +44 +45 +46 +47 +48 +49 +50 +51 +141 -143 -142 +52 +53 +54 +55 +56 +57 +58 +59 +60 +61 +62 +63 +64 +65 +66 -69 -68 -67 +70 +71 +72 +73 +74 +79 +80 +81 +82 +83 +84 +85 +86 +87 +88 +92 +93 +94 +95 +96 +97 +98 +99 +142 +143 -141 +100 +101 +102 +103 +104 -25 +105 +106 +107 +108 +109 +110 +111 +112 +113 +114 +115 +116 +117 +118 +119 +120 +121 -91 -90 -89 +122 +123 -25 +124 +125 -25 +126 +127 +128 -25 +129 +130 +131 +132 +133 -25 +134 +135 +136 $
>CP017548_1
+1 +2 +3 +4 +5 +6 +7 +8 +9 +10 +11 +12 +13 +14 +15 +16 +17 +18 +19 +20 +21 +22 +23 +24 +25 +26 +27 +28 +29 +30 +31 +32 +33 +34 +35 +36 +37 +38 +39 +40 +41 +42 +43 +44 +45 +46 +47 +48 +49 +50 +51 +52 -85 -84 +89 +90 +91 -83 -82 -81 -80 +66 +67 +68 +69 +70 +71 +72 +73 +74 +75 +76 +77 +78 +79 -144 -65 -64 -63 -62 -61 -60 -59 -58 -57 +139 +138 -57 -56 +140 -152 -55 -54 -53 +86 +87 +88 +92 +142 +143 -141 +93 +94 +95 +96 +97 +98 +99 +100 +101 +102 +103 +104 -25 +105 +106 +107 +108 +109 +110 +111 +112 +113 +114 +115 +116 +117 +118 +119 +120 +121 +122 +123 -25 +124 +125 -25 +126 +127 +128 -25 +129 +130 +131 +132 +133 -25 +134 +135 -137 +136 $
>CP017501_1
+1 +2 +3 +4 +5 +6 +7 +8 +9 +10 +11 +12 +13 +14 +15 +16 +17 +18 +19 +20 +21 +22 +23 +24 +25 +26 +27 +28 +29 +30 +31 +32 +33 +34 +35 +36 +37 +38 +39 +40 +41 +42 +43 +44 +45 +46 +47 +48 +49 +50 +51 +52 +53 +54 +55 +56 +57 +58 +59 +60 +61 +62 +63 +64 +65 +66 +67 +68 +69 +70 +71 +72 +73 +74 +75 +76 +77 +78 +79 +80 +81 +82 +83 +84 +85 +86 +87 +88 +89 +90 +91 +92 +93 +94 +95 +96 +97 +98 +99 +100 +101 +102 +103 +104 -25 +105 +106 +107 +108 +109 +110 +111 +112 +113 +114 +115 +116 +117 +118 +119 +120 +121 +122 +123 -25 +124 +125 -25 +126 +127 +128 -25 +129 +130 +131 +132 +133 -25 +134 +135 +136 $
>CP017535_1
+1 +2 +3 +4 +5 +6 +7 +8 +9 +10 +11 +12 +13 +14 +15 +16 +17 +18 +19 +20 +21 +22 +23 +24 +25 +26 +27 +29 +30 +31 +32 +33 +34 +35 +36 +37 +38 +39 +40 +41 +42 +43 +44 +45 +46 +47 -57 -56 -55 -54 -53 -52 -51 -50 -49 -48 +58 +59 +60 +61 +62 +63 +64 +65 -81 -80 +66 +67 +68 +69 +70 +71 +72 +73 +74 +75 +76 +77 +78 +79 +82 +83 -91 -90 -89 +84 +85 +86 +87 +88 +92 +142 +143 -141 +93 +94 +95 +96 +97 +98 +99 +100 +101 +102 +103 +104 -25 +105 +106 +107 +108 +109 +110 +111 +112 +113 +114 +115 +116 +117 +118 +119 +120 +121 +122 +123 -25 +124 +125 -25 +126 +127 +128 -25 +129 +130 +131 +132 +133 -25 +134 +135 -137 +136 $
>CP017536_1
+1 +2 +3 +4 +5 +6 +7 +8 +9 +10 +11 +12 +13 +14 +15 +16 +17 +18 +19 +20 +21 +22 +23 +24 +25 +26 +27 +28 +29 +30 +31 +32 +33 +34 +35 +36 +37 +38 +39 +40 +41 +42 +43 +44 +45 +46 +47 -48 +49 +50 +51 +52 -85 -84 +89 +90 +91 -83 -82 -81 -80 +66 +67 +68 +69 +70 +71 +72 +73 +74 +79 -144 -65 -64 -63 -62 -61 -60 -59 -58 -57 +139 +138 -57 -56 +140 -55 -54 -53 +86 +87 +88 +92 +142 +143 -141 +93 +94 +95 +96 +97 +98 +99 +100 +101 +102 +103 +104 -25 +105 +106 +107 +108 +109 +110 +111 +112 +113 +114 +115 +116 +117 +118 +119 +120 +121 +122 +123 -25 +124 +125 -25 +126 +127 +128 -25 +129 +130 +131 +132 +133 -25 +134 +135 -137 +136 $
>CP017528_1
+1 +2 +3 +4 +5 +6 +7 +8 +9 +10 +11 +12 +13 +14 +15 +16 +17 +18 +19 +20 +21 +22 +23 +24 +25 +26 +27 +28 +29 +30 +31 +32 +33 +34 +35 +36 +37 +38 +39 +40 +41 +42 +43 +44 +45 +46 +47 +48 +49 +50 +51 +52 +53 +54 +55 +56 +57 +58 +59 +60 +61 +62 +63 +64 +65 -81 -80 +66 +67 +68 +69 +70 +71 +72 +73 +74 +75 +76 +77 +78 +79 -144 +82 +83 +84 +85 +86 +87 +88 +92 +93 +94 +95 +96 +97 +98 +99 +100 +101 +102 +103 +104 -25 +105 +106 +107 +108 +109 +110 +111 +112 +113 +114 +115 +116 +117 +118 +119 +120 +141 -143 -142 +121 +122 +123 -25 +124 +125 -25 +126 +127 +128 -25 +129 +130 +131 +132 +133 -25 +134 +135 -137 +136 $
>CP017530_1
+1 +2 +3 +4 +5 +6 +7 +8 +9 +10 +11 +12 +13 +14 +15 +16 +17 +18 +19 +20 +21 +22 +23 +24 +25 -123 -122 -121 -120 -119 -118 -117 -116 -115 -114 -113 -112 -111 -110 -109 -108 -107 -106 -105 +25 -104 -103 -102 -101 -100 -99 -98 -97 -96 -95 -94 -93 -92 -88 -87 -86 -85 -84 -83 -82 -81 -80 +66 +67 +68 +69 +70 +71 +72 +73 +74 +77 +78 +79 -144 -65 -64 -63 -62 -61 -60 -59 -58 -57 -56 -55 -54 -53 -52 -51 +48 +49 +50 -47 -46 -45 -44 -43 -42 -41 -40 -39 -38 -37 -36 -35 -34 -33 -32 -31 -30 -29 -28 -27 -26 -25 +124 +125 -25 +126 +127 +128 -25 +129 +130 +131 +132 +133 -25 +134 +135 +136 $
>CP017543_1
+1 +2 +3 +4 +5 +6 +7 +8 +9 +10 +11 +12 +13 +14 +15 +16 +17 +18 +19 +20 +21 +22 +23 +24 +25 +26 +27 +28 +29 +30 +31 +32 +33 +34 +35 +36 +37 +38 +39 +40 +41 +42 +43 +44 +45 +46 +47 -48 +49 +50 +51 +52 -85 -84 +89 +90 +91 -83 -82 -79 -78 -77 -76 -75 -74 -73 -72 -71 -70 -69 -68 -67 -66 +80 +81 -65 -64 -63 -62 -61 -60 -59 -58 -57 -56 -55 -54 -53 +86 +87 +88 +92 +142 +143 -141 +93 +94 +95 +96 +97 +98 +99 +100 +101 +102 +103 +104 -25 +105 +106 +107 +108 +109 +110 +111 +112 +113 +114 +115 +116 +117 +118 +119 +120 +121 +122 +123 -25 +124 +125 -25 +126 +127 +128 -25 +129 +130 +131 +132 +133 -25 +134 +135 -137 +136 $
>CP017538_1
+1 +2 +3 +4 +5 +6 +7 +8 +9 +10 +11 +12 +13 +14 +15 +16 +17 +18 +19 +20 +21 +22 +23 +24 +25 +26 +27 +28 +29 +30 +31 +32 +33 +34 +35 +36 +37 +38 +39 +40 +41 +42 +43 +44 +33 +32 +29 +28 +45 +46 +47 +48 +49 +50 +51 +52 +85 +84 +83 +82 +144 +66 +67 +68 +69 +70 +71 +72 +73 +74 +75 +76 +77 +78 +79 +80 +81 +65 +64 +63 +62 +61 +60 +59 +58 +57 +139 +138 +57 +56 +140 +152 +55 +54 +53 +86 +87 +88 +92 +142 +143 +141 +93 +94 +95 +96 +97 +98 +99 +100 +101 +102 +103 +104 +25 +105 +106 +107 +108 +109 +110 +111 +112 +113 +114 +115 +116 +117 +118 +119 +120 +121 +89 +90 +122 +123 +25 +124 +125 +25 +126 +127 +128 +25 +129 +130 +131 +132 +133 +25 +134 +135 +137 +136 $
>CP026858_1
+1 +2 +3 +141 +142 +143 +4 +5 +6 +7 +8 +9 +11 +12 +13 +14 +15 +16 +130 +131 +132 +17 +18 +19 +20 +21 +22 +23 +24 +26 +58 +27 +28 +29 +30 +31 +32 +33 +34 +35 +36 +37 +38 +39 +40 +41 +42 +43 +44 +45 +46 +47 +48 +49 +50 +51 +52 +53 +54 +55 +56 +57 +59 +60 +61 +62 +81 +80 +87 +86 +85 +84 +83 +82 +79 +78 +77 +76 +75 +74 +73 +72 +71 +70 +69 +68 +67 +66 +65 +64 +63 +89 +90 +91 +121 +88 +92 +93 +94 +95 +96 +97 +98 +99 +100 +101 +102 +103 +104 +105 +106 +107 +108 +109 +110 +111 +112 +113 +114 +115 +116 +117 +118 +119 +120 +122 +123 +124 +125 +25 +126 +127 +128 +129 +133 +134 +10 +135 +136 $
>CP011098_1
+1 +2 +3 +4 +5 +6 +7 +8 +9 +10 +11 +12 +13 +14 +141 +143 +142 +15 +16 +17 +18 +19 +20 +21 +22 +23 +24 +25 +26 +27 +28 +29 +30 +31 +32 +33 +34 +35 +36 +37 +38 +39 +40 +41 +42 +43 +44 +45 +46 +47 +48 +49 +50 +51 +52 +53 +54 +55 +151 +140 +56 +57 +58 +59 +60 +61 +62 +63 +64 +65 +66 +67 +68 +69 +70 +71 +72 +73 +74 +75 +76 +77 +78 +79 +89 +90 +91 +83 +82 +144 +84 +85 +86 +87 +88 +92 +93 +94 +95 +96 +97 +98 +99 +100 +101 +102 +103 +104 +25 +105 +106 +107 +108 +109 +110 +111 +112 +113 +114 +115 +116 +117 +118 +119 +120 +121 +122 +123 +25 +124 +125 +25 +126 +127 +128 +25 +129 +130 +131 +132 +133 +25 +134 +135 +137 +136 $
>CP017537_1
+1 +2 +3 +4 +5 +6 +7 +8 +9 +10 +11 +12 +13 +14 +15 +16 +17 +18 +19 +20 +21 +22 +23 +24 +25 +26 +27 +28 +29 +30 +31 +32 +33 +34 +35 +36 +37 +38 +39 +40 +41 +42 +43 +44 +45 +46 +47 +48 +49 +50 +51 +52 -85 -84 +89 +90 +91 -83 -82 -79 -78 -77 -76 -75 -74 -73 -72 -71 -70 -69 -68 -67 -66 +80 +81 -65 -64 -63 -62 -61 -60 -59 -58 -57 -56 -55 -54 -53 +86 +87 +88 +92 +142 +143 -141 +93 +94 +95 +96 +97 +98 +99 +100 +101 +102 +103 +104 -25 +105 +106 +107 +108 +109 +110 +111 +112 +113 +114 +115 +116 +117 +118 +119 +120 +121 +122 +123 -25 +124 +125 -25 +126 +127 +128 -25 +129 +130 +131 +132 +133 -25 +134 +135 -137 +136 $
>CP017531_1
+1 +2 +3 +4 +5 +6 +7 +8 +9 +10 +11 +12 +13 +14 +15 +16 +17 +18 +19 +20 +21 +22 +23 +24 +25 +26 +27 +28 +29 +30 +31 +32 +33 +34 +35 +36 +37 +38 +39 +40 +41 +42 +43 +44 +45 +46 +47 +48 +49 +50 +51 +141 -143 -142 +52 +53 +54 +55 +56 +57 +58 +59 +60 +61 +62 +63 +64 +65 +66 -69 -68 -67 +70 +71 +72 +73 +74 +75 +76 +77 +78 +79 -144 +82 +83 +84 +85 +86 +87 +88 +92 +93 +94 +95 +96 +97 +98 +99 +142 +143 -141 +100 +101 +102 +103 +104 -25 +105 +106 +107 +108 +109 +110 +111 +112 +113 +114 +115 +116 +117 +118 +119 +120 +121 +122 +123 -25 +126 +127 +128 -25 +129 +130 +131 +132 +133 -25 +124 +125 -25 +134 +135 +136 $
>CP017551_1
+1 +2 +3 +4 +5 +6 +7 +8 +9 +10 +11 +12 +13 +14 +15 +16 +17 +18 +19 +20 +21 +22 +23 +24 +25 +26 +27 +28 +29 +30 +31 +32 +33 +34 +35 +36 +37 +38 +39 +40 +41 +42 +43 +44 +45 +46 +47 +48 +49 +50 +51 +52 -85 -84 +89 +90 +91 -83 +144 -79 -78 -77 -76 -75 -74 -73 -72 -71 -70 -69 -68 -67 -66 +80 +81 -65 -64 -62 -61 -60 -59 -58 -57 +139 +138 -57 -56 +140 -152 -55 -54 -53 +86 +87 +88 +92 +142 +143 -141 +93 +94 +95 +96 +97 +98 +99 +100 +101 +102 +103 +104 -25 +105 +106 +107 +108 +109 +110 +111 +112 +113 +114 +115 +116 +117 +118 +119 +120 +121 +122 +123 -25 +124 +125 -25 +126 +127 +128 -25 +129 +130 +131 +132 +133 -25 +134 +135 -137 +136 $
>CP006957_2
+1 +2 +3 +4 +17 +5 +6 +7 +8 +9 +10 +11 +15 +16 +18 +19 +20 +21 +22 +23 +24 +25 +26 +27 +34 +78 +77 +109 +108 +107 +106 +105 +25 +104 +103 +102 +101 +100 +99 +98 +95 +94 +93 +92 +88 +87 +86 +85 +84 +83 +147 +50 +58 +59 +60 +61 +62 +64 +65 +66 +67 +68 +48 +69 +70 +72 +73 +74 +79 +82 +146 +54 +53 +52 +51 +47 +46 +145 +29 +30 +31 +32 +33 +45 +44 +43 +39 +40 +41 +42 +38 +37 +36 +110 +111 +117 +121 +120 +149 +116 +115 +114 +148 +113 +112 +118 +122 +123 +25 +126 +127 +128 +25 +124 +125 +25 +129 +130 +132 +133 +25 +134 +135 +150 +136 $
>CP004752_2
+1 +2 +3 +4 +5 +6 +7 +8 +9 +10 +11 +12 +13 +14 +15 +16 +17 +18 +19 +20 +21 +22 +23 +24 +25 +26 +27 +28 +29 +30 +31 +32 +33 +34 +35 +36 +37 +38 +39 +40 +41 +42 +43 +44 +45 +46 +47 +48 +49 +50 +51 +52 +53 +54 +55 +56 +57 +58 +59 +60 +61 +62 +63 +64 +65 +81 +80 +66 +67 +68 +69 +70 +71 +72 +73 +74 +75 +76 +77 +78 +79 +82 +83 +84 +85 +86 +87 +88 +89 +90 +91 +92 +93 +94 +95 +96 +97 +98 +99 +100 +101 +102 +103 +104 +25 +105 +106 +107 +108 +109 +110 +111 +112 +113 +114 +115 +116 +117 +118 +119 +120 +121 +122 +123 +25 +124 +125 +25 +126 +127 +128 +25 +129 +130 +131 +132 +133 +25 +134 +135 +137 +136 $
>CP017519_1
+1 +2 +3 +4 +5 +6 +7 +8 +9 +10 +11 +12 +13 +14 +15 +16 +17 +18 +19 +20 +21 +22 +23 +24 +25 +26 +27 +28 +29 +30 +31 +32 +33 +34 +35 +36 +37 +38 +39 +40 +41 +42 +43 +44 +45 +46 +47 +48 +49 +50 +51 +52 -85 -84 +89 +90 +91 -83 -82 -79 -78 -77 -76 -75 -74 -73 -72 -71 -70 -69 -68 -67 -66 +80 +81 -65 -64 -63 -62 -61 -60 -59 -58 -57 -56 -55 -54 -53 +86 +87 +88 +92 +142 +143 -141 +93 +94 +95 +96 +97 +98 +99 +100 +101 +102 +103 +104 -25 +105 +106 +107 +108 +109 +110 +111 +112 +113 +114 +115 +116 +117 +118 +119 +120 +121 +122 +123 -25 +124 +125 -25 +126 +127 +128 -25 +129 +130 +131 +132 +133 -25 +134 +135 -137 +136 $
>CP023047_1
+1 +2 +3 +4 +5 +6 +7 +8 +9 +10 +11 +12 +13 +14 +15 +16 +17 +18 +19 +20 +21 +22 +23 +24 +25 +26 +27 +28 +29 +30 +31 +32 +33 +34 +35 +36 +37 +38 +39 +40 +41 +42 +43 +44 +45 +46 +47 +48 +49 +50 +51 +52 +53 +54 +55 +140 +56 +57 +58 +59 +60 +61 +62 +63 +64 +65 +81 +80 +66 +67 +68 +69 +70 +71 +72 +73 +74 +75 +76 +77 +78 +79 +89 +90 +91 +83 +82 +144 +84 +85 +86 +87 +88 +92 +142 +143 +141 +93 +94 +95 +96 +97 +98 +99 +100 +101 +102 +103 +104 +25 +105 +106 +107 +108 +109 +110 +111 +112 +113 +114 +115 +116 +117 +118 +119 +120 +121 +122 +123 +25 +124 +125 +25 +126 +127 +128 +25 +129 +130 +131 +132 +133 +25 +134 +135 +137 +136 $
>CP017523_1
+1 +2 +3 +4 +5 +6 +7 +8 +9 +10 +11 +12 +13 +14 +15 +16 +17 +18 +19 +20 +21 +22 +23 +24 +25 +26 +27 +28 +33 +34 +35 +36 +37 +38 +39 +40 +41 +42 +43 +44 +45 +46 +47 +49 +50 +51 +52 +53 +54 +55 +56 +57 -48 +58 +59 +60 +61 +62 +63 +64 +65 -81 -80 +66 -69 -68 -67 +70 +71 +72 +73 +74 +75 +76 +77 +78 +79 -144 -82 +83 +84 +85 +86 +87 +88 +92 +93 +94 +95 +96 +97 +98 +99 +100 +101 +102 +103 +104 -25 +105 +106 +107 +108 +109 +110 +111 +112 +113 +114 +115 +116 +117 +118 +119 +120 +121 +122 +123 -25 +124 +125 -25 +126 +127 +128 -25 +129 +130 +131 +132 +133 -25 +134 +135 +136 $
>CP006619_1
+1 +2 +3 +4 +5 +6 +7 +8 +9 +10 +11 +12 +13 +14 +15 +16 +17 +18 +19 +20 +21 +22 +23 +24 +25 +26 +27 +28 +29 +30 +31 +32 +33 +34 +35 +36 +37 +38 +39 +40 +41 +42 +43 +44 +45 +46 +47 +48 +49 +50 +51 +52 -85 -84 +144 -79 -78 -77 -76 -75 -74 -73 -72 -71 -70 -69 -68 -67 -66 +80 +81 -65 -64 -63 -62 -61 -60 -59 -58 -57 -56 -55 -54 -53 +86 +87 +88 +92 +142 +143 -141 +93 +94 +95 +96 +97 +98 +99 +100 +101 +102 +103 +104 -25 +105 +106 +107 +108 +109 +110 +111 +112 +113 +114 +115 +116 +117 +118 +119 +120 +121 +122 +123 -25 +124 +125 -25 +126 +127 +128 -25 +129 +130 +131 +132 +133 -25 +134 +135 -137 +136 $
>CP023046_1
+1 +2 +3 +4 +5 +6 +7 +8 +9 +10 +11 +12 +13 +14 +15 +16 +17 +18 +19 +20 +21 +22 +23 +24 +25 +26 +27 +28 +29 +30 +31 +32 +33 +34 +35 +36 +37 +38 +39 +40 +41 +42 +43 +44 +45 +46 +47 +48 +49 +50 +51 +141 +143 +142 +99 +98 +97 +96 +95 +94 +93 +92 +91 +90 +89 +88 +83 +84 +85 +86 +87 +82 +144 +79 +74 +73 +72 +71 +70 +69 +68 +67 +66 +80 +81 +65 +64 +63 +62 +61 +60 +59 +58 +57 +56 +55 +54 +53 +52 +142 +143 +141 +100 +101 +102 +103 +104 +25 +105 +106 +107 +108 +109 +110 +111 +112 +113 +114 +115 +116 +117 +118 +119 +120 +121 +122 +123 +25 +124 +125 +25 +126 +127 +128 +25 +129 +130 +131 +132 +133 +25 +134 +135 +136 $
