>CP022559_1
+1 +2 +3 +4 +5 +6 +7 -11 -10 -9 -8 +12 +13 +14 +15 +16 +17 +18 +19 +20 +21 +22 +23 +24 +25 +26 +27 +28 +29 +30 +32 +33 +34 +35 +36 +37 +38 +39 +40 +41 +42 +43 +44 +45 +46 +47 +48 +49 +50 +51 +87 +52 +53 +54 +55 +56 +57 +60 +61 +62 +63 +64 +65 +66 +67 +68 +88 +69 +70 +71 +72 +73 +74 +75 +76 +77 +78 +79 +80 +81 +82 +83 $
>CP012220_1
+1 +2 +3 +4 +5 +6 +7 -11 -10 -9 -8 +12 +13 +14 +15 +16 +17 +18 +19 +20 +21 +22 +23 +24 +25 +26 +27 +28 +29 +30 +32 +33 +34 -35 +36 +37 +38 +39 +40 +41 +42 +43 +44 +45 +46 +47 +48 +49 +50 +51 +52 +53 +54 +55 +56 +57 +60 +61 +62 +63 +64 +65 +66 +67 +68 +69 +70 +71 +72 +73 +74 +76 +77 +78 +79 +80 +81 +82 +83 $
>CP022077_1
+1 +2 +3 +4 +5 +6 +7 +8 +9 +10 +11 +12 +13 +14 +15 +16 +17 +18 +19 +20 +21 +22 +23 +24 +25 +26 +27 +28 +29 +30 +32 +33 +34 +35 +36 +37 +38 +39 +40 +41 +42 +43 +44 +45 +46 +47 +48 +49 +50 +51 +87 +52 +53 +54 +55 +56 +57 +60 +61 +62 +63 +64 +65 +66 +67 +68 +88 +69 +70 +71 +72 +73 +74 +75 +76 +77 +78 +79 +80 +81 +82 +83 $
>CP023343_1
+1 +2 +3 +4 +5 +6 +7 -11 -10 -9 -8 +12 +13 +14 +15 +16 +17 +18 +19 +20 +21 +22 +23 +24 +25 +26 +27 +28 +29 +30 +32 +33 +34 +35 +36 +37 +38 +39 +40 +41 +42 +43 +44 +45 +46 +47 +48 +49 +50 +51 +52 +53 +54 +55 +56 +57 +60 +69 +70 +71 +72 +73 +74 +76 +77 +78 +79 +80 +81 +82 +83 $
>CP022439_1
+1 +2 +3 +4 +5 +6 +7 -11 -10 -9 -8 +12 +13 +14 +15 +16 +17 +18 +19 +20 +21 +22 +23 +24 +25 +26 +27 +28 +29 +30 +32 +33 +34 +35 +36 +37 +38 +39 +40 +41 +42 +43 +44 +45 +46 +47 +48 +49 +50 +51 +87 +52 +53 +54 +55 +56 +57 +60 +61 +62 +63 +64 +65 +66 +67 +68 +88 +69 +70 +71 +72 +73 +74 +75 +76 +77 +78 +79 +80 +81 +82 +83 $
>CP000814_1
+1 +2 +84 +3 +4 +5 +6 +7 -11 -10 -9 -8 +12 +13 +14 +15 +16 +17 +18 +19 +20 +21 +22 +23 +24 +25 +26 +27 +28 +29 +68 +30 +32 +33 +34 +35 +36 +37 +38 +39 +40 +41 +42 +43 +44 +45 +46 +47 +48 +49 +50 +51 +85 +52 +53 +54 +55 +56 +57 +60 +61 +62 +63 +64 +65 +66 +67 +93 +69 +70 +71 +72 +73 +74 +76 +77 +78 +79 +80 +81 +82 +83 $
>CP017229_1
+1 +2 +84 +3 +4 +5 +6 +7 -11 -10 -9 -8 +12 +13 +14 +15 +16 +17 +18 +19 +20 +21 +22 +23 +24 +25 +26 +27 +28 +29 +30 +32 +33 +34 +35 +36 +37 +38 +39 +40 +41 +42 +43 +44 +45 +46 +47 +48 +49 +50 +51 +52 +53 +54 +55 +56 +57 +60 +61 +62 +63 +64 +65 +66 +67 +68 +109 +69 +70 +71 +72 +73 +74 +76 +77 +78 +79 +80 +81 +82 +83 +100 $
>CP012214_1
+1 +2 -11 -10 -9 -8 +3 +4 +5 +6 +7 +12 +13 +14 +15 +16 +17 +18 +19 +20 +21 +22 +23 +24 +25 +26 +27 +28 +29 +30 +32 +33 +34 +35 +36 +37 +38 +39 +40 +41 +42 +43 +44 +45 +46 +47 +48 +49 +50 +51 +52 +53 +54 +55 +56 +57 +60 +61 +62 +63 +64 +65 +66 +67 +68 +92 +69 +70 +71 +72 +73 +74 +76 +77 +78 +79 +80 +81 +82 +83 $
>CP001900_1
+1 +2 +84 +3 +4 +5 +6 +7 -11 -10 -9 -8 +12 +13 +14 +15 +16 +17 +18 +19 +20 +21 +22 +23 +24 +25 +26 +27 +28 +29 +68 +30 +32 +33 +34 +35 +36 +37 +38 +39 +40 +41 +42 +43 +44 +45 +46 +47 +48 +49 +50 +51 +85 +52 +53 +54 +55 +56 +57 +60 +61 +62 +63 +64 +65 +66 +67 +110 +69 +70 +71 +72 +73 +74 +76 +77 +78 +79 +80 +81 +82 +83 $
>CP023543_1
+1 +2 +3 +4 +5 +6 +7 -11 -10 -9 -8 +12 +13 +14 +15 +16 +17 +18 +19 +20 +21 +22 +23 +24 +25 +26 +27 +28 +29 -91 +30 +32 +33 +34 +35 +36 +37 +38 +39 +40 +41 +42 +43 +44 +45 +46 -91 +47 +48 +49 +50 +51 +87 +52 +53 +54 +55 +56 +57 +60 +61 +62 +63 +64 +65 +66 +67 +68 +69 +70 +71 +72 +73 +74 +76 +77 +78 +79 +80 +81 +82 +83 $
>CP028911_1
+1 +2 +84 +3 +4 +5 +6 +7 -11 -10 -9 -8 +12 +13 +14 +15 +16 +17 +18 +19 +20 +21 +22 +23 +24 +25 +26 +27 +28 +29 +30 +32 +33 +34 +35 +36 +37 +38 +39 +40 +41 +42 +43 +44 +45 +46 +47 +48 +49 +50 +51 +52 +53 +54 +55 +56 +57 +60 +61 +62 +63 +64 +65 +66 +67 +68 +92 +69 +70 +71 +72 +73 +74 +76 +77 +78 +79 +80 +81 +82 +83 $
>CP007751_1
+1 +2 +3 +4 +5 +6 +7 -11 -10 -9 -8 +12 +13 +14 +15 +16 +17 +18 +19 +20 +21 +22 +23 +24 +25 +26 +27 +28 +29 +30 +32 +33 +34 +35 +36 +37 +38 +39 +40 +41 +42 +43 +44 +45 +46 +47 +48 +49 +50 +51 +87 +52 +53 +54 +55 +56 +57 +58 +59 +60 +61 +62 +63 +64 +65 +66 +67 +68 +88 +69 +70 +71 +72 +73 +74 +75 +76 +77 +78 +79 +80 +81 +82 +83 $
>CP006688_1
+1 +2 +3 +4 +5 +6 +7 -11 -10 -9 -8 +12 +13 +14 +15 +16 +17 +18 +19 +20 +21 +22 +23 +24 +25 +26 +27 +28 +29 +30 +32 +33 +34 +35 +36 +37 +38 +39 +40 +41 +42 +43 +44 +45 +46 +47 +48 +49 +50 +51 +87 +52 +53 +54 +55 +56 +57 +60 +61 +62 +63 +64 +65 +66 +67 +68 +88 +69 +70 +71 +72 +73 +74 +75 +76 +77 +78 +79 +80 +81 +82 +83 $
>CP007188_1
+1 +2 +3 +4 +5 +6 +7 -91 -11 -10 -9 -8 -91 +12 +13 +14 +15 +16 +17 +18 +19 +20 +21 +22 +23 +24 +25 +26 +27 +28 +29 +30 +32 +33 +34 +35 +36 +37 +38 +39 +40 +41 +42 +43 +44 +45 +46 +47 +48 -31 +49 +50 +51 +52 +53 +54 +55 +56 +57 +60 -91 +61 +62 +63 +64 +65 +66 +67 +68 +88 +69 +70 +71 +72 +73 +74 +75 +76 +77 +78 +79 +80 +81 +91 +82 +83 $
>CP041584_1
+1 +2 +3 +4 +5 +6 +7 -11 -10 -9 -8 +12 +13 +14 +15 +16 +17 +18 +19 +20 +21 +22 +23 +24 +25 +26 +27 +28 +29 -31 +30 +32 +33 +34 +35 +36 +37 +38 +39 +40 +41 +42 +43 +44 +97 +45 +46 +47 +48 +49 +50 +51 +87 +52 +53 +54 +55 +56 +57 +60 +61 +62 +63 +64 +65 +66 +67 +68 +69 +70 +71 +72 +73 +74 +75 +76 +77 +78 +79 +80 +81 +82 +83 $
>CP020776_1
+1 +2 +3 +4 +5 +6 +7 +8 +9 +10 +11 +12 +13 +14 +15 +16 +17 +18 +19 +20 +21 +22 +23 +24 +25 +26 +27 +28 +29 +30 +32 +33 +34 +35 +36 +37 +38 +39 +40 +41 +42 +43 +44 +45 +46 +47 +48 +49 +50 +51 +87 +52 +53 +54 +55 +56 +57 +86 +60 +61 +62 +63 +31 +64 +65 +66 +67 +68 +88 +69 +70 +71 +72 +73 +74 +75 +76 +77 +78 +79 +80 +81 +82 +83 $
>CP012217_1
+1 +2 +19 +20 +21 +22 +23 +24 +25 +26 +27 +28 +29 +30 +32 +33 +34 +35 +36 +37 +38 +39 +40 +41 +42 +43 +44 +97 +45 +46 +47 +48 +49 +50 +51 +52 +53 +54 +55 +56 +57 +60 +61 +62 +63 +64 +65 +66 +67 +68 +88 +69 +70 +71 +72 +73 +74 +3 +4 +5 +6 +7 -11 -10 -9 -8 +31 +12 +13 +14 +15 +16 +17 +18 +76 +77 +78 +79 +80 +81 +82 +83 $
>CP027403_1
+1 +2 +3 +4 +5 +6 +7 -11 -10 -9 -8 -65 -64 -63 -62 -96 -61 -60 -57 -56 -55 -54 -53 -52 -51 -50 -49 -48 -47 +101 +102 +103 +104 -46 -45 -44 -43 -42 -40 -39 -86 +37 +38 -27 -26 -25 -24 +41 -36 -35 -34 -33 -32 -30 -29 -28 -23 -22 -21 -20 -19 +105 -18 -17 -16 -15 -14 -13 -12 +66 +67 +68 +69 +70 +71 +72 +73 +74 +76 +77 +78 +79 +80 +81 +82 +83 $
>CP007190_1
+1 +2 +84 +3 +4 +5 +6 +7 -11 -10 -9 -8 +12 +13 +14 +15 +16 +17 +18 +19 +20 +21 +22 +23 +24 +25 +26 +27 +28 +29 +68 +30 +32 +33 +34 +35 +36 +37 +38 +39 +40 +41 +42 +43 +44 +45 +46 +47 +48 +49 +50 +51 +52 +53 +54 +55 +56 +57 +60 +61 +62 +63 +64 +65 +66 +67 +69 +70 +71 +72 +73 +74 +76 +77 +78 +79 +80 +81 +82 +83 $
>CP006686_1
+1 +2 +3 +4 +5 +6 +7 -11 -10 -9 -8 +12 +13 +14 +15 +16 +17 +18 +19 +20 +21 +22 +23 +24 +25 +26 +27 +28 +29 +30 +32 +33 +34 +35 +36 +37 +38 +39 +40 +41 +42 +43 +44 +45 +46 +47 +48 +49 +50 +51 +87 +52 +53 +54 +55 +56 +57 +60 +61 +62 +63 +64 +65 +66 +67 +68 +88 +69 +70 +71 +72 +73 +74 +75 +76 +77 +78 +79 +80 +81 +82 +83 $
>CP012224_1
+1 +2 +84 +3 +4 +5 +6 +7 -11 -10 -9 -8 +12 +13 +14 +15 +16 +17 +18 +19 +20 +21 +22 +23 +24 +25 +26 +27 +28 +29 +30 +32 +33 +34 +35 +36 +37 +38 +39 +40 +41 +42 +43 +44 +45 +46 +47 +48 +49 +50 +51 +52 +53 +54 +55 +56 +57 +60 +61 +62 +63 +64 +65 +66 +67 +68 +69 +70 +71 +72 +73 +74 +76 +77 +78 +79 +80 +81 +82 +83 $
>CP005388_1
+1 +2 +3 +4 +5 +6 +7 -11 -10 -9 -8 +12 +13 +14 +15 +16 +17 +18 +19 +20 +21 +22 +23 +24 +25 +26 +27 +28 +29 +30 +32 +33 +34 +35 +36 +37 +38 +39 +40 +41 +42 +43 +44 +45 +46 +47 +48 +49 +50 +51 +85 +52 +53 +54 +55 +56 +57 +60 +61 +62 +63 +64 +65 +66 +67 +68 +99 +69 +70 +71 +72 +73 +74 +76 +77 +78 +79 +80 +81 +82 +83 $
>CP022440_1
+1 +2 +84 +3 +4 +5 +6 +7 -11 -10 -9 -8 +12 +13 +14 +15 +16 +17 +18 +19 +20 +21 +22 +23 +24 +25 +26 +27 +28 +29 +30 +32 +33 +34 +35 +36 +37 +38 +39 +40 +41 +42 +43 +44 +45 +46 +47 +48 +49 +50 +51 +52 +53 +54 +55 +56 +57 +60 +61 +62 +63 +64 +65 +66 +67 +68 +99 +69 +70 +71 +72 +73 +74 +75 +76 +77 +78 +79 +80 +81 +82 +83 $
>CP028910_1
+1 +2 +3 +4 +5 +6 +7 +8 +9 +10 +11 +12 +13 +14 +15 +16 +17 +18 +19 +20 +21 +22 +23 +24 +25 +26 +27 +28 +29 +30 +32 +33 +34 +35 +36 +37 +38 +39 +40 +41 +42 +43 +44 +45 +46 +47 +48 +49 +50 +51 +87 +52 +53 +54 +55 +56 +57 +60 +61 +62 +63 +64 +65 +66 +67 +68 +88 +69 +70 +71 +72 +73 +74 +75 +76 +77 +78 +79 +80 +81 +82 +83 $
>LR134497_1
+1 +2 +3 +4 +5 +6 +7 -11 -10 -9 -8 +12 +13 +14 +15 +16 +17 +18 +19 +20 +21 +22 +23 +24 +25 +26 +27 +28 +29 +30 +32 +33 +34 +35 +36 +37 +38 +39 +40 +41 +42 +43 +44 +97 +45 +46 +47 +48 +49 +50 +31 +51 +52 +53 +54 +55 +56 +57 +60 +61 +62 +63 +64 +65 +66 +67 +68 +90 +69 +70 +71 +72 +73 +74 +76 +77 +78 +79 +80 +81 +82 +83 $
>CP017860_1
+1 +2 +3 +4 +5 +6 +7 -11 -10 -9 -8 +12 +13 +14 +15 +16 +17 +18 +19 +20 +21 +22 +23 +24 +25 +26 +27 +28 +29 +30 +32 +33 +34 +35 +36 +37 +38 +39 +40 +41 +42 +43 +44 +97 +45 +46 +47 +48 +49 +50 +51 +52 +53 +54 +55 +56 +57 +60 +61 +62 +63 +64 +65 +66 +67 +68 +69 +70 +71 +72 +73 +74 +76 +77 +78 +79 +80 +81 +82 +83 $
>CP006687_1
+1 +2 +3 +4 +5 +6 +7 -11 -10 -9 -8 +12 +13 +14 +15 +16 +17 +18 +19 +20 +21 +22 +23 +24 +25 +26 +27 +28 +29 +30 +32 +33 +34 +35 +36 +37 +38 +39 +40 +41 +42 +43 +44 +45 +46 +47 +48 +49 +50 +51 +87 +52 +53 +54 +55 +56 +57 +60 +61 +62 +63 +64 +65 +66 +67 +68 +88 +69 +70 +71 +72 +73 +74 +75 +76 +77 +78 +79 +80 +81 +82 +83 $
>CP019965_1
+1 +2 +84 +3 +4 +5 +6 +7 -11 -10 -9 -8 +12 +13 +14 +15 +16 +17 +18 +19 +20 +21 +22 +23 +24 +25 +26 +27 +28 +29 +30 +32 +33 +34 +35 +36 +37 +38 +39 +40 +41 +42 +43 +44 +45 +46 +47 +48 +49 +50 +51 +52 +53 +54 +55 +56 +57 +60 +61 +62 +63 +64 +65 +66 +67 +68 +92 +69 +70 +71 +72 +73 +74 +76 +77 +78 +79 +80 +81 +82 +83 $
>CP006689_1
+1 +2 +3 +4 +5 +6 +7 -11 -10 -9 -8 +12 +13 +14 +15 +16 +17 +18 +19 +20 +21 +22 +23 +24 +25 +26 +27 +28 +29 +30 +32 +33 +34 +35 +36 +37 +38 +39 +40 +41 +42 +43 +44 +45 +46 +47 +48 +49 +50 +51 +87 +52 +53 +54 +55 +56 +57 +60 +61 +62 +63 +64 +65 +66 +67 +68 +88 +69 +70 +71 +72 +73 +74 +75 +76 +77 +78 +79 +80 +81 +82 +83 $
>CP012210_1
+1 +2 +3 +4 +5 +6 +7 -11 -10 -9 -8 +12 +13 +14 +15 +16 +17 +18 +21 +22 +23 +24 +25 +26 +27 +28 +29 +68 +30 +19 +20 +32 +33 +34 +35 +36 +37 +38 +39 +40 +41 +42 +43 +44 +45 +46 +47 +48 +49 +50 +51 +85 +52 +53 +54 +55 +56 +57 +60 +61 +62 +63 +64 +65 +66 +67 +69 +70 +71 +72 +73 +74 +76 +77 +78 +79 +80 +81 +82 +83 $
>CP053659_1
+1 +2 +3 +4 +5 +6 +7 -11 -10 -9 -8 +12 +13 +14 +15 +16 +17 +18 +19 +20 +21 +22 +23 +24 +25 +26 +27 +28 +29 +30 +32 +33 +34 +35 +36 +37 +38 +39 +40 +41 +42 +43 +44 +45 +46 +47 +48 +49 +50 +51 +87 +52 +53 +54 +55 +56 +57 +60 +61 +62 +63 +64 +65 +66 +67 +68 -69 -90 -31 +70 +71 +72 +73 +74 +75 +76 +77 +78 +79 +80 +81 +82 +83 $
>CP014344_1
+1 +2 +3 +4 +5 +6 +7 -11 -10 -9 -8 +12 +13 +14 +15 +16 +17 +18 +19 +20 +21 +22 +23 +24 +25 +26 +27 +28 +29 +30 +32 +33 +34 +35 +36 +37 +38 +39 +40 +41 +42 +43 +44 +45 +46 +47 +48 +49 +50 +51 +52 +53 +54 +55 +56 +57 +60 +61 +62 +63 +64 +65 +66 +67 +68 +69 +70 +71 +72 +73 +74 +76 +77 +78 +79 +80 +81 +82 +83 $
>CP047478_1
+1 +2 +3 +4 +5 +6 +7 +11 +10 +9 +8 +12 +13 +14 +15 +16 +17 +18 +19 +20 +21 +22 +23 +24 +25 +26 +27 +28 +29 +30 +32 +33 +34 +35 +36 +37 +38 +39 +40 +41 +42 +43 +44 +45 +46 +47 +48 +49 +50 +51 +87 +52 +53 +54 +55 +56 +57 +60 +61 +62 +63 +64 +65 +66 +67 +68 +90 +69 +70 +71 +72 +73 +74 +75 +76 +77 +78 +79 +80 +81 +82 +83 $
>CP022470_1
+1 +2 +3 +4 +5 +6 +7 -11 -10 -9 -8 +12 +13 +14 +15 +16 +17 +18 +19 +20 +21 +22 +23 +24 +25 +26 +27 +28 +29 +30 -31 +32 +33 +34 +35 +36 +37 +38 +39 +40 +41 +42 +43 +44 +45 +46 +47 +48 +49 +50 +51 +85 +52 +53 +54 +55 +56 +57 +60 +61 +62 +63 +64 +65 +66 +67 +93 +69 +70 +71 +72 +73 +74 +76 +77 +78 +79 +80 +81 +82 +83 $
>CP002029_1
+1 +2 +84 +3 +4 +5 +6 +7 -11 -10 -9 -8 +12 +13 +14 +15 +16 +17 +18 +19 +20 +21 +22 +23 +24 +25 +26 +27 +28 +29 +30 -31 +32 +33 +34 +35 +36 +37 +38 +39 +40 +41 +42 +43 +44 +45 +46 +47 +48 +49 +50 +51 +52 +53 +54 +55 +56 +57 +60 +61 +62 +63 +64 +65 +66 +67 +69 +70 +71 +72 +73 +74 +76 +77 +78 +79 +80 +81 +82 +83 $
>CP023446_1
+1 +2 +107 +108 +11 +10 +9 +8 +80 +79 +78 +77 +76 +75 +74 +73 +72 +71 +70 +69 +68 +67 +66 +65 +64 +63 +62 +61 +60 +59 +58 +57 +56 +55 +54 +53 +52 +87 +51 +50 +49 +48 +47 +46 +45 +44 +43 +42 +41 +40 +39 +38 +37 +36 +35 +34 +33 +32 +30 +29 +28 +27 +26 +25 +24 +23 +22 +21 +20 +19 +18 +17 +16 +15 +14 +13 +12 +8 +9 +10 +77 +78 +79 +80 +81 +82 +83 $
>CM000854_1
+1 +2 +84 +3 +4 +5 +6 +7 -11 -10 -9 -8 +12 +13 +14 +15 +16 +17 +18 +19 +20 +21 +22 +23 +24 +25 +26 +27 +28 +29 +30 +32 +33 +34 +35 +36 +37 +38 +39 +40 +41 +42 +43 +44 +45 +46 +47 +48 +49 +50 +51 +52 +53 +54 +55 +56 +57 +60 +61 +62 +63 +64 +65 +66 +67 +95 +69 +70 +71 +72 +73 +74 +76 +77 +78 +79 +80 +81 +82 +83 $
>CP010058_1
+1 +2 +3 +4 +5 +6 +7 +8 +9 +10 +11 +12 +13 +14 +15 +16 +17 +18 +19 +20 +21 +22 +23 +24 +25 +26 +27 +28 +29 +30 +31 +32 +33 +34 +35 +36 +37 +38 +39 +40 +41 +42 +43 +44 +45 +46 +47 +48 +49 +50 +51 +52 +53 +54 +55 +56 +57 +58 +59 +60 +61 +62 +63 +64 +65 +66 +67 +68 +69 +70 +71 +72 +73 +74 +75 +76 +77 +78 +79 +80 +81 +82 +83 $
>CP006709_2
+1 +2 +3 +4 +5 +6 +7 -31 +8 +9 +10 +11 +12 +13 +14 +15 +16 +17 +18 +19 +20 +21 +22 +23 +24 +25 +26 +27 +28 +29 +30 +32 +33 +34 +35 +36 +37 +38 +39 +40 +41 +42 +43 +44 +45 +46 +47 +48 +49 +50 +51 +87 +52 +53 +54 +55 +56 +57 +58 +59 +60 +61 +62 +63 +64 +65 +66 +67 +68 +88 +69 +70 +71 +72 +73 +74 +75 +76 +77 +78 +79 +80 +81 +82 +83 $
>CP014744_1
+1 +2 +3 +4 +5 +6 +7 -11 -10 -9 -8 +12 +13 +14 +15 +16 +17 +18 +19 +20 +21 +22 +23 +25 +26 +27 +28 +29 +30 -68 -67 -66 -65 +91 +32 +33 +34 +35 +36 +37 +38 +39 +40 +41 +42 +43 +44 +45 +46 +47 +48 +49 +50 +51 +87 +52 +53 +54 +55 +56 +57 +58 +59 +60 +61 +62 +63 +64 +90 +69 +70 +71 +72 +73 +74 +75 +76 +77 +78 +79 +80 +81 +82 +83 $
>CP007189_1
+1 +2 +84 +3 +4 +5 +6 +7 -11 -10 -9 -8 +12 +13 +14 +15 +16 +17 +18 +19 +20 +21 +22 +23 +24 +25 +26 +27 +28 +29 +68 +30 +32 +33 +34 +35 +36 +37 +38 +39 +40 +41 +42 +43 +44 +45 +46 +47 +48 +49 +50 +51 +52 +53 +54 +55 +56 +57 +60 +61 +62 +63 +64 +65 +66 +67 +69 +70 +71 +72 +73 +74 +76 +77 +78 +79 +80 +81 +82 +83 $
>LS483362_1
+1 +2 +3 +4 +5 +6 +7 +8 +9 +10 +11 +12 +13 +14 +15 +16 +17 +18 +19 +20 +21 +22 +23 +24 +25 +26 +27 +28 +29 +30 +32 +33 +34 +35 +36 +37 +38 +39 +40 +41 +42 +43 +44 +45 +46 +47 +48 +49 +50 +51 +87 +52 +53 +54 +55 +56 +57 +60 +61 +62 +63 +64 +65 +66 +67 +68 +88 +69 +70 +71 +72 +73 +74 +75 +76 +77 +78 +79 +80 +81 +82 +83 $
>CP006851_1
+1 +2 +3 +4 +5 +6 +7 -11 -10 -9 -8 +12 +13 +14 +15 +16 +17 +18 +19 +20 +21 +22 +23 +24 +25 +26 +27 +28 +29 +30 +32 +33 +34 +35 +36 +37 +38 +39 +40 +41 +42 +43 +44 +45 +46 +47 +48 +49 +50 +51 +52 +53 +54 +55 +56 +57 +57 +60 +61 +96 +62 +63 +64 +65 +66 +31 +67 +68 +69 +70 +71 +72 +73 +74 +76 +77 +78 +79 +80 +81 +82 +83 $
>CP034393_1
+1 +2 +3 +4 +5 +6 +7 -11 -10 -9 -8 +12 +13 +14 +15 +16 +17 +18 +19 +20 +21 +22 +23 +24 +25 +26 +27 +28 +29 +30 +31 +32 +33 +34 +35 +36 +37 +38 +39 +40 +41 +42 +43 +44 +45 +46 +47 +48 +49 +50 +51 +52 +53 +54 +55 +56 +57 +60 +61 +62 +63 +64 +65 -31 +66 +67 +94 +69 +70 +71 +72 +73 +74 +76 +77 +78 +79 +80 +81 +82 +83 $
>CP001876_1
+1 +2 +3 +4 +5 +6 +7 -11 -10 -9 -8 +12 +13 +14 +15 +16 +17 +18 +19 +20 +21 +22 +23 +24 +25 +26 +27 +28 +29 +30 +32 +33 +34 +35 +36 +37 +38 +39 +40 +41 +42 +43 +44 +45 +46 +47 +48 +49 +50 +51 +87 +52 +53 +54 +55 +56 +57 +60 +61 +62 +63 +64 +65 +66 +67 +68 +69 +70 +71 +72 +73 +74 +75 +76 +77 +78 +79 +80 +81 +82 +83 $
>CP012216_1
+1 +2 +19 +20 +21 +22 +23 +24 +25 +26 +27 +28 +29 +30 +32 +33 +34 +35 +36 +37 +38 +39 +40 +41 +42 +43 +44 +45 +46 +47 +48 +49 +50 +51 +85 +52 +53 +54 +55 +56 +57 +60 +107 +108 +12 +13 +14 +15 +16 +17 +18 +3 +4 +5 +6 +7 -11 -10 -9 -8 +61 +62 +63 +64 +65 +66 +67 +68 +95 +69 +70 +71 +72 +73 +74 +76 +77 +78 +79 +80 +81 +82 +83 $
>CP006685_1
+1 +2 +3 +4 +5 +6 +7 -11 -10 -9 -8 +12 +13 +14 +15 +16 +17 +18 +19 +20 +21 +22 +23 +24 +25 +26 +27 +28 +29 +30 +32 +33 +34 +35 +36 +37 +38 +39 +40 +41 +42 +43 +44 +45 +46 +47 +48 +49 +50 +51 +87 +52 +53 +54 +55 +56 +57 +60 +61 +62 +63 +64 +65 +66 +67 +68 +88 +69 +70 +71 +72 +73 +74 +75 +76 +77 +78 +79 +80 +81 +82 +83 $
>CP047484_1
+1 +2 +3 +4 +5 +6 +7 -11 -10 -9 -8 +12 +13 +14 +15 +16 +17 +18 +19 +20 +21 +22 +23 +24 +25 +26 +27 +28 +29 +30 +32 +33 +34 +35 +36 +37 +38 +39 +40 +41 +42 +43 +44 +45 +46 +47 +48 +49 +50 +51 +87 +52 +53 +54 +55 +56 +57 +60 +61 +62 +63 +64 +65 +66 +67 +68 +69 +70 +71 +72 +73 +74 +75 +76 +77 +78 +79 +80 +81 +82 +83 $
>CP015209_1
+1 +2 +84 +3 +4 +5 +6 +7 -11 -10 -9 -8 +12 +13 +14 +15 +16 +17 +18 +19 +20 +21 +22 +23 +24 +25 +26 +27 +28 +29 +30 +32 +33 +34 +35 +36 +37 +38 +39 +40 +41 +42 +43 +44 +45 +46 +47 +48 +49 +50 +51 +52 +53 +54 +55 +56 +57 +60 +61 +62 +63 +64 +65 +66 +67 +68 +109 +69 +70 +71 +72 +73 +74 +76 +77 +78 +79 +80 +81 +82 +83 +100 $
>CP012221_1
+1 +2 +3 +4 +5 +6 +7 -11 -10 -9 -8 +12 +13 +14 +15 +16 +17 +18 +19 +20 +21 +22 +23 +24 +25 +26 +27 +28 +29 +30 +32 +33 +34 +35 +36 +37 +38 +39 +40 +41 +42 +43 +44 +97 +45 +46 +47 +91 +48 +49 +50 +51 +52 +53 +54 +55 +56 +57 +60 +61 +62 +63 +64 +65 +66 +67 +68 +69 +70 +71 +72 +73 +74 +76 +77 +78 +79 +80 +81 +82 +83 $
>CP022080_1
+1 +2 +84 +3 +4 +5 +6 +7 +11 +10 +9 +8 +12 +13 +14 +15 +16 +17 +18 +19 +20 +21 +22 +23 +24 +25 +26 +27 +28 +29 +68 +30 +32 +33 +34 +35 +36 +37 +38 +39 +40 +41 +42 +43 +44 +45 +46 +47 +48 +49 +50 +51 +85 +52 +53 +54 +55 +56 +57 +60 +61 +62 +63 +64 +65 +66 +67 +93 +69 +70 +71 +72 +73 +74 +76 +77 +78 +79 +80 +81 +82 +83 $
>CP001960_1
+1 +2 +3 +4 +5 +6 +7 -11 -10 -9 -8 +12 +13 +14 +15 +16 +17 +18 +19 +20 +21 +22 +23 +24 +25 +26 +27 +28 +29 +91 +30 +32 +33 +34 +35 +36 +37 +38 +39 +40 +41 +42 +43 +44 +45 +46 +47 +48 +49 +50 +51 +52 +53 +54 +55 +56 +57 +58 +59 +60 +61 +62 +63 +64 +65 +66 +67 +94 +69 +70 +71 +72 +73 +74 +76 +77 +78 +79 +80 +81 +82 +83 $
>CP014742_1
+1 +2 +3 +4 +5 +6 +7 -11 -10 -9 -8 +12 +13 +14 +15 +16 +17 +18 +19 +20 +21 +22 +23 +24 +25 +26 +27 +28 +29 +30 +32 +33 +34 +35 +36 +37 +38 +39 +40 +41 +42 -31 +43 +44 +45 +46 +47 +48 +49 +50 +51 +87 +52 +53 +54 +55 +56 +57 +60 +61 +62 +63 +64 +65 +66 +67 +68 +90 +69 +70 +71 +72 +73 +74 +75 +76 +77 +78 +79 +80 +81 +82 +83 $
>CP022079_1
+1 +2 +3 +4 +5 +6 +7 -11 -10 -9 -8 +12 +13 +14 +15 +16 +17 +18 +19 +20 +21 +22 +23 +24 +25 +26 +27 +28 +29 +30 +32 +33 +34 +35 +36 +37 +38 +39 +40 +41 +42 +43 +44 +45 +46 +47 +48 +49 +50 +51 +52 +53 +54 +55 +56 +57 +60 +61 +62 +63 +64 +65 +66 +67 +68 +69 +70 +71 +72 +73 +74 +76 +77 +78 +79 +80 +81 +82 +83 $
>CP017863_1
+1 +2 +3 +4 +5 +6 +7 -14 -13 -12 -11 -10 -9 -8 +15 +16 +17 +18 +19 +20 +21 +22 +23 +24 +25 +26 +27 +28 +29 +30 +32 +33 +34 +35 +36 +37 +38 +39 +40 +41 +42 +43 +44 +97 +45 +46 +47 +48 +49 +50 +51 +85 +52 +53 +54 +55 +56 +57 +58 +59 +60 +61 +62 +63 +64 +65 +66 +67 +68 +69 +70 +71 +72 +73 +74 +75 +76 +77 +78 +79 +91 +80 +81 +82 +83 $
>HG428754_1
+1 +2 +3 +4 +5 +6 +7 -11 -10 -9 -8 +12 +13 +14 +15 +16 +17 +18 +19 +20 +21 +22 +23 +24 +25 +26 +27 +28 +29 +68 +30 +32 +33 +34 +35 +36 +37 +38 +39 +40 +41 +42 +43 +44 +45 +46 +47 +48 +49 +50 +51 +85 +52 +53 +54 +55 +56 +57 +60 +61 +62 +63 +64 +65 +66 +67 +69 +70 +71 +72 +73 +74 +76 +77 +78 +79 +80 +81 +82 +83 $
>CP045789_1
+1 +2 +3 +4 +5 +6 +7 -11 -10 -9 -8 +12 +13 +14 +15 +16 +17 +18 +19 -91 +20 +21 +22 +23 +24 +25 +26 +27 +28 +29 -91 +30 +32 +33 +34 +35 +36 +37 +38 +39 +40 +41 +42 +43 +44 +45 +46 -91 +47 +48 +49 +50 +51 +87 +52 +53 +54 +55 +56 +57 +60 +61 +62 +63 +64 +65 +66 +67 +68 +69 +70 +71 +72 +73 +74 +76 +77 +78 +79 +80 +81 +82 +83 $
>CP019838_1
+1 +2 +3 +4 +5 +6 +7 -11 -10 -9 -8 +12 +13 +14 +15 +16 +17 +18 +18 +19 +20 +21 +22 +23 +24 +25 +26 +27 +28 +29 +30 +32 +33 +34 +35 +36 +37 +38 +39 +40 +41 +42 +43 +44 +97 +45 +46 +47 +48 +49 +50 +51 +52 +53 +54 +55 +56 +57 +60 +61 +62 +63 +64 +65 +66 +67 +68 +99 +69 +70 +71 +72 +73 +74 +76 +77 +78 +79 +80 +81 +82 +83 +100 $
>CP020045_1
+1 +2 +84 +3 +4 +5 +6 +7 -11 -10 -9 -8 +12 +13 +14 +15 +16 +17 +18 +19 +20 +21 +22 +23 +24 +25 +26 +27 +28 +29 +30 +32 +33 +34 +35 +36 +37 +38 +39 +40 +41 +42 +43 +44 +45 +46 +47 +48 +49 +50 +51 +52 +53 +54 +55 +56 +57 +60 +61 +62 +63 +64 +65 +66 +67 +68 +92 +69 +70 +71 +72 +73 +74 +76 +77 +78 +79 +80 +81 +82 +83 $
>LR134530_1
+1 +2 +3 +4 +5 +81 +6 +7 +8 +9 +10 +11 +12 +13 +14 +15 +16 +17 +18 -105 +19 +20 +21 +22 +23 +28 +29 +30 -57 -56 -42 +37 +38 +39 +40 -27 -106 -26 -25 -24 +41 -36 -35 -34 -33 -32 +55 +43 +44 +45 +46 -101 +47 +48 +49 +50 +51 +52 +53 +54 -86 +60 +61 +62 +63 +64 +65 +66 +67 +68 +69 +70 +71 +72 +73 +74 +76 +77 +78 +79 +80 +82 +83 $
>CP012696_1
+1 +2 +3 +4 +5 +6 +7 -11 -10 -9 -8 +12 +13 +14 +15 +16 +17 +18 +19 +20 +21 +22 +23 +24 +25 +26 +27 +28 +29 +30 +32 +33 +34 +35 +36 +37 +38 +39 +40 +41 +42 +43 +44 +45 +46 +47 +48 +49 +50 +51 +87 +52 +53 +54 +55 +56 +57 +60 +61 +62 +63 +64 +65 +66 +67 +68 +69 +70 +71 +72 +73 +74 +75 +76 +77 +78 +79 +80 +81 +82 +83 $
>CM000855_1
+1 +2 +108 +107 +3 +4 +5 -11 -10 -9 -8 -7 -6 +12 +13 +14 +15 +16 +17 +18 +19 +20 +21 +22 +23 +24 +25 +26 +27 +28 -31 -97 +29 +68 +30 +32 +33 +34 +35 +36 +37 +38 +39 +40 +41 +42 +43 +44 +45 +46 +47 +48 +49 +50 +51 +52 +53 +54 +55 +56 +57 +58 +59 +60 +61 +62 +63 +64 +65 +66 +67 +69 +70 +71 +72 +73 +74 +76 +77 +78 +79 +80 +81 +82 +83 $
>CP028372_1
+1 +2 +3 +4 +5 +6 +7 -11 -10 -9 -8 +12 +13 +14 +15 +16 +17 +18 +19 +20 +21 +22 +23 +24 +25 +26 +27 +28 +29 +30 +32 +33 +34 +35 +36 +37 +38 +39 +40 +41 +42 +43 +44 +45 +46 +47 +48 +49 +50 +51 +87 +52 +53 +54 +55 +56 +57 +60 +61 +62 +63 +64 +65 +66 +67 +68 +69 +70 +71 +72 +73 +74 +76 +77 +78 +79 +80 +81 +82 +83 $
>LR134511_1
+1 +2 +3 +4 +5 +6 +7 -11 -10 -9 -8 +12 +13 +14 +15 +16 +17 +18 +19 +20 +21 +22 +23 +24 +25 +26 +27 +28 +29 +30 +32 +33 +34 +35 +36 +37 +38 +39 +40 +41 +42 +43 +44 +45 +46 +47 +48 +49 +50 +51 +87 +52 +53 +54 +55 +56 +57 +60 +61 +62 +63 +64 +65 +66 +67 +68 +88 +69 +70 +71 +72 +73 +74 +75 +76 +77 +78 +79 +80 +81 +82 +83 $
>CP007193_1
+1 +2 +3 +4 +5 +6 +7 -11 -10 -9 -8 +12 +13 +14 +15 +16 +17 +18 +19 +20 +21 +22 +23 +24 +25 +26 +27 +28 +29 +30 +32 +33 +34 +35 +36 +37 +38 +39 +40 +41 +42 +43 +44 +45 +46 +47 +48 +49 +50 +51 +87 +52 +53 +54 +55 +56 +57 +60 +61 +62 +63 +64 +65 +66 +67 +68 +88 +69 +70 +71 +72 +73 +74 +75 +76 +77 +78 +79 +80 +81 +82 +83 $
>LS483295_1
+1 +2 +3 +4 +5 +6 +7 -11 -10 -9 -8 +12 +13 +14 +15 +16 +17 +18 -105 +19 +20 +21 +22 +23 +28 +29 +30 +24 +25 +26 +106 +27 +32 +33 +34 +35 +36 -41 -40 -39 -38 -37 +42 +43 +44 +45 +46 -102 -101 +47 +48 +49 +50 +51 +52 +53 +54 +55 +56 +57 +60 +61 +62 +63 +64 +65 +66 +67 +68 +69 +70 +71 +72 +73 +74 +76 +77 +78 +79 +80 +81 +82 +83 $
>CP012689_1
+1 +2 +84 +3 +4 +5 +6 +7 -11 -10 -9 -8 +12 +13 +14 +15 +16 +17 +18 +19 +20 +21 +22 +23 +24 +25 +26 +27 +28 +29 +30 -31 +32 +33 +34 +35 +36 +37 +38 +39 +40 +41 +42 +43 +44 +45 +46 +47 +48 +49 +50 +51 +52 +53 +54 +55 +56 +57 +60 +61 +62 +63 +64 +65 +66 +67 +69 +70 +71 +72 +73 +74 +76 +77 +78 +79 +80 +81 +82 +83 $
>CP017862_1
+1 -37 -36 +2 +3 +4 +5 +6 +7 -11 -10 -9 -8 +12 +13 +14 +29 -91 +30 +15 +16 +17 +18 +19 +20 +21 +22 +23 +24 +25 +26 +27 +28 +29 +30 +32 +33 +34 +35 +38 +39 +40 +41 +42 +43 +44 +45 +46 +47 +48 +49 +50 +51 +52 +53 +54 +55 +56 +57 +60 +61 +62 +63 +64 +65 +66 +67 +68 +92 +69 +70 +71 +72 +73 +74 +76 +77 +78 +79 +80 +81 +82 +83 $
>LR134359_1
+1 +2 +3 +4 +5 +6 +7 -11 -10 -9 -8 +12 +13 +14 +15 +16 +17 +18 -91 -91 +54 +55 +56 +57 +86 +60 +61 +62 +63 +64 +65 +66 +67 -91 -105 +19 +20 +21 +22 +23 +24 +25 +26 +27 +28 +29 +30 +32 +33 +34 +35 +36 +37 +38 +39 +40 +41 +42 +43 +44 +45 +46 -101 +47 +48 +49 +50 +51 +52 +53 -91 +69 +70 +71 +72 +73 +74 +76 +77 +78 +79 +80 +81 +82 +83 $
>CP023866_1
+1 +2 +3 +4 +5 +6 +7 -11 -10 -9 +31 -8 +12 +13 +14 +15 +16 +17 +18 +19 +20 +21 +22 +23 +24 +25 +26 +27 +28 +29 +30 +32 +33 +34 +35 +36 +37 +38 +39 +40 +41 +42 +43 +44 +45 +46 +47 +48 +49 +50 +51 +52 +53 +54 +55 +56 +57 +58 +59 +60 +61 +62 +63 +64 +65 +66 +67 +94 +69 +70 +71 +72 +73 +74 +76 +77 +78 +79 +80 +81 +82 +83 $
>CP028912_1
+1 +2 +3 +4 +5 +6 +7 -11 -10 -9 -8 +12 +13 +14 +15 +16 +17 +18 +19 +20 +21 +22 +23 +24 +25 +26 +27 +28 +29 +30 +32 +33 +34 +35 +36 +37 +38 +39 +40 +41 +42 +43 +44 +45 +46 +47 +48 +49 +50 +51 +87 +52 +53 +54 +55 +56 +57 +60 +61 +62 +63 +64 +65 +66 +67 +68 +69 +70 +71 +72 +73 +74 +75 +76 +77 +78 +79 +80 +81 +82 +83 $
>CP012211_1
+1 +2 +84 +3 +4 +5 +6 +7 -11 -10 -9 -8 +12 +13 +14 +15 +16 +17 +18 +19 +20 +21 +22 +23 +24 +25 +26 +27 +28 +29 +30 +32 +33 +34 +35 +36 +37 +38 +39 +40 +41 +42 +43 +44 +45 +46 +47 +48 +49 +50 +51 +85 +52 +53 +54 +55 +56 +57 +60 +61 +62 +63 +64 +65 +66 +67 +93 +69 +70 +71 +72 +73 +74 -91 +76 +77 +78 +79 +80 +81 +82 +83 $
>CP000025_1
+1 +2 +3 +4 +5 +6 +7 -11 -10 -9 +31 -8 +12 +13 +14 +15 +16 +17 +18 +19 +20 +21 +22 +23 +24 +25 +26 +27 +28 +29 +30 +32 +33 +34 +35 +36 +37 +38 +39 +40 +41 +42 +43 +44 +45 +46 +47 +48 +49 +50 +51 +52 +53 +54 +55 +56 +57 +58 +59 +60 +61 +62 +63 +64 +65 +66 +67 +94 +69 +70 +71 +72 +73 +74 +76 +77 +78 +79 +80 +81 +82 +83 $
>CP012690_1
+1 +2 +84 +3 +4 +5 +6 +7 -11 -10 -9 -8 +12 +13 +14 +15 +16 +17 +18 +19 +20 +21 +22 +23 +24 +25 +26 +27 +28 +29 +30 -31 +32 +33 +34 +35 +36 +37 +38 +39 +40 +41 +42 +43 +44 +45 +46 +47 +48 +49 +50 +51 +52 +53 +54 +55 +56 +57 +60 +61 +62 +63 +64 +65 +66 +67 +69 +70 +71 +72 +73 +74 +76 +77 +78 +79 +80 +81 +82 +83 $
>CP017029_1
+1 +2 +3 +4 +5 +6 +7 -11 -10 -9 -8 +12 +13 +14 +15 +16 +17 +18 +19 +20 +21 +22 +23 +24 +25 +26 +27 +28 +29 +30 +32 +33 +34 +35 +36 +37 +38 +39 +40 +41 +42 +43 +44 +97 +45 +46 +47 +48 +49 +50 +51 +52 +53 +54 +55 +56 +57 +60 +61 +62 +63 +64 +65 +66 +67 +68 +69 +70 +71 +72 +73 +74 +75 +76 +77 +78 +79 +80 +81 +82 +83 $
>CP010307_1
+1 +2 +3 +4 +5 +6 +7 +8 +9 +10 +11 +12 +13 +14 +15 +16 +17 +18 +19 +20 +21 +22 +23 +24 +25 +26 +27 +28 +29 +30 +32 +33 +34 +35 +36 +37 +38 +39 +40 +41 +42 +43 +44 +45 +46 +47 +48 +49 +50 +51 +52 +53 +54 +55 +56 +57 +58 +59 +60 +61 +62 +63 +64 +65 +66 +67 +68 +69 +70 +71 +72 +73 +74 +75 +76 +77 +78 +79 +80 +81 +82 +83 $
>LR134502_1
+1 +2 +84 +3 +4 +5 +6 +7 -11 -10 -9 -8 +12 +13 +14 +15 +16 +17 +18 +19 +20 +21 +22 +23 +24 +25 +26 +27 +28 +29 +68 +30 +32 +33 +34 +35 +36 +37 +38 +39 +40 +41 +42 +43 +44 +45 +46 +47 +48 +49 +50 +51 +85 +52 +53 +54 +55 +56 +57 +60 +61 +62 +63 +64 +65 +66 +67 +98 +69 +70 +71 +72 +73 +74 +76 +77 +78 +79 +80 +81 +82 +83 $
>AL111168_1
+1 +2 +3 +4 +5 +6 +7 -11 -10 -9 -8 +12 +13 +14 +15 +16 +17 +18 +19 +20 +21 +22 +23 +24 +25 +26 +27 +28 +29 +30 +32 +33 +34 +35 +36 +37 +38 +39 +40 +41 +42 +43 +44 +45 +46 +47 +48 +49 +50 +51 +87 +52 +53 +54 +55 +56 +57 +60 +61 +62 +63 +64 +65 +66 +67 +68 +88 +69 +70 +71 +72 +73 +74 +75 +76 +77 +78 +79 +80 +81 +82 +83 $
>CP047480_1
+1 +2 +3 +4 +5 +6 +7 -11 -10 -9 -8 +12 +13 +14 +15 +16 +17 +18 +19 +20 +21 +22 +23 +24 +25 +26 +27 +28 +29 +31 +30 +32 +33 +34 +35 +36 +37 +38 +39 +40 +41 +42 +43 +44 +45 +46 +47 +48 +49 +50 +51 +52 +53 +54 +55 +56 +57 +60 +61 +62 +63 +64 +65 +66 +67 +68 +88 +69 +70 +71 +72 +73 +74 +76 +77 +78 +79 +80 +81 +82 +83 $
>CP008787_1
+1 +2 +84 +3 +4 +5 +6 +7 -11 -10 -9 -8 +12 +13 +14 +15 +16 +17 +18 +19 +20 +21 +22 +23 +24 +25 +26 +27 +28 +29 +68 +30 +32 +33 +34 +35 +36 +37 +38 +39 +40 +41 +42 +43 +44 +45 +46 +47 +48 +49 +50 +51 +85 +52 +53 +54 +55 +56 +57 +60 +61 +62 +63 +64 +65 +66 +67 +110 +69 +70 +71 +72 +73 +74 +76 +77 +78 +79 +80 +81 +82 +83 $
>CP012206_1
+1 +2 +84 +3 +4 +5 +6 +7 -11 -10 -9 -8 +12 +13 +14 +15 +16 +17 +18 +19 +20 +21 +22 +23 +24 +25 +26 +27 +28 +29 +68 +30 +32 +33 +34 +35 +36 +37 +38 +39 +40 +41 +42 +43 +44 +45 +46 +47 +48 +49 +50 +51 +85 +52 +53 +54 +55 +56 +57 +86 +60 +61 +62 +63 +64 +65 +66 +67 +69 +70 +71 +72 +73 +74 +76 +77 +78 +79 +80 +81 +82 +83 $
>CP017456_1
+1 +2 +84 +3 +4 +5 +6 +7 -11 -10 -9 -8 +12 +13 +14 +15 +16 +17 +18 +19 +20 +21 +22 +23 +24 +25 +26 +27 +28 +29 +30 +32 +33 +34 +35 +36 +37 +38 +39 +40 +41 +42 +43 +44 +45 +46 +47 +48 +49 +50 +51 +52 +53 +54 +55 +56 +57 +60 +61 +62 +63 +64 +65 +66 -31 +67 +68 +109 +69 +70 +71 +72 +73 +74 +76 +77 +78 +79 +80 +81 +82 +83 +100 $
>LR134507_1
+1 +2 +84 +3 +4 +5 +6 +7 -11 -10 -9 -8 +12 +13 +14 +15 +16 +17 +18 +19 +20 +21 +22 +23 +24 +25 +26 +27 +28 +29 +68 +30 +32 +33 +34 +35 +36 +37 +38 +39 +40 +41 +42 +43 +44 +45 +46 +47 +48 +49 +50 +51 +85 +52 +53 +54 +55 +56 +57 +60 +61 +62 +63 +64 +65 +66 +67 +98 +69 +70 +71 +72 +73 +74 +76 +77 +78 +79 +80 +81 +82 +83 $
>CP023867_1
+1 +2 +3 +4 +5 +6 +7 +11 +10 +9 +8 +12 +13 +14 +15 +16 +17 +18 +19 +20 +21 +22 +23 +31 +24 +25 +26 +27 +28 +29 +30 +32 +33 +34 +35 +36 +37 +38 +39 +40 +41 +42 +43 +44 +45 +46 +47 +48 +49 +50 +51 +52 +53 +54 +55 +56 +57 +60 +61 +62 +63 +64 +65 +66 +67 +68 +88 +69 +70 +71 +72 +73 +74 +75 +76 +77 +78 +79 +80 +81 +82 +83 $
>CP022076_1
+1 +2 +3 +4 +5 +6 +7 -11 -10 -9 -8 +12 +13 +14 +15 +16 +17 +18 +19 +20 +21 +22 +23 +24 +25 +26 +27 +28 +29 +30 +32 +33 +34 +35 +36 +37 +38 +39 +40 +41 +42 +43 +44 +97 +45 +46 +47 +48 +49 +50 +51 +52 +53 +54 +55 +56 +57 +60 +61 +62 +63 +64 +65 +66 +67 +68 +99 +69 +70 +71 +72 +73 +74 +76 +77 +78 +79 +80 +81 +82 +83 +100 $
>CP012149_1
+1 +2 +84 +3 +4 +5 +6 +7 -11 -10 -9 -8 +12 +13 +14 +15 +16 +17 +18 +19 +20 +21 +22 +23 +24 +25 +26 +27 +28 +29 +68 +30 +32 +33 +34 +35 +36 +37 +38 +39 +40 +41 +42 +43 +44 +45 +46 +47 +48 +49 +50 +51 +85 +52 +53 +54 +55 +56 +57 +60 +61 +62 +63 +64 +65 +66 +67 +110 +69 +70 +71 +72 +73 +74 +76 +77 +78 +79 +80 +81 +82 +83 $
>CP003871_4
+1 +2 +3 +4 +5 +6 +7 -11 -10 -9 -8 +12 +13 +14 +15 +16 +17 +18 +19 +20 +21 +22 +23 +24 +25 +26 +27 +28 +29 +30 +32 +33 +34 +35 +36 +37 +38 +39 +40 +41 +42 +43 +44 +45 +46 +47 +48 +49 +50 +51 +87 +52 +53 +54 +55 +56 +57 +60 +61 +62 +63 +64 +65 +66 +67 +68 +69 +70 +71 +72 +73 +74 +75 +76 +77 +78 +79 +80 +81 +82 +83 $
>CP006006_1
+1 +2 +3 +4 +5 +6 +7 -11 -10 -9 -8 +12 +13 +14 +15 +16 +17 +18 +19 +20 +21 +22 +23 +24 +25 +26 +27 +28 +29 +30 +32 +33 +34 +35 +36 +37 +38 +39 +40 +41 +42 +43 +44 +45 +46 -91 +47 +48 +49 +50 +51 +52 +53 +54 +55 +56 +57 +60 +61 +62 +63 +64 +65 +66 +67 +68 +69 +70 +71 +72 +73 +74 +76 +77 +78 +79 +80 +81 +82 +83 $
>HE978252_1
+1 +2 +3 +4 +5 +6 +7 -11 -10 -9 -8 +12 +13 +14 +15 +16 +17 +18 +19 +20 +21 +22 +23 +24 +25 +26 +27 +28 +29 +30 +32 +33 +34 +35 +36 +37 +38 +39 +40 +41 +42 +43 +44 +45 +46 +47 +48 +49 +50 +51 +87 +52 +53 +54 +55 +56 +57 +60 +61 +62 +63 +64 +65 +66 +67 +68 +88 +69 +70 +71 +72 +73 +74 +75 +76 +77 +78 +79 +80 +81 +82 +83 $
>CP017031_1
+1 +2 +3 +4 +5 +6 +7 -11 -10 -9 -8 +12 +13 +14 +15 +16 +17 +18 +19 +20 +21 +22 +23 +24 +25 +26 +27 +28 +29 +30 +32 +33 +34 +35 +36 +37 +38 +39 +40 +41 +42 +43 +44 +45 +46 +47 +48 +49 +50 +51 +87 +52 +53 +54 +55 +56 +57 +60 +61 +62 +63 +64 +65 +66 +67 +68 +90 +69 +70 +71 +72 +73 +74 +75 +76 +77 +78 +79 +80 +81 +82 +83 $
>CP047477_1
+1 +2 +3 +4 +5 +6 +7 +11 +10 +9 +8 +12 +13 +14 +15 +16 +17 +18 +19 +20 +21 +22 +23 +24 +25 +26 +27 +28 +29 +30 +32 +33 +34 +35 +36 +37 +38 +39 +40 +41 +42 +43 +44 +45 +46 +47 +48 +49 +50 +51 +52 +53 +54 +55 +56 +57 +58 +59 +60 +61 +62 +63 +64 +65 +66 +67 +68 +88 +69 +70 +71 +72 +73 +74 +76 +77 +78 +79 +80 +81 +82 +83 $
>CP000768_1
+1 +2 +3 +4 +5 +6 +7 -11 -10 -9 -8 -65 -64 -63 -62 -96 -61 -60 -57 -56 -55 -54 -53 -52 -51 -50 -49 -48 -47 +101 +102 +103 +104 -46 -45 -44 -43 -42 -40 -39 -86 +37 +38 -27 -26 -25 -24 +41 -36 -35 -34 -33 -32 -30 -29 -28 -23 -22 -21 -20 -19 +105 -18 -17 -16 -15 -14 -13 -12 +66 +67 +68 +69 +70 +71 +72 +73 +74 +76 +77 +78 +79 +80 +81 +82 +83 $
>CP007192_1
+1 +2 +3 +4 +5 +6 +7 -11 -10 -9 -8 +12 +13 +14 +15 +16 +17 +18 +19 +20 +21 +22 +23 +24 +25 +26 +27 +28 +29 +30 +32 +33 +34 +35 +36 +37 +38 +39 +40 +41 +42 +43 +44 +45 +46 +47 +48 +49 +50 +51 +87 +52 +53 +54 +55 +56 +57 +60 +61 +62 +63 +64 +65 +66 +67 +68 +88 +69 +70 +71 +72 +73 +74 +75 +76 +77 +78 +79 +80 +89 +81 +82 +83 $
>CP012213_1
+1 +2 +3 +4 +5 +6 +7 -11 -10 -9 -8 +12 +13 +14 +15 +16 +17 +18 +19 +20 +21 +22 +23 +24 +25 +26 +27 +28 +29 +68 +30 +32 +33 +34 +35 +36 +37 +38 +39 +40 +41 +42 +43 +44 +45 +46 +47 +48 +49 +50 +51 +85 +52 +53 +54 +55 +56 +57 +60 +61 +62 +63 +64 +65 +66 +67 +69 +70 +71 +72 +73 +74 +76 +77 +78 +79 +80 +81 +82 +83 $
>LN831025_1
+1 +2 +3 +4 +5 +6 +7 -11 -10 -9 -8 +12 +13 +14 +15 +16 +17 +18 +19 +20 +21 +22 +23 +24 +25 +26 +27 +28 +29 +30 +32 +33 +34 +35 +36 +37 +38 +39 +40 +41 +42 +43 +44 +97 +45 +46 +47 +48 +49 +50 +51 +52 +53 +54 +55 +56 +57 +60 +61 +62 +63 +64 +65 +66 +67 +68 +99 +69 +70 +71 +72 +73 +74 +76 +77 +78 +79 +80 +81 +82 +83 +100 $
>CP045048_1
+1 +2 +3 +4 +5 +6 +7 -11 -10 -9 -8 +12 +13 +14 +15 -59 -58 +16 +17 +18 +19 +20 +21 +22 +23 +24 +25 +26 +27 +28 +29 +30 +32 +33 +34 +35 +36 +37 +38 +39 +40 +41 +42 +43 +44 +31 +45 +46 +47 +48 +49 +50 +51 +87 +52 +53 +54 +55 +56 +57 +60 +61 +62 +63 +64 +65 +66 +67 +68 +69 +70 +71 +72 +73 +74 +76 +77 +78 +79 +80 +81 +82 +83 $
>CP007191_1
+1 +2 +3 +4 +5 +6 +7 -11 -10 -9 -8 +12 +13 +14 +15 +16 +17 +18 +19 +20 +21 +22 +23 +24 +25 +26 +27 +28 +29 +30 +32 +33 +34 +35 +36 +37 +38 +39 +40 +41 +42 +43 +44 +45 +46 +47 +48 +49 +50 +51 +87 +52 +53 +54 +55 +56 +57 +60 +61 +62 +63 +64 +65 +66 +67 +68 +88 +69 +70 +71 +72 +73 +74 +75 +76 +77 +78 +79 +80 +89 +81 +82 +83 $
