>CP020422
+1 +2 +3 +4 +5 +6 +7 +8 +9 +10 +11 +12 +13 +14 +15 +16 +17 +18 +19 +117 +20 +21 +22 +23 +24 +25 +26 +27 +37 +36 +35 +34 +33 +32 +31 +30 +29 +28 +38 +39 +40 +41 +42 +43 +44 +45 +46 +47 +48 +49 +50 +51 +52 +53 +116 +54 +55 +56 +57 +58 +59 +60 +61 +62 +63 +64 +65 +115 +112 +111 +110 +109 +114 +108 +107 +106 +105 +104 +103 +102 +101 +100 +59 +99 +98 +97 +96 +95 +94 +93 +92 +91 +90 +59 +89 +88 +113 +87 +86 +85 +84 +83 +82 +81 +80 +79 +78 +77 +59 +76 +75 +74 +73 +72 +71 +70 +69 +68 +67 +66 +118 $
>CP016682
+1 +2 +3 +4 +5 +6 +7 +8 +9 +10 +11 +12 +13 +14 +15 +16 +17 +18 +19 +20 +21 +22 +23 +24 +25 +26 +27 +28 +29 +30 +31 +32 +33 +34 +35 +36 +37 +38 +39 +40 +41 +42 +43 +44 +45 +46 +47 +48 +49 +50 +51 +52 +53 +54 +55 +56 +57 +58 +59 +60 +61 +62 +63 +64 +65 +66 +67 +68 +69 +70 +71 +72 +73 +74 +75 +76 +59 +77 +78 +79 +80 +81 +82 +83 +84 +85 +86 +87 +88 +89 +59 +90 +91 +92 +93 +94 +95 +96 +97 +98 +99 +59 +100 +101 +102 +103 +104 +105 +106 +107 +108 +109 +110 +111 +112 $
>CP012694
+1 +2 +3 +4 +5 +119 +6 +7 +8 +9 +10 +11 +12 +13 +14 +15 +16 +17 +18 +19 +20 +21 +22 +23 +24 +25 +26 +27 -37 -36 -35 -34 -33 -32 -31 -30 -29 -28 +38 +39 +40 +41 +42 +43 +44 +45 +46 +47 +48 +49 +50 +51 +52 +53 +54 +55 +56 +57 +120 +121 +58 +59 +60 +61 +62 +63 +64 +65 +66 +67 +68 +69 +70 +71 +72 +73 +74 +75 +76 +59 +77 +78 +79 +80 +81 +82 +83 +84 +85 +86 +87 +88 -89 +59 +90 -95 -94 -93 -92 -91 +96 +97 +98 +99 -59 +100 +101 +102 +103 +104 +105 +106 +107 +108 +109 +110 +111 +112 $
>CP007524
+1 +2 +3 +4 +5 +119 +6 +7 +8 +9 +10 +11 +12 +13 +14 +15 +16 +17 +18 +19 +20 +21 +22 +23 +24 +25 +26 +27 -37 -36 -35 -34 -33 -32 -31 -30 -29 -28 +38 +39 +40 +41 +42 +43 +44 +45 +46 +47 +48 +49 +50 +51 +52 +53 +54 +55 +56 +57 +120 +121 +58 +59 +60 +61 +62 +63 +64 +65 +66 +67 +68 +69 +70 +71 +72 +73 +74 +75 +76 +59 +77 +78 +79 +80 +81 +82 +83 +84 +85 +86 +87 +88 -89 +59 +90 -95 -94 -93 -92 -91 +96 +97 +98 +99 -59 +100 +101 +102 +103 +104 +105 +106 +107 +108 +109 +110 +111 +112 $
>CP020401
+1 +2 +3 +4 +5 +6 +7 +8 +9 +10 +11 +12 +13 +14 +15 +16 +17 +18 +19 -117 +20 +21 +22 +23 +24 +25 +26 +27 -37 -36 -35 -34 -33 -32 -31 -30 -29 -28 +38 +39 +40 +41 +42 +43 +44 +45 +46 +47 +48 +49 +50 +51 +52 +53 -116 +54 +55 +56 +57 +58 +59 +60 +61 +62 +66 +67 +68 +69 +70 +71 +72 +73 +74 +75 +76 +59 -99 -98 -97 -96 -95 -94 -93 -92 -91 -90 -59 +89 -88 -113 -87 -86 -85 -84 -83 -82 -81 -80 -79 -78 -77 -59 +100 +101 +102 +103 +104 +105 +106 +107 +108 +114 +109 +110 +111 -112 +115 -65 -64 -63 $
>CP020402
+1 +2 +3 +4 +5 +6 +7 +8 +9 +10 +11 +12 +13 +14 +15 +16 +17 +18 +19 +117 +20 +21 +22 +23 +24 +25 +26 +27 +37 +36 +35 +34 +33 +32 +31 +30 +29 +28 +38 +39 +40 +41 +42 +43 +44 +45 +46 +47 +48 +49 +50 +51 +52 +53 +116 +54 +55 +56 +57 +58 +59 +60 +61 +62 +63 +64 +65 +115 +112 +111 +110 +109 +114 +108 +107 +106 +105 +104 +103 +102 +101 +100 +59 +99 +98 +97 +96 +95 +94 +93 +92 +91 +90 +59 +89 +88 +113 +87 +86 +85 +84 +83 +82 +81 +80 +79 +78 +77 +59 +76 +75 +74 +73 +72 +71 +70 +69 +68 +67 +66 +118 $
>CP002422
+1 +2 +3 +4 +5 +6 +7 +8 +9 +10 +11 +12 +13 +14 +15 +16 +17 +18 +19 -117 +20 +21 +22 +23 +24 +25 +26 +27 -37 -36 -35 -34 -33 -32 -31 -30 -29 -28 +38 +39 +40 +41 +42 +43 +44 +45 +46 +47 +48 +49 +50 +51 +52 +53 -116 +54 +55 +56 +57 +58 +59 +60 +61 +62 +63 +64 +65 -115 +112 -111 -110 -109 -114 -108 -107 -106 -105 -104 -103 -102 -101 -100 +59 -99 -98 -97 -96 -95 -94 -93 -92 -91 -90 -59 +89 -88 -113 -87 -86 -85 -84 -83 -82 -81 -80 -79 -78 -77 -59 -76 -75 -74 -73 -72 -71 -70 -69 -68 -67 -66 $
>CP016647
+1 +2 +3 +4 +5 +6 +7 +8 +9 +10 +11 +12 +13 +14 +15 +16 +17 +18 +19 +20 +21 +22 +23 +24 +25 +26 +27 +28 +29 +30 +31 +32 +33 +34 +35 +36 +37 +38 +39 +40 +41 +42 +43 +44 +45 +46 +47 +48 +49 +50 +51 +52 +53 +54 +55 +56 +57 +58 +59 +60 +61 +62 +63 +64 +65 +66 +67 +68 +69 +70 +71 +72 +73 +74 +75 +76 +59 +77 +78 +79 +80 +81 +82 +83 +84 +85 +86 +87 +88 +89 +59 +90 +91 +92 +93 +94 +95 +96 +97 +98 +99 -59 +100 +101 +102 +103 +104 +105 +106 +107 +108 +109 +110 +111 +112 $
>CP000381
+1 +2 +3 +4 +5 +6 +7 +8 +9 +10 +11 +12 +13 +14 +15 +16 +17 +18 +19 +20 +21 +22 +23 +24 +25 +26 +27 -37 -36 -35 -34 -33 -32 -31 -30 -29 -28 +38 +39 +40 +41 +42 +43 +44 +45 +46 +47 +48 +49 +50 +51 +52 +53 +54 +55 +56 +57 +58 +59 +60 +61 +62 +63 +64 +65 +66 +67 +68 +69 +70 +71 +72 +73 +74 +75 +76 +59 +77 +78 +79 +80 +81 +82 +83 +84 +85 +86 +87 -97 -96 -95 -94 -93 -92 -91 -90 -59 +89 -88 +98 +99 -59 +100 +101 +102 +103 +104 +105 +106 +107 +108 +109 +110 +111 +112 $
>CP016672
+1 +2 +3 +4 +5 +6 +7 +8 +9 +10 +11 +12 +13 +14 +15 +16 +17 +18 +19 +20 +21 +22 +23 +24 +25 +26 +27 +28 +29 +30 +31 +32 +33 +34 +35 +36 +37 +38 +39 +40 +41 +42 +43 +44 +45 +46 +47 +48 +49 +50 +51 +52 +53 +54 +55 +56 +57 +58 +59 +60 +61 +62 +63 +64 +65 +66 +67 +68 +69 +70 +71 +72 +73 +74 +75 +76 +59 +77 +78 +79 +80 +81 +82 +83 +84 +85 +86 +87 +88 +89 +59 +90 +91 +92 +93 +94 +95 +96 +97 +98 +99 +59 +100 +101 +102 +103 +104 +105 +106 +107 +108 +109 +110 +111 +112 $
>CP016646
+1 +2 +3 +4 +5 +6 +7 +8 +9 +10 +11 +12 +13 +14 +15 +16 +17 +18 +19 +20 +21 +22 +23 +24 +25 +26 +27 +28 +29 +30 +31 +32 +33 +34 +35 +36 +37 +38 +39 +40 +41 +42 +43 +44 +45 +46 +47 +48 +49 +50 +51 +52 +53 +54 +55 +56 +57 +58 +59 +60 +61 +62 +63 +64 +65 +66 +67 +68 +69 +70 +71 +72 +73 +74 +75 +76 +59 +77 +78 +79 +80 +81 +82 +83 +84 +85 +86 +87 +88 +89 +59 +90 +91 +92 +93 +94 +95 +96 +97 +98 +99 -59 +100 +101 +102 +103 +104 +105 +106 +107 +108 +109 +110 +111 +112 $
>CP012392
+1 +2 +3 +4 +5 +6 +7 +8 +9 +10 +11 +12 +13 +14 +15 +16 +17 +18 +19 +20 +21 +22 +23 +24 +25 +26 +27 +37 +36 +35 +34 +33 +32 +31 +30 +29 +28 +38 +39 +40 +41 +42 +43 +44 +45 +46 +47 +48 +49 +50 +51 +52 +53 +54 +55 +56 +57 +58 +59 +60 +61 +62 +63 +64 +65 +66 +67 +68 +69 +70 +71 +72 +73 +74 +75 +76 +59 +77 +78 +79 +80 +81 +82 +83 +84 +85 +86 +87 +113 +88 +89 +59 +90 +91 +92 +93 +94 +95 +96 +97 +98 +99 +59 +100 +101 +102 +103 +104 +105 +106 +107 +108 +109 +110 +111 +112 $
>AL157959
+1 +2 +3 +4 +5 +119 +6 +7 +8 +9 +10 +11 +12 +13 +14 +15 +16 +17 +18 +19 +20 +21 +22 +23 +24 +25 +26 +27 -37 -36 -35 -34 -33 -32 -31 -30 -29 -28 +38 +39 +40 +41 +42 +43 +44 +45 +46 +47 +48 +49 +50 +51 +52 +53 +54 +55 +56 +57 +120 +121 +58 +59 +60 +61 +62 +63 +64 +65 +66 +67 +68 +69 +70 +71 +72 +73 +74 +75 +76 +59 +77 +78 +79 +80 +81 +82 +83 +84 +85 +86 +87 +88 -89 +59 +90 -95 -94 -93 -92 -91 +96 +97 +98 +99 -59 +100 +101 +102 +103 +104 +105 +106 +107 +108 +109 +110 +111 +112 $
>CP016680
+1 +2 +3 +4 +5 +6 +7 +8 +9 +10 +11 +12 +13 +14 +15 +16 +17 +18 +19 +20 +21 +22 +23 +24 +25 +26 +27 +28 +29 +30 +31 +32 +33 +34 +35 +36 +37 +38 +39 +40 +41 +42 +43 +44 +45 +46 +47 +48 +49 +50 +51 +52 +53 +54 +55 +56 +57 +58 +59 +60 +61 +62 +63 +64 +65 +66 +67 +68 +69 +70 +71 +72 +73 +74 +75 +76 +59 +77 +78 +79 +80 +81 +82 +83 +84 +85 +86 +87 +88 +89 +59 +90 +91 +92 +93 +94 +95 +96 +97 +98 +99 +59 +100 +101 +102 +103 +104 +105 +106 +107 +108 +109 +110 +111 +112 $
>CP016883
+1 +2 +3 +4 +5 +6 +7 +8 +9 +10 +11 +12 +13 +14 +15 +16 +17 +18 +19 +20 +21 +22 +23 +24 +25 +26 +27 +28 +29 +30 +31 +32 +33 +34 +35 +36 +37 +38 +39 +40 +41 +42 +43 +44 +45 +46 +47 +48 +49 +50 +51 +52 +53 +54 +55 +56 +57 +58 +59 +60 +61 +62 +63 +64 +65 +66 +67 +68 +69 +70 +71 +72 +73 +74 +75 +76 +59 +77 +78 +79 +80 +81 +82 +83 +84 +85 +86 +87 +88 +89 +59 +90 +91 +92 +93 +94 +95 +96 +97 +98 +99 -59 +100 +101 +102 +103 +104 +105 +106 +107 +108 +109 +110 +111 +112 $
>CP016654
+1 +2 +3 +4 +5 +6 +7 +8 +9 +10 +11 +12 +13 +14 +15 +16 +17 +18 +19 +20 +21 +22 +23 +24 +25 +26 +27 +28 +29 +30 +31 +32 +33 +34 +35 +36 +37 +38 +39 +40 +41 +42 +43 +44 +45 +46 +47 +48 +49 +50 +51 +52 +53 +54 +55 +56 +57 +58 +59 +60 +61 +62 +63 +64 +65 +66 +67 +68 +69 +70 +71 +72 +73 +74 +75 +76 +59 +77 +78 +79 +80 +81 +82 +83 +84 +85 +86 +87 +88 +89 +59 +90 +91 +92 +93 +94 +95 +96 +97 +98 +99 -59 +100 +101 +102 +103 +104 +105 +106 +107 +108 +109 +110 +111 +112 $
>FM999788
+1 +2 +3 +4 +5 +6 +7 +8 +9 +10 +11 +12 +13 +14 +15 +16 +17 +18 +19 +117 +20 +21 +22 +23 +24 +25 +26 +27 +37 +36 +35 +34 +33 +32 +31 +30 +29 +28 +38 +39 +40 +41 +42 +43 +44 +45 +46 +47 +48 +49 +50 +51 +52 +53 +116 +54 +55 +56 +57 +58 +59 +60 +61 +62 +63 +64 +65 +115 +118 +66 +67 +68 +69 +70 +71 +72 +73 +74 +75 +76 +59 +77 +78 +79 +80 +81 +82 +83 +84 +85 +86 +87 +113 +88 +89 +59 +90 +91 +92 +93 +94 +95 +96 +97 +98 +99 +59 +100 +101 +102 +103 +104 +105 +106 +107 +108 +114 +109 +110 +111 +112 $
>FR774048
+1 +2 +3 +4 +5 +119 +6 +7 +8 +9 +10 +11 +12 +13 +14 +15 +16 +17 +18 +19 +20 +21 +22 +23 +24 +25 +26 +27 -37 -36 -35 -34 -33 -32 -31 -30 -29 -28 +38 +39 +40 +41 +42 +43 +44 +45 +46 +47 +48 +49 +50 +51 +52 +53 +54 +55 +56 +57 +120 +121 +58 +59 +60 +61 +62 +63 +64 +65 +66 +67 +68 +69 +70 +71 +72 +73 +74 +75 +76 +59 +77 +78 +79 +80 +81 +82 +83 +84 +85 +86 +87 +88 +89 +59 +90 -95 -94 -93 -92 -91 +96 +97 +98 +99 -59 +100 +101 +102 +103 +104 +105 +106 +107 +108 +109 +110 +111 +112 $
>CP016660
+1 +2 +3 +4 +5 +6 +7 +8 +9 +10 +11 +12 +13 +14 +15 +16 +17 +18 +19 +20 +21 +22 +23 +24 +25 +26 +27 +28 +29 +30 +31 +32 +33 +34 +35 +36 +37 +38 +39 +40 +41 +42 +43 +44 +45 +46 +47 +48 +49 +50 +51 +52 +53 +54 +55 +56 +57 +58 +59 +60 +61 +62 +63 +64 +65 +66 +67 +68 +69 +70 +71 +72 +73 +74 +75 +76 +59 +77 +78 +79 +80 +81 +82 +83 +84 +85 +86 +87 +88 +89 +59 +90 +91 +92 +93 +94 +95 +96 +97 +98 +99 +59 +100 +101 +102 +103 +104 +105 +106 +107 +108 +109 +110 +111 +112 $
