22	1
30	1
20	1
23	1
29	1
12	13
13	15
14	26
31	1
2	108
33	1
4	57
17	9
32	3
3	63
16	278
5	53
15	34
44	1
6	49
7	21
96	1
9	11
8	8
10	14
11	12
--------------------------------------------------------------------------------
CP021347.1	87.8202
CP065432.1	89.2155
CP051862.1	87.8807
CP045110.1	89.9264
CP015121.1	89.9259
CP033243.1	87.7665
CP027611.1	87.8951
CP015364.1	87.5916
CP059040.1	89.9268
CP046898.1	86.3697
CP026711.1	88.4454
CP046654.1	89.9234
CP018332.1	88.3674
CP018254.1	85.8465
CP033768.1	87.7748
CP047973.1	88.8561
