>CP017501_1
+1 +2 +3 +4 +5 +6 +8 +9 +10 +11 +15 +16 +18 +19 +20 +21 +22 +23 +24 +26 +27 +34 +36 +37 +38 +39 +40 +41 +42 +43 +44 +45 +46 +47 +51 +52 +53 +54 +58 +59 +60 +61 +62 +64 +65 +66 +67 +68 +69 +70 +72 +73 +74 +79 +84 +85 +86 +87 +88 +92 +93 +94 +95 +98 +99 +100 +101 +102 +103 +104 +105 +106 +107 +108 +109 +110 +111 +112 +113 +114 +115 +116 +117 +118 +120 +121 +122 +123 +124 +125 +126 +127 +128 +129 +130 +132 +133 +134 +135 +136
>CP026857_1
+1 +2 +3 +4 +5 +6 +8 +9 +10 +11 +15 +16 +18 +19 +20 +21 +22 +23 +24 +26 +27 +34 +36 +37 +38 +39 +40 +41 +42 +43 +44 +45 +46 +51 +52 +53 +54 +47 +58 +59 +60 +61 +62 +64 +65 +87 +86 +85 +84 +79 +74 +73 +72 +70 +69 +68 +67 +66 +88 +92 +93 +94 +95 +98 +99 +100 +101 +102 +103 +104 +105 +106 +107 +108 +109 +110 +111 +112 +113 +114 +115 +116 +117 +118 +120 +121 +122 +123 +124 +125 +126 +128 +127 +129 +130 +132 +133 +134 +135 +136
>CP017504_1
+1 +2 +3 +4 +5 +6 +8 +9 +10 +11 +15 +16 +18 +19 +20 +21 +22 +23 +24 +26 +27 +34 +36 +37 +38 +39 +40 +41 +42 +43 +44 +45 +46 +47 +51 +52 -85 -84 -79 -74 -73 -72 -70 -69 -68 -67 -66 -65 -64 -62 -61 -60 -59 -58 -54 -53 +86 +87 +88 +92 +93 +94 +95 +98 +99 +100 +101 +102 +103 +104 +105 +106 +107 +108 +109 +110 +111 +112 +113 +114 +115 +116 +117 +118 +120 +121 +122 +123 +124 +125 +126 +127 +128 +129 +130 +132 +133 +134 +135 +136
>CP017524_1
+1 +2 +3 +4 +5 +6 +8 +9 +10 +11 +15 +16 +18 +19 +20 +21 +22 +23 +24 +26 +27 +34 +36 +37 +38 +39 +40 +41 +42 +43 +44 +45 +46 +47 +51 +52 +53 +54 +58 +59 +60 +61 +62 +64 +65 +66 +67 +68 +69 +70 +72 +73 +74 +79 +84 +85 +86 +87 +88 +92 +93 +94 +95 +98 +99 +100 +101 +102 +103 +104 +105 +106 +107 +108 +109 +110 +111 +112 +113 +114 +115 +116 +117 +118 +120 +121 +122 +123 +124 +125 +126 +127 +128 +129 +130 +132 +133 +134 +135 +136
>CP017520_1
+1 +2 +3 +4 +5 +6 +8 +9 +10 +11 +15 +16 +18 +19 +20 +21 +22 +23 +24 +26 +27 +34 +36 +37 +38 +39 +40 +41 +42 +43 +44 +45 +46 +47 -54 -53 -52 -51 +58 +59 +60 +61 +62 +64 +65 -79 -74 -73 -72 -70 -69 -68 -67 -66 +84 +85 +86 +87 +88 +92 +93 +94 +95 +98 +99 +100 +101 +102 +103 +104 +105 +106 +107 +108 +109 +110 +111 +112 +113 +114 +115 +116 +117 +118 +120 +121 +122 +123 +124 +125 +126 +127 +128 +129 +130 +132 +133 +134 +135 +136
>CP017523_1
+1 +2 +3 +4 +5 +6 +8 +9 +10 +11 +15 +16 +18 +19 +20 +21 +22 +23 +24 +26 +27 +34 +36 +37 +38 +39 +40 +41 +42 +43 +44 +45 +46 +47 +51 +52 +53 +54 +58 +59 +60 +61 +62 +64 +65 +66 -69 -68 -67 +70 +72 +73 +74 +79 +84 +85 +86 +87 +88 +92 +93 +94 +95 +98 +99 +100 +101 +102 +103 +104 +105 +106 +107 +108 +109 +110 +111 +112 +113 +114 +115 +116 +117 +118 +120 +121 +122 +123 +124 +125 +126 +127 +128 +129 +130 +132 +133 +134 +135 +136
>CP004753_2
+1 +2 +3 +4 +5 +6 +8 +9 +10 +11 +15 +16 +18 +19 +20 +21 +22 +23 +24 +26 +27 +34 +36 +37 +38 +39 +40 +41 +42 +43 +44 +45 +46 +47 +51 +52 +53 +54 +58 +59 +60 +61 +62 +64 +65 +66 +67 +68 +69 +70 +72 +73 +74 +79 +84 +85 +86 +87 +88 +92 +93 +94 +95 +98 +99 +100 +101 +102 +103 +104 +105 +106 +107 +108 +109 +110 +111 +112 +113 +114 +115 +116 +117 +118 +120 +121 +122 +123 +124 +125 +126 +127 +128 +129 +130 +132 +133 +134 +135 +136
>CP023043_1
+1 +2 +3 +4 +5 +6 +8 +9 +10 +11 +15 +16 +18 +19 +20 +21 +22 +23 +24 +26 +27 +34 +36 +37 +38 +39 +40 +41 +42 +43 +44 +45 +46 +47 +51 +52 +53 +54 +58 +59 +60 +61 +62 +64 +65 +66 +67 +68 +69 +70 +72 +73 +74 +79 +84 +85 +86 +87 +88 +92 +93 +94 +95 +98 +99 +100 +101 +102 +103 +104 +105 +106 +107 +108 +109 +110 +111 +112 +113 +114 +115 +116 +117 +118 +120 +121 +122 +123 +124 +125 +126 +127 +128 +129 +130 +132 +133 +134 +135 +136
>CP005972_1
+1 +2 +3 +4 +5 +6 +8 +9 +10 +11 +125 +124 +123 +122 +121 +120 +118 +117 +116 +115 +114 +113 +112 +111 +110 +109 +108 +107 +106 +105 +104 +103 +102 +101 +100 +99 +98 +95 +94 +93 +92 +88 +87 +86 +85 +84 +79 +74 +73 +72 +70 +69 +68 +67 +66 +65 +64 +62 +61 +60 +59 +58 +54 +53 +52 +51 +47 +46 +45 +44 +43 +42 +41 +40 +39 +38 +37 +36 +34 +27 +26 +24 +23 +22 +21 +20 +19 +18 +16 +15 +126 +127 +128 +129 +130 +132 +133 +134 +135 +136
>CP017543_1
+1 +2 +3 +4 +5 +6 +8 +9 +10 +11 +15 +16 +18 +19 +20 +21 +22 +23 +24 +26 +27 +34 +36 +37 +38 +39 +40 +41 +42 +43 +44 +45 +46 +47 +51 +52 -85 -84 -79 -74 -73 -72 -70 -69 -68 -67 -66 -65 -64 -62 -61 -60 -59 -58 -54 -53 +86 +87 +88 +92 +93 +94 +95 +98 +99 +100 +101 +102 +103 +104 +105 +106 +107 +108 +109 +110 +111 +112 +113 +114 +115 +116 +117 +118 +120 +121 +122 +123 +124 +125 +126 +127 +128 +129 +130 +132 +133 +134 +135 +136
>CP006573_1
+1 +2 +3 +4 +5 +6 +8 +9 +10 +11 +15 +16 +18 +19 +20 +21 +22 +23 +24 +26 +27 +34 +36 +37 +38 +39 +40 +41 +42 +43 +44 +45 +46 +47 +51 +52 +53 +54 +58 +59 +60 +61 +62 +64 +65 +66 +67 +68 +69 +70 +72 +73 +74 +79 +84 +85 +86 +87 +88 +92 +93 +94 +95 +98 +99 +100 +101 +102 +103 +104 +105 +106 +107 +108 +109 +110 +111 +117 -118 +112 +113 +114 +115 +116 +120 +121 +122 +123 +126 +127 +128 +129 +130 +132 +133 +124 +125 +134 +135 +136
>CP017531_1
+1 +2 +3 +4 +5 +6 +8 +9 +10 +11 +15 +16 +18 +19 +20 +21 +22 +23 +24 +26 +27 +34 +36 +37 +38 +39 +40 +41 +42 +43 +44 +45 +46 +47 +51 +52 +53 +54 +58 +59 +60 +61 +62 +64 +65 +66 -69 -68 -67 +70 +72 +73 +74 +79 +84 +85 +86 +87 +88 +92 +93 +94 +95 +98 +99 +100 +101 +102 +103 +104 +105 +106 +107 +108 +109 +110 +111 +112 +113 +114 +115 +116 +117 +118 +120 +121 +122 +123 +126 +127 +128 +129 +130 +132 +133 +124 +125 +134 +135 +136
>CP017537_1
+1 +2 +3 +4 +5 +6 +8 +9 +10 +11 +15 +16 +18 +19 +20 +21 +22 +23 +24 +26 +27 +34 +36 +37 +38 +39 +40 +41 +42 +43 +44 +45 +46 +47 +51 +52 -85 -84 -79 -74 -73 -72 -70 -69 -68 -67 -66 -65 -64 -62 -61 -60 -59 -58 -54 -53 +86 +87 +88 +92 +93 +94 +95 +98 +99 +100 +101 +102 +103 +104 +105 +106 +107 +108 +109 +110 +111 +112 +113 +114 +115 +116 +117 +118 +120 +121 +122 +123 +124 +125 +126 +127 +128 +129 +130 +132 +133 +134 +135 +136
>CP006957_2
+1 +2 +3 +4 +5 +6 +8 +9 +10 +11 +15 +16 +18 +19 +20 +21 +22 +23 +24 +26 +27 +34 +109 +108 +107 +106 +105 +104 +103 +102 +101 +100 +99 +98 +95 +94 +93 +92 +88 +87 +86 +85 +84 +58 +59 +60 +61 +62 +64 +65 +66 +67 +68 +69 +70 +72 +73 +74 +79 +54 +53 +52 +51 +47 +46 +45 +44 +43 +39 +40 +41 +42 +38 +37 +36 +110 +111 +117 +121 +120 +116 +115 +114 +113 +112 +118 +122 +123 +126 +127 +128 +124 +125 +129 +130 +132 +133 +134 +135 +136
>CP017533_1
+1 +2 +3 +4 +5 +6 +8 +9 +10 +11 +15 +16 +18 +19 +20 +21 +22 +23 +24 +26 +27 +34 +36 +37 +38 +39 +40 +41 +42 +43 +44 +45 +46 +47 +51 +52 +53 +54 +58 +59 +60 +61 +62 +64 +65 +66 -69 -68 -67 +70 +72 +73 +74 +79 +84 +85 +86 +87 +88 +92 +93 +94 +95 +98 +99 +100 +101 +102 +103 +104 +105 +106 +107 +108 +109 +110 +111 +112 +113 +114 +115 +116 +117 +118 +120 +121 +122 +123 +124 +125 +126 +127 +128 +129 +130 +132 +133 +134 +135 +136
>CP017539_1
+1 +2 +3 +4 +5 +6 +8 +9 +10 +11 +15 +16 +18 +19 +20 +21 +22 +23 +24 +123 +122 +121 +120 +118 +117 +116 +115 +114 +113 +112 +111 +110 +109 +108 +107 +106 +105 +104 +103 +102 +101 +100 +99 +98 +95 +94 +93 +92 +88 +87 +86 +85 +84 +79 +74 +73 +72 +70 +67 +68 +69 +66 +65 +64 +62 +61 +60 +59 +58 +54 +53 +52 +51 +47 +46 +45 +44 +43 +42 +41 +40 +39 +38 +37 +36 +34 +27 +26 +124 +125 +126 +127 +128 +129 +130 +132 +133 +134 +135 +136
>CP017530_1
+1 +2 +3 +4 +5 +6 +8 +9 +10 +11 +15 +16 +18 +19 +20 +21 +22 +23 +24 -123 -122 -121 -120 -118 -117 -116 -115 -114 -113 -112 -111 -110 -109 -108 -107 -106 -105 -104 -103 -102 -101 -100 -99 -98 -95 -94 -93 -92 -88 -87 -86 -85 -84 +66 +67 +68 +69 +70 +72 +73 +74 +79 -65 -64 -62 -61 -60 -59 -58 -54 -53 -52 -51 -47 -46 -45 -44 -43 -42 -41 -40 -39 -38 -37 -36 -34 -27 -26 +124 +125 +126 +127 +128 +129 +130 +132 +133 +134 +135 +136
>CP017505_1
+1 +2 +3 +4 +5 +6 +8 +9 +10 +11 +15 +16 +18 +19 +20 +21 +22 +23 +24 +26 +27 +34 +36 +37 +38 +39 +40 +41 +42 +43 +44 +45 +46 +47 +51 +52 +53 +54 +58 +59 +60 +61 +62 +64 +65 +66 +67 +68 +69 +70 +72 +73 +74 +79 +84 +85 +86 +87 +88 +92 +93 +94 +95 +98 +99 +100 +101 +102 +103 +104 +105 +106 +107 +108 +109 +110 +111 +112 +113 +114 +115 +116 +117 +118 +120 +121 +122 +123 +124 +125 +126 +127 +128 +129 +130 +132 +133 +134 +135 +136
>CP023046_1
+1 +2 +3 +4 +5 +6 +8 +9 +10 +11 +15 +16 +18 +19 +20 +21 +22 +23 +24 +26 +27 +34 +36 +37 +38 +39 +40 +41 +42 +43 +44 +45 +46 +47 +51 +99 +98 +95 +94 +93 +92 +88 +84 +85 +86 +87 +79 +74 +73 +72 +70 +69 +68 +67 +66 +65 +64 +62 +61 +60 +59 +58 +54 +53 +52 +100 +101 +102 +103 +104 +105 +106 +107 +108 +109 +110 +111 +112 +113 +114 +115 +116 +117 +118 +120 +121 +122 +123 +124 +125 +126 +127 +128 +129 +130 +132 +133 +134 +135 +136
>CP011099_1
+1 +2 +3 +4 +5 +6 +8 +9 +10 +11 +15 +16 +18 +19 +20 +21 +22 +23 +24 +26 +27 +34 +36 +37 +38 +39 +40 +41 +42 +43 +44 +45 +46 +47 +51 +52 +53 +54 +58 +59 +60 +61 +62 +64 +65 +66 +67 +68 +69 +70 +72 +73 +74 +79 +84 +85 +86 +87 +88 +92 +93 +94 +95 +98 +99 +100 +101 +102 +103 +104 +105 +106 +107 +108 +109 +110 +111 +112 +113 +114 +115 +116 +117 +118 +120 +121 +122 +123 +124 +125 +126 +127 +128 +129 +130 +132 +133 +134 +135 +136
>CP017550_1
+1 +2 +3 +4 +5 +6 +8 +9 +10 +11 +15 +16 +18 +19 +20 +21 +22 +23 +24 -123 -122 -121 -120 -118 -117 -116 -115 -114 -113 -112 -111 -110 -109 -108 -107 -106 -105 -104 -103 -102 -101 -100 -99 -98 -95 -94 -93 -92 -88 -87 -86 +53 +54 +58 +59 +60 +61 +62 +64 +65 -79 -74 -73 -72 -70 -69 -68 -67 -66 +84 +85 -52 -51 -47 -46 -45 -44 -43 -42 -41 -40 -39 -38 -37 -36 -34 -27 -26 +124 +125 +126 +127 +128 +129 +130 +132 +133 +134 +135 +136
>CP017528_1
+1 +2 +3 +4 +5 +6 +8 +9 +10 +11 +15 +16 +18 +19 +20 +21 +22 +23 +24 +26 +27 +34 +36 +37 +38 +39 +40 +41 +42 +43 +44 +45 +46 +47 +51 +52 +53 +54 +58 +59 +60 +61 +62 +64 +65 +66 +67 +68 +69 +70 +72 +73 +74 +79 +84 +85 +86 +87 +88 +92 +93 +94 +95 +98 +99 +100 +101 +102 +103 +104 +105 +106 +107 +108 +109 +110 +111 +112 +113 +114 +115 +116 +117 +118 +120 +121 +122 +123 +124 +125 +126 +127 +128 +129 +130 +132 +133 +134 +135 +136
>CP017540_1
+1 +2 +3 +4 +5 +6 +8 +9 +10 +11 +15 +16 +18 +19 +20 +21 +22 +23 +24 +26 +27 +34 +36 +37 +38 +39 +40 +41 +42 +43 +44 +45 +46 +47 -54 -53 -52 -51 +58 +59 +60 +61 +62 +64 +65 +66 +67 +68 +69 +70 +72 +73 +74 +79 +84 +85 +86 +87 +88 +92 +93 +94 +95 +98 +99 +100 +101 +102 +103 +104 +105 +106 +107 +108 +109 +110 +111 +112 +113 +114 +115 +116 +117 +118 +120 +121 +122 +123 +124 +125 +126 +127 +128 +129 +130 +132 +133 +134 +135 +136
>CP017538_1
+1 +2 +3 +4 +5 +6 +8 +9 +10 +11 +15 +16 +18 +19 +20 +21 +22 +23 +24 +26 +27 +34 +36 +37 +38 +39 +40 +41 +42 +43 +44 +45 +46 +47 +51 +52 +85 +84 +66 +67 +68 +69 +70 +72 +73 +74 +79 +65 +64 +62 +61 +60 +59 +58 +54 +53 +86 +87 +88 +92 +93 +94 +95 +98 +99 +100 +101 +102 +103 +104 +105 +106 +107 +108 +109 +110 +111 +112 +113 +114 +115 +116 +117 +118 +120 +121 +122 +123 +124 +125 +126 +127 +128 +129 +130 +132 +133 +134 +135 +136
>CP017535_1
+1 +2 +3 +4 +5 +6 +8 +9 +10 +11 +15 +16 +18 +19 +20 +21 +22 +23 +24 +26 +27 +34 +36 +37 +38 +39 +40 +41 +42 +43 +44 +45 +46 +47 -54 -53 -52 -51 +58 +59 +60 +61 +62 +64 +65 +66 +67 +68 +69 +70 +72 +73 +74 +79 +84 +85 +86 +87 +88 +92 +93 +94 +95 +98 +99 +100 +101 +102 +103 +104 +105 +106 +107 +108 +109 +110 +111 +112 +113 +114 +115 +116 +117 +118 +120 +121 +122 +123 +124 +125 +126 +127 +128 +129 +130 +132 +133 +134 +135 +136
>CP017536_1
+1 +2 +3 +4 +5 +6 +8 +9 +10 +11 +15 +16 +18 +19 +20 +21 +22 +23 +24 +26 +27 +34 +36 +37 +38 +39 +40 +41 +42 +43 +44 +45 +46 +47 +51 +52 -85 -84 +66 +67 +68 +69 +70 +72 +73 +74 +79 -65 -64 -62 -61 -60 -59 -58 -54 -53 +86 +87 +88 +92 +93 +94 +95 +98 +99 +100 +101 +102 +103 +104 +105 +106 +107 +108 +109 +110 +111 +112 +113 +114 +115 +116 +117 +118 +120 +121 +122 +123 +124 +125 +126 +127 +128 +129 +130 +132 +133 +134 +135 +136
>CP017551_1
+1 +2 +3 +4 +5 +6 +8 +9 +10 +11 +15 +16 +18 +19 +20 +21 +22 +23 +24 +26 +27 +34 +36 +37 +38 +39 +40 +41 +42 +43 +44 +45 +46 +47 +51 +52 -85 -84 -79 -74 -73 -72 -70 -69 -68 -67 -66 -65 -64 -62 -61 -60 -59 -58 -54 -53 +86 +87 +88 +92 +93 +94 +95 +98 +99 +100 +101 +102 +103 +104 +105 +106 +107 +108 +109 +110 +111 +112 +113 +114 +115 +116 +117 +118 +120 +121 +122 +123 +124 +125 +126 +127 +128 +129 +130 +132 +133 +134 +135 +136
>CP023044_1
+1 +2 +3 +4 +5 +6 +8 +9 +10 +11 +15 +16 +18 +19 +20 +21 +22 +23 +24 +26 +27 +34 +36 +37 +38 +39 +40 +41 +42 +43 +44 +45 +46 +47 +51 +52 +53 +54 +58 +59 +60 +61 +62 +64 +65 +66 +67 +68 +69 +70 +72 +73 +74 +79 +84 +85 +86 +87 +88 +92 +93 +94 +95 +98 +99 +100 +101 +102 +103 +104 +105 +106 +107 +108 +109 +110 +111 +112 +113 +114 +115 +116 +117 +118 +120 +121 +122 +123 +124 +125 +126 +127 +128 +129 +130 +132 +133 +134 +135 +136
>CP017549_1
+1 +2 +3 +4 +5 +6 +8 +9 +10 +11 +15 +16 +18 +19 +20 +21 +22 +23 +24 +26 +27 +34 +36 +37 +38 +39 +40 +41 +42 +43 +44 +45 +46 +47 +51 +52 +53 +54 +58 +59 +60 +61 +62 +64 +65 +66 -69 -68 -67 +70 +72 +73 +74 +79 +84 +85 +86 +87 +88 +92 +93 +94 +95 +98 +99 +100 +101 +102 +103 +104 +105 +106 +107 +108 +109 +110 +111 +112 +113 +114 +115 +116 +117 +118 +120 +121 +122 +123 +124 +125 +126 +127 +128 +129 +130 +132 +133 +134 +135 +136
>CP023047_1
+1 +2 +3 +4 +5 +6 +8 +9 +10 +11 +15 +16 +18 +19 +20 +21 +22 +23 +24 +26 +27 +34 +36 +37 +38 +39 +40 +41 +42 +43 +44 +45 +46 +47 +51 +52 +53 +54 +58 +59 +60 +61 +62 +64 +65 +66 +67 +68 +69 +70 +72 +73 +74 +79 +84 +85 +86 +87 +88 +92 +93 +94 +95 +98 +99 +100 +101 +102 +103 +104 +105 +106 +107 +108 +109 +110 +111 +112 +113 +114 +115 +116 +117 +118 +120 +121 +122 +123 +124 +125 +126 +127 +128 +129 +130 +132 +133 +134 +135 +136
>CP004752_2
+1 +2 +3 +4 +5 +6 +8 +9 +10 +11 +15 +16 +18 +19 +20 +21 +22 +23 +24 +26 +27 +34 +36 +37 +38 +39 +40 +41 +42 +43 +44 +45 +46 +47 +51 +52 +53 +54 +58 +59 +60 +61 +62 +64 +65 +66 +67 +68 +69 +70 +72 +73 +74 +79 +84 +85 +86 +87 +88 +92 +93 +94 +95 +98 +99 +100 +101 +102 +103 +104 +105 +106 +107 +108 +109 +110 +111 +112 +113 +114 +115 +116 +117 +118 +120 +121 +122 +123 +124 +125 +126 +127 +128 +129 +130 +132 +133 +134 +135 +136
>CP026858_1
+1 +2 +3 +4 +5 +6 +8 +9 +11 +15 +16 +130 +132 +18 +19 +20 +21 +22 +23 +24 +26 +58 +27 +34 +36 +37 +38 +39 +40 +41 +42 +43 +44 +45 +46 +47 +51 +52 +53 +54 +59 +60 +61 +62 +87 +86 +85 +84 +79 +74 +73 +72 +70 +69 +68 +67 +66 +65 +64 +121 +88 +92 +93 +94 +95 +98 +99 +100 +101 +102 +103 +104 +105 +106 +107 +108 +109 +110 +111 +112 +113 +114 +115 +116 +117 +118 +120 +122 +123 +124 +125 +126 +127 +128 +129 +133 +134 +10 +135 +136
>CP017532_1
+1 +2 +3 +4 +5 +6 +8 +9 +10 +11 +15 +16 +18 +19 +20 +21 +22 +23 +24 +26 +27 +34 +36 +37 +38 +39 +40 +41 +42 +43 +44 +45 +46 +47 +51 +52 +53 +54 +58 +59 +60 +61 +62 +64 +65 -79 -74 -73 -72 -70 -69 -68 -67 -66 +84 +85 +86 +87 +88 +92 +93 +94 +95 +98 +99 +100 +101 +102 +103 +104 +105 +106 +107 +108 +109 +110 +111 +112 +113 +114 +115 +116 +117 +118 +120 +121 +122 +123 +124 +125 +129 +130 +132 +133 +126 +127 +128 +134 +135 +136
>CP017548_1
+1 +2 +3 +4 +5 +6 +8 +9 +10 +11 +15 +16 +18 +19 +20 +21 +22 +23 +24 +26 +27 +34 +36 +37 +38 +39 +40 +41 +42 +43 +44 +45 +46 +47 +51 +52 -85 -84 +66 +67 +68 +69 +70 +72 +73 +74 +79 -65 -64 -62 -61 -60 -59 -58 -54 -53 +86 +87 +88 +92 +93 +94 +95 +98 +99 +100 +101 +102 +103 +104 +105 +106 +107 +108 +109 +110 +111 +112 +113 +114 +115 +116 +117 +118 +120 +121 +122 +123 +124 +125 +126 +127 +128 +129 +130 +132 +133 +134 +135 +136
>CP017544_1
+1 +2 +3 +4 +5 +6 +8 +9 +10 +11 +15 +16 +18 +19 +20 +21 +22 +23 +24 +26 +27 +34 +36 +37 +38 +39 +40 +41 +42 +43 +44 +45 +46 +47 +51 +52 -85 -84 +66 +67 +68 +69 +70 +72 +73 +74 +79 -65 -64 -62 -61 -60 -59 -58 -54 -53 +86 +87 +88 +92 +93 +94 +95 +98 +99 +100 +101 +102 +103 +104 +105 +106 +107 +108 +109 +110 +111 +112 +113 +114 +115 +116 +117 +118 +120 +121 +122 +123 +124 +125 +126 +127 +128 +129 +130 +132 +133 +134 +135 +136
>CP006619_1
+1 +2 +3 +4 +5 +6 +8 +9 +10 +11 +15 +16 +18 +19 +20 +21 +22 +23 +24 +26 +27 +34 +36 +37 +38 +39 +40 +41 +42 +43 +44 +45 +46 +47 +51 +52 -85 -84 -79 -74 -73 -72 -70 -69 -68 -67 -66 -65 -64 -62 -61 -60 -59 -58 -54 -53 +86 +87 +88 +92 +93 +94 +95 +98 +99 +100 +101 +102 +103 +104 +105 +106 +107 +108 +109 +110 +111 +112 +113 +114 +115 +116 +117 +118 +120 +121 +122 +123 +124 +125 +126 +127 +128 +129 +130 +132 +133 +134 +135 +136
>CP017519_1
+1 +2 +3 +4 +5 +6 +8 +9 +10 +11 +15 +16 +18 +19 +20 +21 +22 +23 +24 +26 +27 +34 +36 +37 +38 +39 +40 +41 +42 +43 +44 +45 +46 +47 +51 +52 -85 -84 -79 -74 -73 -72 -70 -69 -68 -67 -66 -65 -64 -62 -61 -60 -59 -58 -54 -53 +86 +87 +88 +92 +93 +94 +95 +98 +99 +100 +101 +102 +103 +104 +105 +106 +107 +108 +109 +110 +111 +112 +113 +114 +115 +116 +117 +118 +120 +121 +122 +123 +124 +125 +126 +127 +128 +129 +130 +132 +133 +134 +135 +136
>CP006574_1
+1 +2 +3 +4 +5 +6 +8 +9 +10 +11 +15 +16 +18 +19 +20 +21 +22 +23 +24 +26 +27 +34 +36 +37 +38 +39 +40 +41 +42 +43 +44 +45 +46 +47 +51 +52 +53 +54 +58 +59 +60 +61 +62 +64 +65 -79 -74 -73 -72 -70 -69 -68 -67 -66 +84 +85 +86 +87 +88 +92 +93 +94 +95 +98 +99 +100 +101 +102 +103 +104 +105 +106 +107 +108 +109 +110 +111 +112 +113 +114 +115 +116 +117 +118 +120 +121 +122 +123 +124 +125 +126 +127 +128 +129 +130 +132 +133 +134 +135 +136
>CP011098_1
+1 +2 +3 +4 +5 +6 +8 +9 +10 +11 +15 +16 +18 +19 +20 +21 +22 +23 +24 +26 +27 +34 +36 +37 +38 +39 +40 +41 +42 +43 +44 +45 +46 +47 +51 +52 +53 +54 +58 +59 +60 +61 +62 +64 +65 +66 +67 +68 +69 +70 +72 +73 +74 +79 +84 +85 +86 +87 +88 +92 +93 +94 +95 +98 +99 +100 +101 +102 +103 +104 +105 +106 +107 +108 +109 +110 +111 +112 +113 +114 +115 +116 +117 +118 +120 +121 +122 +123 +124 +125 +126 +127 +128 +129 +130 +132 +133 +134 +135 +136
>CP017491_1
+1 +2 +3 +4 +5 +6 +8 +9 +10 +11 +15 +16 +18 +19 +20 +21 +22 +23 +24 +26 +27 +34 +36 +37 +38 +39 +40 +41 +42 +43 +44 +45 +46 +47 +51 +52 +53 +54 +58 +59 +60 +61 +62 +64 +65 +66 +67 +68 +69 +70 +72 +73 +74 +79 +84 +85 +86 +87 +88 +92 +93 +94 +95 +98 +99 +100 +101 +102 +103 +104 +105 +106 +107 +108 +109 +110 +111 +112 +113 +114 +115 +116 +117 +118 +120 +121 +122 +123 +124 +125 +126 +127 +128 +129 +130 +132 +133 +134 +135 +136
>CP017506_1
+1 +2 +3 +4 +5 +6 +8 +9 +10 +11 +15 +16 +18 +19 +20 +21 +22 +23 +24 +26 +27 +34 +36 +37 +38 +39 +40 +41 +42 +43 +44 +45 +46 +47 +51 +52 +53 +54 +58 +59 +60 +61 +62 +64 +65 +66 +67 +68 +69 +70 +72 +73 +74 +79 +84 +85 +86 +87 +88 +92 +93 +94 +95 +98 +99 +100 +101 +102 +103 +104 +105 +106 +107 +108 +109 +110 +111 +112 +113 +114 +115 +116 +117 +118 +120 +121 +122 +123 +124 +125 +126 +127 +128 +129 +130 +132 +133 +134 +135 +136
>CP017534_1
+1 +2 +3 +4 +5 +6 +8 +9 +10 +11 +15 +16 +18 +19 +20 +21 +22 +23 +24 +26 +27 +34 +36 +37 +38 +39 +40 +41 +42 +43 +44 +45 +46 +47 +51 +52 -85 -84 +66 +67 +68 +69 +70 +72 +73 +74 +79 -65 -64 -62 -61 -60 -59 -58 -54 -53 +86 +87 +88 +92 +93 +94 +95 +98 +99 +100 +101 +102 +103 +104 +105 +106 +107 +108 +109 +110 +111 +112 +113 +114 +115 +116 +117 +118 +120 +121 +122 +123 +124 +125 +126 +127 +128 +129 +130 +132 +133 +134 +135 +136
>CP005383_1
+1 +2 +3 +4 +5 +6 +8 +9 +10 +11 +15 +16 +18 +19 +20 +21 +22 +23 +24 +26 +27 +34 +36 +37 +38 +39 +40 +41 +42 +43 +44 +45 +46 +47 +51 +52 -85 -84 -79 -74 -73 -72 -70 -69 -68 -67 -66 -65 -64 -62 -61 -60 -59 -58 -54 -53 +86 +87 +88 +92 +93 +94 +95 +98 +99 +100 +101 +102 +103 +104 +105 +106 +107 +108 +109 +110 +111 +112 +113 +114 +115 +116 +117 +118 +120 +121 +122 +123 +124 +125 +126 +127 +128 +129 +130 +132 +133 +134 +135 +136
