>CP010058.1
+1 +2 +3 +4 +5 +6 +7 +10 +11 +12 +13 +14 +15 +16 +17 +18 +19 +20 +21 +22 +23 +24 +33 +36 +37 +38 +39 +40 +44 +45 +46 +47 +48 +49 +50 +52 +53 +54 +55 +56 +57 +58 +59 +60 +61 +66 +69 +70 +71 +72 +73 +74 +75 +79 +80 +82 +83 +84 +85 +86 +87 +88 +89 +90 +91 +92 +95 +96 +97 +98 +99 +100 +101 +102 +103 +104 +105 +108 +109 +119 +127 +131 +132 +133 +134 +135 +136 +137 +138 +139 +140 +141 +143 +144 +145 +146 +147 +148 +149 +150 +151 +152 +153 +154 +155 +158 +159 +160 +161 +162 +163 +164 +165 +166 +167 +168 +169 +170 +171 +172 +173 +175 +176 +177 +179 +180 +181 +182 +183 +184 +186 +187 +189 +190 +191 +192 +193 +194 +195 +196 +197 +198 +199 +200 +201 +202 +203 +204 +215 +216 +217 +219 +220 +224 +225 +226 +227 +228 +229 +230 +231 +232 +233 +234 +235 +236 +237 +244 +245 +246 +247 +248 +249 +250 +251 +252 +253 +254 +255 +256 +257 +258 +262 +263 +277 +279 +280 +281 +282 @
>CP012206.1
+10 +11 +12 +13 +14 +15 +16 +17 +18 +19 +20 +21 +22 +23 +24 -40 -39 -38 -37 -36 -33 +44 +45 +46 +47 +48 +49 +50 +52 +53 +54 +55 +56 +57 +58 +59 +60 +61 +66 +69 +70 +71 +72 +73 +74 +75 +79 +80 +82 +83 +84 +85 +86 +87 +88 +89 +90 +91 +92 +95 +96 +97 +98 +99 +100 +101 +102 +103 +104 +105 +108 +237 +109 +131 +132 +133 +134 +135 +136 +137 +138 +139 +140 +141 +143 +144 +145 +146 +147 +148 +149 +150 +151 +152 +153 +154 +155 +158 +159 +160 +161 +162 +163 +164 +165 +166 +167 +168 +169 +170 +171 +172 +173 +175 +176 +177 +179 +180 +181 +182 +183 +184 +186 +187 +189 +190 +191 +192 +193 +194 +195 +196 +197 +198 +199 +200 +201 +202 +203 +204 +215 +216 +219 +224 +225 +226 +227 +228 +229 +230 +231 +232 +233 +234 +235 +236 +244 +245 +246 +247 +248 +249 +250 +251 +252 +253 +254 +255 +256 +257 +258 +262 +263 +277 +279 +280 +281 +282 +1 +2 +3 +4 +5 +6 +7 @
>CP012210.1
+10 +11 +12 +13 +14 +15 +16 +17 +18 +19 +20 +21 +22 +23 +24 -40 -39 -38 -37 -36 -33 +44 +45 +46 +47 +48 +49 +50 +52 +53 +54 +55 +56 +57 +58 +59 +60 +61 +66 +69 +70 +82 +83 +84 +85 +86 +87 +88 +89 +90 +91 +92 +95 +96 +97 +98 +99 +100 +101 +102 +103 +104 +105 +108 +237 +109 +119 +127 +71 +72 +73 +74 +75 +79 +80 +131 +132 +133 +134 +135 +136 +137 +138 +139 +140 +141 +143 +144 +145 +146 +147 +148 +149 +150 +151 +152 +153 +154 +155 +158 +159 +160 +161 +162 +163 +164 +165 +166 +167 +168 +169 +170 +171 +172 +173 +175 +176 +177 +179 +180 +181 +182 +183 +184 +186 +187 +189 +190 +191 +192 +193 +194 +195 +196 +197 +198 +199 +200 +201 +202 +203 +204 +215 +216 +217 +219 +220 +224 +225 +226 +227 +228 +229 +230 +231 +232 +233 +234 +235 +236 +244 +245 +246 +247 +248 +249 +250 +251 +252 +253 +254 +255 +256 +257 +258 +262 +263 +277 +279 +280 +281 +282 +1 +2 +3 +4 +5 +6 +7 @
>CP007192.1
+1 +2 +3 +4 +5 +6 +7 +10 +11 +12 +13 +14 +15 +16 +17 +18 +19 +20 +21 +22 +23 +24 -40 -39 -38 -37 -36 -33 +44 +45 +46 +47 +48 +49 +50 +52 +53 +54 +55 +56 +57 +58 +59 +60 +61 +66 +69 +70 +71 +72 +73 +74 +75 +79 +80 +82 +83 +84 +85 +86 +87 +88 +89 +90 +91 +92 +95 +96 +97 +98 +99 +100 +101 +102 +103 +104 +105 +108 +109 +119 +127 +131 +132 +133 +134 +135 +136 +137 +138 +139 +140 +141 +143 +144 +145 +146 +147 +148 +149 +150 +151 +152 +153 +154 +155 +158 +159 +160 +161 +162 +163 +164 +165 +166 +167 +168 +169 +170 +171 +172 +173 +175 +176 +177 +179 +180 +181 +182 +183 +184 +186 +187 +189 +190 +191 +192 +193 +194 +195 +196 +197 +198 +199 +200 +201 +202 +203 +204 +215 +216 +217 +219 +220 +224 +225 +226 +227 +228 +229 +230 +231 +232 +233 +234 +235 +236 +237 +244 +245 +246 +247 +248 +249 +250 +251 +252 +253 +254 +255 +256 +257 +258 +262 +263 +277 +279 +280 +281 +282 @
>CP007193.1
+1 +2 +3 +4 +5 +6 +7 +10 +11 +12 +13 +14 +15 +16 +17 +18 +19 +20 +21 +22 +23 +24 -40 -39 -38 -37 -36 -33 +44 +45 +46 +47 +48 +49 +50 +52 +53 +54 +55 +56 +57 +58 +59 +60 +61 +66 +69 +70 +71 +72 +73 +74 +75 +79 +80 +82 +83 +84 +85 +86 +87 +88 +89 +90 +91 +92 +95 +96 +97 +98 +99 +100 +101 +102 +103 +104 +105 +108 +109 +119 +127 +131 +132 +133 +134 +135 +136 +137 +138 +139 +140 +141 +143 +144 +145 +146 +147 +148 +149 +150 +151 +152 +153 +154 +155 +158 +159 +160 +161 +162 +163 +164 +165 +166 +167 +168 +169 +170 +171 +172 +173 +175 +176 +177 +179 +180 +181 +182 +183 +184 +186 +187 +189 +190 +191 +192 +193 +194 +195 +196 +197 +198 +199 +200 +201 +202 +203 +204 +215 +216 +217 +219 +220 +224 +225 +226 +227 +228 +229 +230 +231 +232 +233 +234 +235 +236 +237 +244 +245 +246 +247 +248 +249 +250 +251 +252 +253 +254 +255 +256 +257 +258 +262 +263 +277 +279 +280 +281 +282 @
>CP014742.1
+262 +263 +277 +279 +280 +281 +282 +1 +2 +3 +4 +5 +6 +7 +10 +11 +12 +13 +14 +15 +16 +17 +18 +19 +20 +21 +22 +23 +24 -40 -39 -38 -37 -36 -33 +44 +45 +46 +47 +48 +49 +50 +52 +53 +54 +55 +56 +57 +58 +59 +60 +61 +66 +69 +70 +71 +72 +73 +74 +75 +79 +80 +82 +83 +84 +85 +86 +87 +88 +89 +90 +91 +92 +95 +96 +97 +98 +99 +100 +101 +102 +103 +104 +105 +108 +109 +119 +127 +131 +132 +133 +134 +135 +136 +137 +138 +139 +140 +141 +143 +144 +145 +146 +147 +148 +149 +150 +151 +152 +153 +154 +155 +158 +159 +160 +161 +162 +163 +164 +165 +166 +167 +168 +169 +170 +171 +172 +173 +175 +176 +177 +179 +180 +181 +182 +183 +184 +186 +187 +189 +190 +191 +192 +193 +194 +195 +196 +197 +198 +199 +200 +201 +202 +203 +204 +215 +216 +217 +219 +220 +224 +225 +226 +227 +228 +229 +230 +231 +232 +233 +234 +235 +236 +237 +244 +245 +246 +247 +248 +249 +250 +251 +252 +253 +254 +255 +256 +257 +258 @
>CP014744.1
+1 +2 +3 +4 +5 +6 +7 +10 +11 +12 +13 +14 +15 +16 +17 +18 +19 +20 +21 +22 +23 +24 -40 -39 -38 -37 -36 -33 +44 +45 +46 +47 +48 +49 +50 +52 +53 +54 +55 +56 +57 +58 +59 +60 +61 +66 +69 +70 +71 +72 +73 +74 +75 +79 +80 +82 +83 +84 +85 +86 +87 +88 +89 +90 +91 +92 +98 +99 +100 +101 +102 +103 +104 +105 +108 +109 +119 +127 -237 -236 -235 -234 -233 -232 +131 +132 +133 +134 +135 +136 +137 +138 +139 +140 +141 +143 +144 +146 +147 +148 +149 +150 +151 +152 +153 +154 +155 +158 +159 +160 +161 +162 +163 +164 +165 +166 +167 +168 +169 +170 +171 +172 +173 +175 +176 +177 +179 +180 +181 +182 +183 +184 +186 +187 +189 +190 +191 +192 +193 +194 +195 +196 +197 +198 +199 +200 +201 +202 +203 +204 +215 +216 +217 +219 +220 +224 +225 +226 +227 +228 +229 +230 +231 +244 +245 +246 +247 +248 +249 +250 +251 +252 +253 +254 +255 +256 +257 +258 +262 +263 +277 +279 +280 +281 +282 @
>CP012214.1
-40 -39 -38 -37 -36 -33 +10 +11 +12 +13 +14 +15 +16 +17 +18 +19 +20 +21 +22 +23 +24 +44 +45 +46 +47 +48 +49 +50 +52 +53 +54 +55 +56 +57 +58 +59 +60 +61 +66 +69 +70 +71 +72 +73 +74 +75 +79 +80 +82 +83 +84 +85 +86 +87 +88 +89 +90 +91 +92 +95 +96 +97 +98 +99 +100 +101 +102 +103 +104 +105 +108 +109 +119 +127 +131 +132 +133 +134 +135 +136 +137 +138 +139 +140 +141 +143 +144 +145 +146 +147 +148 +149 +150 +151 +152 +153 +154 +155 +158 +159 +160 +161 +162 +163 +164 +165 +166 +167 +168 +169 +170 +171 +172 +173 +175 +176 +177 +179 +180 +181 +182 +183 +184 +186 +187 +189 +190 +191 +192 +193 +194 +195 +196 +197 +198 +199 +200 +201 +202 +203 +204 +215 +216 +217 +219 +220 +224 +225 +226 +227 +228 +229 +230 +231 +232 +233 +234 +235 +236 +237 +244 +245 +246 +247 +248 +249 +250 +251 +252 +253 +254 +255 +256 +257 +258 +262 +263 +277 +279 +280 +281 +282 +1 +2 +3 +4 +5 +6 +7 @
>CP012220.1
+10 +11 +13 +14 +15 +16 +17 +18 +19 +20 +21 +22 +23 +24 -40 -39 -38 -37 -36 -33 +44 +45 +46 +47 +48 +50 +52 +53 +54 +55 +56 +57 +58 +59 +60 +61 +66 +69 +70 +71 +72 +73 +74 +75 +79 +80 +82 +83 +84 +85 +86 +87 +88 +89 +90 +91 +92 +95 +96 +97 +98 +99 +100 +101 +102 +103 +104 +105 +108 +109 +131 +132 +133 +134 +135 +136 -139 -138 -137 +140 +141 +143 +144 +145 +146 +147 +148 +149 +150 +151 +152 +153 +154 +155 +158 +159 +160 +161 +162 +163 +164 +165 +166 +167 +168 +169 +170 +171 +172 +173 +175 +176 +177 +179 +180 +181 +182 +183 +184 +186 +187 +189 +190 +191 +192 +193 +194 +196 +197 +198 +199 +200 +201 +202 +203 +204 +215 +216 +217 +219 +220 +224 +225 +226 +227 +228 +229 +230 +231 +232 +233 +234 +235 +236 +237 +244 +245 +246 +247 +248 +249 +250 +251 +252 +253 +254 +255 +256 +257 +258 +262 +263 +277 +279 +280 +281 +282 +1 +2 +3 +4 +5 +6 +7 @
>CP000814.1
+1 +2 +3 +4 +5 +6 +7 +10 +11 +12 +13 +14 +15 +16 +17 +18 +19 +20 +21 +22 +23 +24 -40 -39 -38 -37 -36 -33 +44 +45 +46 +47 +48 +49 +50 +52 +53 +54 +55 +56 +57 +58 +59 +60 +61 +66 +69 +70 +71 +72 +73 +74 +75 +79 +80 +82 +83 +84 +85 +86 +87 +88 +89 +90 +91 +92 +95 +96 +97 +98 +99 +100 +101 +102 +103 +104 +105 +108 +237 +109 +119 +127 +131 +132 +133 +134 +135 +136 +137 +138 +139 +140 +141 +143 +144 +145 +146 +147 +148 +149 +150 +151 +152 +153 +154 +155 +158 +159 +160 +161 +162 +163 +164 +165 +166 +167 +168 +169 +170 +171 +172 +173 +175 +176 +177 +179 +180 +181 +182 +183 +184 +186 +187 +189 +190 +191 +192 +193 +194 +195 +196 +197 +198 +199 +200 +201 +202 +203 +204 +215 +216 +219 +224 +225 +226 +227 +228 +229 +230 +231 +232 +233 +234 +235 +236 +244 +245 +246 +247 +248 +249 +250 +251 +252 +253 +254 +255 +256 +257 +258 +262 +263 +277 +279 +280 +281 +282 @
>CP000025.1
+1 +2 +3 +4 +5 +6 +7 +10 +11 +12 +13 +14 +15 +16 +17 +18 +19 +20 +21 +22 +23 +24 -40 -39 -38 -37 -36 -33 +44 +45 +46 +47 +48 +49 +50 +52 +53 +54 +55 +56 +57 +58 +59 +60 +61 +66 +69 +70 +71 +72 +73 +74 +75 +79 +80 +82 +83 +84 +85 +86 +87 +88 +89 +90 +91 +92 +95 +96 +97 +98 +99 +100 +101 +102 +103 +104 +105 +108 +109 +119 +127 +131 +132 +133 +134 +135 +136 +137 +138 +139 +140 +141 +143 +144 +145 +146 +147 +148 +149 +150 +151 +152 +153 +154 +155 +158 +159 +160 +161 +162 +163 +164 +165 +166 +167 +168 +169 +170 +171 +172 +173 +175 +176 +177 +179 +180 +181 +182 +183 +184 +186 +187 +189 +190 +191 +192 +193 +194 +195 +196 +197 +198 +199 +200 +201 +202 +203 +204 +215 +216 +217 +219 +220 +224 +225 +226 +227 +228 +229 +230 +231 +232 +233 +234 +235 +236 +244 +245 +246 +247 +248 +249 +250 +251 +252 +253 +254 +255 +256 +257 +258 +262 +263 +277 +279 +280 +281 +282 @
>CM000854.1
+279 +280 +281 +1 +2 +3 +4 +5 +6 +7 +10 +11 +12 +13 +14 +15 +16 +17 +18 +19 +20 +21 +22 +23 +24 -40 -39 -38 -37 -36 -33 +44 +45 +46 +47 +50 +52 +53 +54 +55 +56 +57 +58 +59 +60 +61 +66 +69 +70 +71 +72 +73 +74 +75 +79 +80 +82 +83 +84 +85 +86 +87 +89 +90 +91 +92 +96 +97 +98 +99 +100 +101 +102 +103 +104 +105 +108 +109 +131 +132 +133 +134 +135 +136 +137 +138 +139 +140 +141 +143 +144 +145 +146 +147 +148 +149 +150 +151 +152 +153 +154 +155 +158 +159 +160 +161 +162 +163 +164 +165 +166 +167 +168 +169 +170 +171 +172 +173 +175 +176 +177 +179 +180 +181 +182 +183 +184 +186 +187 +189 +190 +191 +192 +193 +194 +196 +197 +198 +199 +200 +201 +202 +203 +204 +215 +216 +217 +219 +224 +225 +226 +227 +228 +229 +230 +231 +232 +233 +234 +235 +236 +244 +245 +246 +247 +248 +249 +250 +251 +252 +253 +254 +255 +256 +257 +258 +262 +263 +277 @
>CP006687.1
+1 +2 +3 +4 +5 +6 +7 +10 +11 +12 +13 +14 +15 +16 +17 +18 +19 +20 +21 +22 +23 +24 -40 -39 -38 -37 -36 -33 +44 +45 +46 +47 +48 +49 +50 +52 +53 +54 +55 +56 +57 +58 +59 +60 +61 +66 +69 +70 +71 +72 +73 +74 +75 +79 +80 +82 +83 +84 +85 +86 +87 +88 +89 +90 +91 +92 +95 +96 +97 +98 +99 +100 +101 +102 +103 +104 +105 +108 +109 +119 +127 +131 +132 +133 +134 +135 +136 +137 +138 +139 +140 +141 +143 +144 +145 +146 +147 +148 +149 +150 +151 +152 +153 +154 +155 +158 +159 +160 +161 +162 +163 +164 +165 +166 +167 +168 +169 +170 +171 +172 +173 +175 +176 +177 +179 +180 +181 +182 +183 +184 +186 +187 +189 +190 +191 +192 +193 +194 +195 +196 +197 +198 +199 +200 +201 +202 +203 +204 +215 +216 +217 +219 +220 +224 +225 +226 +227 +228 +229 +230 +231 +232 +233 +234 +235 +236 +237 +244 +245 +246 +247 +248 +249 +250 +251 +252 +253 +254 +255 +256 +257 +258 +262 +263 +277 +279 +280 +281 +282 @
>CP006688.1
+1 +2 +3 +4 +5 +6 +7 +10 +11 +12 +13 +14 +15 +16 +17 +18 +19 +20 +21 +22 +23 +24 -40 -39 -38 -37 -36 -33 +44 +45 +46 +47 +48 +49 +50 +52 +53 +54 +55 +56 +57 +58 +59 +60 +61 +66 +69 +70 +71 +72 +73 +74 +75 +79 +80 +82 +83 +84 +85 +86 +87 +88 +89 +90 +91 +92 +95 +96 +97 +98 +99 +100 +101 +102 +103 +104 +105 +108 +109 +119 +127 +131 +132 +133 +134 +135 +136 +137 +138 +139 +140 +141 +143 +144 +145 +146 +147 +148 +149 +150 +151 +152 +153 +154 +155 +158 +159 +160 +161 +162 +163 +164 +165 +166 +167 +168 +169 +170 +171 +172 +173 +175 +176 +177 +179 +180 +181 +182 +183 +184 +186 +187 +189 +190 +191 +192 +193 +194 +195 +196 +197 +198 +199 +200 +201 +202 +203 +204 +215 +216 +217 +219 +220 +224 +225 +226 +227 +228 +229 +230 +231 +232 +233 +234 +235 +236 +237 +244 +245 +246 +247 +248 +249 +250 +251 +252 +253 +254 +255 +256 +257 +258 +262 +263 +277 +279 +280 +281 +282 @
>CP006709.2
+1 +2 +3 +4 +5 +6 +7 +10 +11 +12 +13 +14 +15 +16 +17 +18 +19 +20 +21 +22 +23 +24 +33 +36 +37 +38 +39 +40 +44 +45 +46 +47 +48 +49 +50 +52 +53 +54 +55 +56 +57 +58 +59 +60 +61 +66 +69 +70 +71 +72 +73 +74 +75 +79 +80 +82 +83 +84 +85 +86 +87 +88 +89 +90 +91 +92 +95 +96 +97 +98 +99 +100 +101 +102 +103 +104 +105 +108 +109 +119 +127 +131 +132 +133 +134 +135 +136 +137 +138 +139 +140 +141 +143 +144 +145 +146 +147 +148 +149 +150 +151 +152 +153 +154 +155 +158 +159 +160 +161 +162 +163 +164 +165 +166 +167 +168 +169 +170 +171 +172 +173 +175 +176 +177 +179 +180 +181 +182 +183 +184 +186 +187 +189 +190 +191 +192 +193 +194 +195 +196 +197 +198 +199 +200 +201 +202 +203 +204 +215 +216 +217 +219 +220 +224 +225 +226 +227 +228 +229 +230 +231 +232 +233 +234 +235 +236 +237 +244 +245 +246 +247 +248 +249 +250 +251 +252 +253 +254 +255 +256 +257 +258 +262 +263 +277 +279 +280 +281 +282 @
>CP006851.1
+1 +2 +3 +4 +5 +6 +7 +10 +11 +12 +13 +14 +15 +16 +17 +18 +19 +20 +21 +22 +23 +24 -40 -39 -38 -37 -36 -33 +44 +45 +46 +47 +48 +49 +50 +52 +53 +54 +55 +56 +57 +58 +59 +60 +61 +66 +69 +70 +71 +72 +73 +74 +75 +79 +80 +82 +83 +84 +85 +86 +87 +88 +89 +90 +91 +92 +95 +96 +97 +98 +99 +100 +101 +102 +103 +104 +105 +108 +109 +119 +127 +131 +132 +133 +134 +135 +136 +137 +138 +139 +140 +141 +143 +144 +145 +146 +147 +148 +149 +150 +151 +152 +153 +154 +155 +158 +159 +160 +161 +162 +163 +164 +165 +166 +167 +168 +169 +170 +171 +172 +173 +175 +176 +177 +179 +180 +181 +182 +183 +184 +186 +187 +189 +190 +191 +192 +193 +194 +195 +196 +197 +198 +199 +200 +201 +202 +203 +204 +215 +216 +217 +219 +224 +225 +226 +227 +228 +229 +230 +231 +232 +233 +234 +235 +236 +237 +244 +245 +246 +247 +248 +249 +250 +251 +252 +253 +254 +255 +256 +257 +258 +262 +263 +277 +279 +280 +281 +282 @
>CP007188.1
+1 +2 +3 +4 +5 +6 +7 +10 +11 +12 +13 +14 +15 +16 +17 +18 +19 +20 +21 +22 +23 +24 -40 -39 -38 -37 -36 -33 +44 +45 +46 +47 +48 +49 +50 +52 +53 +54 +55 +56 +57 +58 +59 +60 +61 +66 +69 +70 +71 +72 +73 +74 +75 +79 +80 +82 +83 +84 +85 +86 +87 +88 +89 +90 +91 +92 +95 +96 +97 +98 +99 +100 +101 +102 +103 +104 +105 +108 +109 +119 +127 +131 +132 +133 +134 +135 +136 +137 +138 +139 +140 +141 +143 +144 +145 +146 +147 +148 +149 +150 +151 +152 +153 +154 +155 +158 +159 +160 +161 +162 +163 +164 +165 +166 +167 +168 +169 +170 +171 +172 +173 +175 +176 +177 +179 +180 +181 +182 +183 +184 +186 +187 +189 +190 +191 +192 +193 +194 +195 +196 +197 +198 +199 +200 +201 +202 +203 +204 +215 +216 +217 +219 +220 +224 +225 +226 +227 +228 +229 +230 +231 +232 +233 +234 +235 +236 +237 +244 +245 +246 +247 +248 +249 +250 +251 +252 +253 +254 +255 +256 +257 +258 +262 +263 +277 +279 +280 +281 +282 @
>CP007189.1
+1 +2 +3 +4 +5 +6 +7 +10 +11 +12 +13 +14 +15 +16 +17 +18 +19 +20 +21 +22 +23 +24 -40 -39 -38 -37 -36 -33 +44 +45 +46 +47 +48 +49 +50 +52 +53 +54 +55 +56 +57 +58 +59 +60 +61 +66 +69 +70 +71 +72 +73 +74 +75 +79 +80 +82 +83 +84 +85 +86 +87 +88 +89 +90 +91 +92 +95 +96 +97 +98 +99 +100 +101 +102 +103 +104 +105 +108 +237 +109 +131 +132 +133 +134 +135 +136 +137 +138 +139 +140 +141 +143 +144 +145 +146 +147 +148 +149 +150 +151 +152 +153 +154 +155 +158 +159 +160 +161 +162 +163 +164 +165 +166 +167 +168 +169 +170 +171 +172 +173 +175 +176 +177 +179 +180 +181 +182 +183 +184 +186 +187 +189 +190 +191 +192 +193 +194 +195 +196 +197 +198 +199 +200 +201 +202 +203 +204 +215 +216 +217 +219 +220 +224 +225 +226 +227 +228 +229 +230 +231 +232 +233 +234 +235 +236 +244 +245 +246 +247 +248 +249 +250 +251 +252 +253 +254 +255 +256 +257 +258 +262 +263 +277 +279 +280 +281 +282 @
>CP053659.1
+1 +2 +3 +4 +5 +6 +7 +10 +11 +12 +13 +14 +15 +16 +17 +18 +19 +20 +21 +22 +23 +24 -40 -39 -38 -37 -36 -33 +44 +45 +46 +47 +48 +49 +50 +52 +53 +54 +55 +56 +57 +58 +59 +60 +61 +66 +69 +70 +71 +72 +73 +74 +75 +79 +80 +82 +83 +84 +85 +86 +87 +88 +89 +90 +91 +92 +95 +96 +97 +98 +99 +100 +101 +102 +103 +104 +105 +108 +109 +119 +127 +131 +132 +133 +134 +135 +136 +137 +138 +139 +140 +141 +143 +144 +145 +146 +147 +148 +149 +150 +151 +152 +153 +154 +155 +158 +159 +160 +161 +162 +163 +164 +165 +166 +167 +168 +169 +170 +171 +172 +173 +175 +176 +177 +179 +180 +181 +182 +183 +184 +186 +187 +189 +190 +191 +192 +193 +194 +195 +196 +197 +198 +199 +200 +201 +202 +203 +204 +215 +216 +217 +219 +220 +224 +225 +226 +227 +228 +229 +230 +231 +232 +233 +234 +235 +236 +237 -245 -244 +246 +247 +248 +249 +250 +251 +252 +253 +254 +255 +256 +257 +258 +262 +263 +277 +279 +280 +281 +282 @
>CP007191.1
+1 +2 +3 +4 +5 +6 +7 +10 +11 +12 +13 +14 +15 +16 +17 +18 +19 +20 +21 +22 +23 +24 -40 -39 -38 -37 -36 -33 +44 +45 +46 +47 +48 +49 +50 +52 +53 +54 +55 +56 +57 +58 +59 +60 +61 +66 +69 +70 +71 +72 +73 +74 +75 +79 +80 +82 +83 +84 +85 +86 +87 +88 +89 +90 +91 +92 +95 +96 +97 +98 +99 +100 +101 +102 +103 +104 +105 +108 +109 +119 +127 +131 +132 +133 +134 +135 +136 +137 +138 +139 +140 +141 +143 +144 +145 +146 +147 +148 +149 +150 +151 +152 +153 +154 +155 +158 +159 +160 +161 +162 +163 +164 +165 +166 +167 +168 +169 +170 +171 +172 +173 +175 +176 +177 +179 +180 +181 +182 +183 +184 +186 +187 +189 +190 +191 +192 +193 +194 +195 +196 +197 +198 +199 +200 +201 +202 +203 +204 +215 +216 +217 +219 +220 +224 +225 +226 +227 +228 +229 +230 +231 +232 +233 +234 +235 +236 +237 +244 +245 +246 +247 +248 +249 +250 +251 +252 +253 +254 +255 +256 +257 +258 +262 +263 +277 +279 +280 +281 +282 @
>CP012217.1
+10 +11 +12 +13 +14 +15 +16 +17 +18 +19 +20 +21 +22 +23 +24 -40 -39 -38 -37 -36 -33 +44 +45 +46 +47 +48 +49 +50 +52 +53 +54 +55 +56 +57 +58 +59 +60 +61 +66 +69 +70 +262 +263 +277 +279 +280 +281 +282 +1 +2 +3 +4 +5 +6 +7 +71 +72 +73 +74 +75 +79 +80 +82 +83 +84 +85 +86 +87 +88 +89 +90 +91 +92 +95 +96 +97 +98 +99 +100 +101 +102 +103 +104 +105 +108 +109 +119 +127 +131 +132 +133 +134 +135 +136 +137 +138 +139 +140 +141 +143 +144 +145 +146 +147 +148 +149 +150 +151 +152 +153 +154 +155 +158 +159 +160 +161 +162 +163 +164 +165 +166 +167 +168 +169 +170 +171 +172 +173 +175 +176 +177 +179 +180 +181 +182 +183 +184 +186 +187 +189 +190 +191 +192 +193 +194 +195 +196 +197 +198 +199 +200 +201 +202 +203 +204 +215 +216 +217 +219 +220 +224 +225 +226 +227 +228 +229 +230 +231 +232 +233 +234 +235 +236 +237 +244 +245 +246 +247 +248 +249 +250 +251 +252 +253 +254 +255 +256 +257 +258 @
>LR134502.1
+1 +2 +3 +4 +5 +6 +7 +10 +11 +12 +13 +14 +15 +16 +17 +18 +19 +20 +21 +22 +23 +24 -40 -39 -38 -37 -36 -33 +44 +45 +46 +47 +48 +50 +52 +53 +54 +55 +56 +57 +58 +59 +60 +61 +66 +69 +70 +71 +72 +73 +74 +75 +79 +80 +82 +83 +84 +85 +86 +87 +88 +89 +90 +91 +92 +95 +96 +97 +98 +99 +100 +101 +102 +103 +104 +105 +108 +237 +109 +131 +132 +133 +134 +135 +136 +137 +138 +139 +140 +141 +143 +144 +145 +146 +147 +148 +149 +150 +151 +152 +153 +154 +155 +158 +159 +160 +161 +162 +163 +164 +165 +166 +167 +168 +169 +170 +171 +172 +173 +175 +176 +177 +179 +180 +181 +182 +183 +184 +186 +187 +189 +190 +191 +192 +193 +194 +195 +196 +197 +198 +199 +200 +201 +202 +203 +204 +215 +216 +217 +219 +220 +224 +225 +226 +227 +228 +229 +230 +231 +232 +233 +234 +235 +236 +244 +245 -247 -246 +248 +249 +250 +251 +252 +253 +254 +255 +256 +257 +258 +262 +263 +277 +279 +280 +281 +282 @
>CP012221.1
+10 +11 +12 +13 +14 +15 +16 +17 +18 +19 +20 +21 +22 +23 +24 -40 -39 -38 -37 -36 -33 +44 +45 +46 +47 +48 +49 +50 +52 +53 +54 +55 +56 +57 +58 +59 +60 +61 +66 +69 +70 +71 +72 +73 +74 +75 +79 +80 +82 +83 +84 +85 +86 +87 +88 +89 +90 +91 +92 +95 +96 +97 +98 +99 +100 +101 +102 +103 +104 +105 +108 +109 +119 +127 +131 +132 +133 +134 +135 +136 +137 +138 +139 +140 +141 +143 +144 +145 +146 +147 +148 +149 +150 +151 +152 +153 +154 +155 +158 +159 +160 +161 +162 +163 +164 +165 +166 +167 +168 +169 +170 +171 +172 +173 +175 +176 +177 +179 +180 +181 +182 +183 +184 +186 +187 +189 +190 +191 +192 +193 +194 +195 +196 +197 +198 +199 +200 +201 +202 +203 +204 +215 +216 +217 +219 +220 +224 +225 +226 +227 +228 +229 +230 +231 +232 +233 +234 +235 +236 +237 +244 +245 +246 +247 +248 +249 +250 +251 +252 +253 +254 +255 +256 +257 +258 +262 +263 +277 +279 +280 +281 +282 +1 +2 +3 +4 +5 +6 +7 @
>CP017860.1
+10 +11 +12 +13 +14 +15 +16 +17 +18 +19 +20 +21 +22 +23 +24 -40 -39 -38 -37 -36 -33 +44 +45 +46 +47 +48 +49 +50 +52 +53 +54 +55 +56 +57 +58 +59 +60 +61 +66 +69 +70 +71 +72 +73 +74 +75 +79 +80 +82 +83 +84 +85 +86 +87 +88 +89 +90 +91 +92 +95 +96 +97 +98 +99 +100 +101 +102 +103 +104 +105 +108 +109 +119 +127 +131 +132 +133 +134 +135 +136 +137 +138 +139 +140 +141 +143 +144 +145 +146 +147 +148 +149 +150 +151 +152 +153 +154 +155 +158 +159 +160 +161 +162 +163 +164 +165 +166 +167 +168 +169 +170 +171 +172 +173 +175 +176 +177 +179 +180 +181 +182 +183 +184 +186 +187 +189 +190 +191 +192 +193 +194 +195 +196 +197 +198 +199 +200 +201 +202 +203 +204 +215 +216 +217 +219 +220 +224 +225 +226 +227 +228 +229 +230 +231 +232 +233 +234 +235 +236 +237 +244 +245 +246 +247 +248 +249 +250 +251 +252 +253 +254 +255 +256 +257 +258 +262 +263 +277 +279 +280 +281 +282 +1 +2 +3 +4 +5 +6 +7 @
>CP019965.1
+1 +2 +3 +4 +5 +6 +7 +10 +11 +12 +13 +14 +15 +16 +17 +18 +19 +20 +21 +22 +23 +24 -40 -39 -38 -37 -36 -33 +44 +45 +46 +47 +48 +49 +50 +52 +53 +54 +55 +56 +57 +58 +59 +60 +61 +66 +69 +70 +71 +72 +73 +74 +75 +79 +80 +82 +83 +84 +85 +86 +87 +88 +89 +90 +91 +92 +95 +96 +97 +98 +99 +100 +101 +102 +103 +104 +105 +108 +109 +119 +127 +131 +132 +133 +134 +135 +136 +137 +138 +139 +140 +141 +143 +144 +145 +146 +147 +148 +149 +150 +151 +152 +153 +154 +155 +158 +159 +160 +161 +162 +163 +164 +165 +166 +167 +168 +169 +170 +171 +172 +173 +175 +176 +177 +179 +180 +181 +182 +183 +184 +186 +187 +189 +190 +191 +192 +193 +194 +195 +196 +197 +198 +199 +200 +201 +202 +203 +204 +215 +216 +217 +219 +220 +224 +225 +226 +227 +228 +229 +230 +231 +232 +233 +234 +235 +236 +237 +244 +245 +246 +247 +248 +249 +250 +251 +252 +253 +254 +255 +256 +257 +258 +262 +263 +277 +279 +280 +281 +282 @
>CP019838.1
+66 +69 +70 +71 +72 +73 +74 +75 +79 +80 +82 +83 +84 +85 +86 +87 +88 +90 +91 +92 +95 +96 +97 +98 +99 +100 +101 +102 +103 +104 +105 +108 +109 +119 +127 +131 +132 +133 +134 +135 +136 +137 +138 +139 +140 +141 +143 +144 +145 +146 +147 +148 +149 +150 +151 +152 +153 +154 +155 +158 +159 +160 +161 +162 +163 +164 +165 +166 +167 +168 +169 +171 +172 +173 +175 +176 +177 +179 +180 +181 +182 +183 +184 +186 +187 +189 +190 +191 +192 +193 +194 +195 +196 +197 +198 +199 +200 +201 +202 +203 +204 +215 +216 +217 +219 +220 +224 +225 +226 +227 +228 +229 +230 +231 +232 +233 +234 +235 +236 +237 +244 +245 +246 +247 +248 +249 +250 +251 +252 +253 +254 +255 +256 +257 +258 +262 +263 +277 +279 +280 +281 +282 +1 +2 +3 +4 +5 +6 +7 +10 +11 +12 +13 +14 +15 +16 +17 +18 +19 +20 +21 +22 +23 +24 -40 -39 -38 -37 -36 -33 +44 +45 +46 +47 +48 +50 +52 +53 +54 +55 +56 +57 +58 +59 +60 +61 @
>CP012696.1
+1 +2 +3 +4 +5 +6 +7 +10 +11 +12 +13 +14 +15 +16 +17 +18 +19 +20 +21 +22 +23 +24 -40 -39 -38 -37 -36 -33 +44 +45 +46 +47 +48 +49 +50 +52 +53 +54 +55 +56 +57 +58 +59 +60 +61 +66 +69 +70 +71 +72 +73 +74 +75 +79 +80 +82 +83 +84 +85 +86 +87 +88 +89 +90 +91 +92 +95 +96 +97 +98 +99 +100 +101 +102 +103 +104 +105 +108 +109 +119 +127 +131 +132 +133 +134 +135 +136 +137 +138 +139 +140 +141 +143 +144 +145 +146 +147 +148 +149 +150 +151 +152 +153 +154 +155 +158 +159 +160 +161 +162 +163 +164 +165 +166 +167 +168 +169 +170 +171 +172 +173 +175 +176 +177 +179 +180 +181 +182 +183 +184 +186 +187 +189 +190 +191 +192 +193 +194 +195 +196 +197 +198 +199 +200 +201 +202 +203 +204 +215 +216 +217 +219 +220 +224 +225 +226 +227 +228 +229 +230 +231 +232 +233 +234 +235 +236 +237 +244 +245 +246 +247 +248 +249 +250 +251 +252 +253 +254 +255 +256 +257 +258 +262 +263 +277 +279 +280 +281 +282 @
>CP028912.1
+1 +2 +3 +4 +5 +6 +7 +10 +11 +12 +13 +14 +15 +16 +17 +18 +19 +20 +21 +22 +23 +24 -40 -39 -38 -37 -36 -33 +44 +45 +46 +47 +48 +49 +50 +52 +53 +54 +55 +56 +57 +58 +59 +60 +61 +66 +69 +70 +71 +72 +73 +74 +75 +79 +80 +82 +83 +84 +85 +86 +87 +88 +89 +90 +91 +92 +95 +96 +97 +98 +99 +100 +101 +102 +103 +104 +105 +108 +109 +119 +127 +131 +132 +133 +134 +135 +136 +137 +138 +139 +140 +141 +143 +144 +145 +146 +147 +148 +149 +150 +151 +152 +153 +154 +155 +158 +159 +160 +161 +162 +163 +164 +165 +166 +167 +168 +169 +170 +171 +172 +173 +175 +176 +177 +179 +180 +181 +182 +183 +184 +186 +187 +189 +190 +191 +192 +193 +194 +195 +196 +197 +198 +199 +200 +201 +202 +203 +204 +215 +216 +217 +219 +220 +224 +225 +226 +227 +228 +229 +230 +231 +232 +233 +234 +235 +236 +237 +244 +245 +246 +247 +248 +249 +250 +251 +252 +253 +254 +255 +256 +257 +258 +262 +263 +277 +279 +280 +281 +282 @
>CP020776.1
+1 +2 +3 +4 +5 +6 +7 +10 +11 +12 +13 +14 +15 +16 +17 +18 +19 +20 +21 +22 +23 +24 +33 +36 +37 +38 +39 +40 +44 +45 +46 +47 +48 +49 +50 +52 +53 +54 +55 +56 +57 +58 +59 +60 +61 +66 +69 +70 +71 +72 +73 +74 +75 +79 +80 +82 +83 +84 +85 +86 +87 +88 +89 +90 +91 +92 +95 +96 +97 +98 +99 +100 +101 +102 +103 +104 +105 +108 +109 +119 +127 +131 +132 +133 +134 +135 +136 +137 +138 +139 +140 +141 +143 +144 +145 +146 +147 +148 +149 +150 +151 +152 +153 +154 +155 +158 +159 +160 +161 +162 +163 +164 +165 +166 +167 +168 +169 +170 +171 +172 +173 +175 +176 +177 +179 +180 +181 +182 +183 +184 +186 +187 +189 +190 +191 +192 +193 +194 +195 +196 +197 +198 +199 +200 +201 +202 +203 +204 +215 +216 +217 +219 +220 +224 +225 +226 +227 +228 +229 +230 +231 +232 +233 +234 +235 +236 +237 +244 +245 +246 +247 +248 +249 +250 +251 +252 +253 +254 +255 +256 +257 +258 +262 +263 +277 +279 +280 +281 +282 @
>CP000768.1
+1 +2 +4 +5 +6 +7 +10 +11 +12 +13 +14 +15 +16 +18 +19 +21 +22 +23 +24 -40 -39 -38 -37 -36 -33 -233 -232 -231 -230 -229 -228 -227 -226 -224 -220 -219 -217 -216 -215 -204 -203 -202 -201 -200 -199 -198 -197 -196 -195 -194 -193 -192 -191 -190 -189 -187 -186 -184 -183 -182 -181 -180 -179 -177 -176 -175 -173 -172 -171 -169 -168 -167 -166 -165 -163 -162 -160 -159 -158 -155 -151 -150 -149 -148 +143 +144 +145 +146 +147 -102 -101 -100 -99 -98 -97 -96 +153 +154 -141 -140 -139 -138 -137 -136 -135 -134 -133 -132 -131 -108 -105 -104 -103 -92 -90 -88 -87 -86 -85 -84 -83 -82 -80 -79 -75 -74 -73 -72 -71 -70 -69 -66 -61 -60 -59 -58 -57 -56 -55 -54 -53 -52 -50 -49 -48 -47 -46 -45 -44 +234 +235 +236 +237 +244 +245 +246 +247 +248 +249 +250 +251 +252 +253 +254 +255 +256 +257 +258 +262 +263 +277 +279 +280 +281 +282 @
>LR134497.1
+1 +2 +3 +4 +5 +6 +7 +10 +11 +12 +13 +14 +15 +16 +17 +18 +19 +20 +21 +22 +23 +24 -40 -39 -38 -37 -36 -33 +44 +45 +46 +47 +48 +50 +52 +53 +54 +55 +56 +57 +58 +59 +60 +61 +66 +69 +70 +71 +72 +73 +74 +75 +79 +80 +82 +83 +84 +85 +86 +87 +88 +90 +91 +92 +95 +96 +97 +98 +99 +100 +101 +102 +103 +104 +105 +108 +109 +119 +127 +131 +132 +133 +134 +135 +136 +137 +138 +139 +140 +141 +143 +144 +145 +146 +147 +148 +149 +150 +151 +152 +153 +154 +155 +158 +159 +160 +161 +162 +163 +164 +165 +166 +167 +168 +169 +171 +172 +173 +175 +176 +177 +179 +180 +181 +182 +183 +184 +186 +187 +189 +190 +191 +192 +193 +194 +195 +196 +197 +198 +199 +200 +201 +202 +203 +204 +215 +216 +217 +219 +220 +224 +225 +226 +227 +228 +229 +230 +231 +232 +233 +234 +235 +236 +237 +244 +245 +246 +247 +248 +249 +250 +251 +252 +253 +254 +255 +256 +257 +258 +262 +263 +277 +279 +280 +281 +282 @
>CP012211.1
+10 +11 +12 +13 +14 +15 +16 +17 +18 +19 +20 +21 +22 +23 +24 -40 -39 -38 -37 -36 -33 +44 +45 +46 +47 +48 +49 +50 +52 +53 +54 +55 +56 +57 +58 +59 +60 +61 +66 +69 +70 +71 +72 +73 +74 +75 +79 +80 +82 +83 +84 +85 +86 +87 +88 +89 +90 +91 +92 +95 +96 +97 +98 +99 +100 +101 +102 +103 +104 +105 +108 +109 +119 +127 +131 +132 +133 +134 +135 +136 +137 +138 +139 +140 +141 +143 +144 +145 +146 +147 +148 +149 +150 +151 +152 +153 +154 +155 +158 +159 +160 +161 +162 +163 +164 +165 +166 +167 +168 +169 +170 +171 +172 +173 +175 +176 +177 +179 +180 +181 +182 +183 +184 +186 +187 +189 +190 +191 +192 +193 +194 +195 +196 +197 +198 +199 +200 +201 +202 +203 +204 +215 +216 +219 +224 +225 +226 +227 +228 +229 +230 +231 +232 +233 +234 +235 +236 +244 +245 +246 +247 +248 +249 +250 +251 +252 +253 +254 +255 +256 +257 +258 +262 +263 +277 +279 +280 +281 +282 +1 +2 +3 +4 +5 +6 +7 @
>CP006006.1
+151 +152 +153 +154 +155 +158 +159 +160 +161 +162 +163 +164 +165 +166 +167 +168 +169 +170 +171 +172 +173 +175 +176 +177 +179 +180 +181 +182 +183 +184 +186 +187 +189 +190 +191 +192 +193 +194 +195 +196 +197 +198 +199 +200 +201 +202 +203 +204 +215 +216 +217 +219 +220 +224 +225 +226 +227 +228 +229 +230 +231 +232 +233 +234 +235 +236 +237 +244 +245 +246 +247 +248 +249 +250 +251 +252 +253 +254 +255 +256 +257 +258 +262 +263 +277 +279 +280 +281 +282 +1 +2 +3 +4 +5 +6 +7 +10 +11 +12 +13 +14 +15 +16 +17 +18 +19 +20 +21 +22 +23 +24 -40 -39 -38 -37 -36 -33 +44 +45 +46 +47 +48 +49 +50 +52 +53 +54 +55 +56 +57 +58 +59 +60 +61 +66 +69 +70 +71 +72 +73 +74 +75 +79 +80 +82 +83 +84 +85 +86 +87 +88 +89 +90 +91 +92 +95 +96 +97 +98 +99 +100 +101 +102 +103 +104 +105 +108 +109 +119 +127 +131 +132 +133 +134 +135 +136 +137 +138 +139 +140 +141 +143 +144 +145 +146 +147 +148 +149 +150 @
>LS483295.1
+1 +2 +4 +5 +6 +7 +10 +11 +12 +13 +14 +15 +16 +18 +19 +21 +22 +23 +24 -40 -39 -38 -37 -36 -33 +44 +45 +46 +47 +48 +49 +50 +52 +53 +54 +55 +56 +57 +58 +59 +60 +61 +66 +69 +70 +71 +72 +73 +74 +75 +79 +80 +82 +83 +84 +85 +86 +87 +88 +90 +92 +103 +104 +105 +108 +109 +96 +97 +98 +99 +100 +101 +102 +131 +132 +133 +134 +135 +136 +137 +138 +139 +140 +141 -154 -153 -151 -150 -149 -148 -147 -146 -145 -144 -143 +155 +158 +159 +160 +162 +163 +165 +166 +167 +168 +169 +171 +172 +173 +175 +176 +177 +179 +180 +181 +182 +183 +184 +186 +187 +189 +190 +191 +192 +193 +194 +195 +196 +197 +198 +199 +200 +201 +202 +203 +204 +215 +216 +217 +219 +220 +224 +225 +226 +227 +228 +229 +230 +231 +232 +233 +234 +235 +236 +237 +244 +245 +246 +247 +248 +249 +250 +251 +252 +253 +254 +255 +256 +257 +258 +262 +263 +277 +279 +280 +281 +282 @
>CP022080.1
-263 -262 -258 -257 -256 -255 -254 -253 -252 -251 -250 -249 -248 -247 -246 -245 -244 -236 -235 -234 -233 -232 -231 -230 -229 -228 -227 -226 -225 -224 -219 -216 -215 -204 -203 -202 -201 -200 -199 -198 -197 -196 -195 -194 -193 -192 -191 -190 -189 -187 -186 -184 -183 -182 -181 -180 -179 -177 -176 -175 -173 -172 -171 -170 -169 -168 -167 -166 -165 -164 -163 -162 -161 -160 -159 -158 -155 -154 -153 -152 -151 -150 -149 -148 -147 -146 -145 -144 -143 -141 -140 -139 -138 -137 -136 -135 -134 -133 -132 -131 -127 -119 -109 -237 -108 -105 -104 -103 -102 -101 -100 -99 -98 -97 -96 -95 -92 -91 -90 -89 -88 -87 -86 -85 -84 -83 -82 -80 -79 -75 -74 -73 -72 -71 -70 -69 -66 -61 -60 -59 -58 -57 -56 -55 -54 -53 -52 -50 -49 -48 -47 -46 -45 -44 +33 +36 +37 +38 +39 +40 -24 -23 -22 -21 -20 -19 -18 -17 -16 -15 -14 -13 -12 -11 -10 -7 -6 -5 -4 -3 -2 -1 -282 -281 -280 -279 -277 @
>CP023867.1
-102 -101 -100 -99 -98 -97 -96 -95 -92 -91 -90 -89 -88 -87 -86 -85 -84 -83 -82 -80 -79 -75 -74 -73 -72 -71 -70 -69 -66 -61 -60 -59 -58 -57 -56 -55 -54 -53 -52 -50 -49 -48 -47 -46 -45 -44 +33 +36 +37 +38 +39 +40 -24 -23 -22 -21 -20 -19 -18 -17 -16 -15 -14 -13 -12 -11 -10 -7 -6 -5 -4 -3 -2 -1 -282 -281 -280 -279 -277 -263 -262 -258 -257 -256 -255 -254 -253 -252 -251 -250 -249 -248 -247 -246 -245 -244 -237 -236 -235 -234 -233 -232 -231 -230 -229 -228 -227 -226 -225 -224 -220 -219 -217 -216 -215 -204 -203 -202 -201 -200 -199 -198 -197 -196 -195 -194 -193 -192 -191 -190 -189 -187 -186 -184 -183 -182 -181 -180 -179 -177 -176 -175 -173 -172 -171 -170 -169 -168 -167 -166 -165 -164 -163 -162 -161 -160 -159 -158 -155 -154 -153 -152 -151 -150 -149 -148 -147 -146 -145 -144 -143 -141 -140 -139 -138 -137 -136 -135 -134 -133 -132 -131 -127 -119 -109 -108 -105 -104 -103 @
>CP017029.1
+1 +2 +3 +4 +5 +6 +7 +10 +11 +13 +14 +15 +16 +17 +18 +19 +20 +21 +22 +23 +24 -40 -39 -38 -37 -36 -33 +44 +45 +46 +47 +48 +50 +52 +53 +54 +55 +56 +57 +58 +59 +60 +61 +66 +69 +70 +71 +72 +73 +74 +75 +79 +80 +82 +83 +84 +85 +86 +87 +88 +89 +90 +91 +92 +95 +96 +97 +98 +99 +100 +101 +102 +103 +104 +105 +108 +109 +131 +132 +133 +134 +135 +136 +137 +138 +139 +140 +141 +143 +144 +145 +146 +147 +148 +149 +150 +151 +152 +153 +154 +155 +158 +159 +160 +161 +162 +163 +164 +165 +166 +167 +168 +169 +170 +171 +172 +173 +175 +176 +177 +179 +180 +181 +182 +183 +184 +186 +187 +189 +190 +191 +192 +193 +194 +196 +197 +198 +199 +200 +201 +202 +203 +204 +215 +216 +217 +219 +220 +224 +225 +226 +227 +228 +229 +230 +231 +232 +233 +234 +235 +236 +237 +244 +245 +246 +247 +248 +249 +250 +251 +252 +253 +254 +255 +257 +258 +262 +263 +277 +279 +280 +281 +282 @
>CP006685.1
+1 +2 +3 +4 +5 +6 +7 +10 +11 +12 +13 +14 +15 +16 +17 +18 +19 +20 +21 +22 +23 +24 -40 -39 -38 -37 -36 -33 +44 +45 +46 +47 +48 +49 +50 +52 +53 +54 +55 +56 +57 +58 +59 +60 +61 +66 +69 +70 +71 +72 +73 +74 +75 +79 +80 +82 +83 +84 +85 +86 +87 +88 +89 +90 +91 +92 +95 +96 +97 +98 +99 +100 +101 +102 +103 +104 +105 +108 +109 +119 +127 +131 +132 +133 +134 +135 +136 +137 +138 +139 +140 +141 +143 +144 +145 +146 +147 +148 +149 +150 +151 +152 +153 +154 +155 +158 +159 +160 +161 +162 +163 +164 +165 +166 +167 +168 +169 +170 +171 +172 +173 +175 +176 +177 +179 +180 +181 +182 +183 +184 +186 +187 +189 +190 +191 +192 +193 +194 +195 +196 +197 +198 +199 +200 +201 +202 +203 +204 +215 +216 +217 +219 +220 +224 +225 +226 +227 +228 +229 +230 +231 +232 +233 +234 +235 +236 +237 +244 +245 +246 +247 +248 +249 +250 +251 +252 +253 +254 +255 +256 +257 +258 +262 +263 +277 +279 +280 +281 +282 @
>CP022470.1
+1 +2 +3 +4 +5 +6 +7 +10 +11 +12 +13 +14 +15 +16 +17 +18 +19 +20 +21 +22 +23 +24 -40 -39 -38 -37 -36 -33 +44 +45 +46 +47 +48 +49 +50 +52 +53 +54 +55 +56 +57 +58 +59 +60 +61 +66 +69 +70 +71 +72 +73 +74 +75 +79 +80 +82 +83 +84 +85 +86 +87 +88 +89 +90 +91 +92 +95 +96 +97 +98 +99 +100 +101 +102 +103 +104 +105 +108 +109 +119 +127 +131 +132 +133 +134 +135 +136 +137 +138 +139 +140 +141 +143 +144 +145 +146 +147 +148 +149 +150 +151 +152 +153 +154 +155 +158 +159 +160 +161 +162 +163 +164 +165 +166 +167 +168 +169 +170 +171 +172 +173 +175 +176 +177 +179 +180 +181 +182 +183 +184 +186 +187 +189 +190 +191 +192 +193 +194 +195 +196 +197 +198 +199 +200 +201 +202 +203 +204 +215 +216 +217 +219 +220 +224 +225 +226 +227 +228 +229 +230 +231 +232 +233 +234 +235 +236 +244 +245 +246 +247 +248 +249 +250 +251 +252 +253 +254 +255 +256 +257 +258 +262 +263 +277 +279 +280 +281 +282 @
>CP022440.1
+1 +2 +3 +4 +5 +6 +7 +10 +11 +12 +13 +14 +15 +16 +17 +18 +19 +20 +21 +22 +23 +24 -40 -39 -38 -37 -36 -33 +44 +45 +46 +47 +48 +49 +50 +52 +53 +54 +55 +56 +57 +58 +59 +60 +61 +66 +69 +70 +71 +72 +73 +74 +75 +79 +80 +82 +83 +84 +85 +86 +87 +88 +89 +90 +91 +92 +95 +96 +97 +98 +99 +100 +101 +102 +103 +104 +105 +108 +109 +119 +127 +131 +132 +133 +134 +135 +136 +137 +138 +139 +140 +141 +143 +144 +145 +146 +147 +148 +149 +150 +151 +152 +153 +154 +155 +158 +159 +160 +161 +162 +163 +164 +165 +166 +167 +168 +169 +170 +171 +172 +173 +175 +176 +177 +179 +180 +181 +182 +183 +184 +186 +187 +189 +190 +191 +192 +193 +194 +195 +196 +197 +198 +199 +200 +201 +202 +203 +204 +215 +216 +217 +219 +224 +225 +226 +227 +228 +229 +230 +231 +232 +233 +234 +235 +236 +237 +244 +245 +246 +247 +248 +249 +250 +251 +252 +253 +254 +255 +256 +257 +258 +262 +263 +277 +279 +280 +281 +282 @
>CP007751.1
+1 +2 +3 +4 +5 +6 +7 +10 +11 +12 +13 +14 +15 +16 +17 +18 +19 +20 +21 +22 +23 +24 -40 -39 -38 -37 -36 -33 +44 +45 +46 +47 +48 +49 +50 +52 +53 +54 +55 +56 +57 +58 +59 +60 +61 +66 +69 +70 +71 +72 +73 +74 +75 +79 +80 +82 +83 +84 +85 +86 +87 +88 +89 +90 +91 +92 +95 +96 +97 +98 +99 +100 +101 +102 +103 +104 +105 +108 +109 +119 +127 +131 +132 +133 +134 +135 +136 +137 +138 +139 +140 +141 +143 +144 +145 +146 +147 +148 +149 +150 +151 +152 +153 +154 +155 +158 +159 +160 +161 +162 +163 +164 +165 +166 +167 +168 +169 +170 +171 +172 +173 +175 +176 +177 +179 +180 +181 +182 +183 +184 +186 +187 +189 +190 +191 +192 +193 +194 +195 +196 +197 +198 +199 +200 +201 +202 +203 +204 +215 +216 +217 +219 +220 +224 +225 +226 +227 +228 +229 +230 +231 +232 +233 +234 +235 +236 +237 +244 +245 +246 +247 +248 +249 +250 +251 +252 +253 +254 +255 +256 +257 +258 +262 +263 +277 +279 +280 +281 +282 @
>CP012213.1
+10 +11 +12 +13 +14 +15 +16 +17 +18 +19 +20 +21 +22 +23 +24 -40 -39 -38 -37 -36 -33 +44 +45 +46 +47 +48 +49 +50 +52 +53 +54 +55 +56 +57 +58 +59 +60 +61 +66 +69 +70 +71 +72 +73 +74 +75 +79 +80 +82 +83 +84 +85 +86 +87 +88 +89 +90 +91 +92 +95 +96 +97 +98 +99 +100 +101 +102 +103 +104 +105 +108 +237 +109 +119 +127 +131 +132 +133 +134 +135 +136 +137 +138 +139 +140 +141 +143 +144 +145 +146 +147 +148 +149 +150 +151 +152 +153 +154 +155 +158 +159 +160 +161 +162 +163 +164 +165 +166 +167 +168 +169 +170 +171 +172 +173 +175 +176 +177 +179 +180 +181 +182 +183 +184 +186 +187 +189 +190 +191 +192 +193 +194 +195 +196 +197 +198 +199 +200 +201 +202 +203 +204 +215 +216 +217 +219 +220 +224 +225 +226 +227 +228 +229 +230 +231 +232 +233 +234 +235 +236 +244 +245 +246 +247 +248 +249 +250 +251 +252 +253 +254 +255 +256 +257 +258 +262 +263 +277 +279 +280 +281 +282 +1 +2 +3 +4 +5 +6 +7 @
>CP012216.1
+44 +45 +46 +47 +48 +50 +52 +53 +54 +55 +56 +57 +58 +59 +60 +61 +66 +69 +70 +10 +11 +12 +13 +14 +15 +16 +17 +18 +19 +20 +21 +22 +23 +24 -40 -39 -38 -37 -36 -33 +224 +225 +226 +227 +228 +229 +230 +231 +232 +233 +234 +235 +236 +237 +244 +245 +246 +247 +248 +249 +250 +251 +252 +253 +254 +255 +256 +257 +258 +262 +263 +277 +279 +280 +281 +282 +1 +2 +3 +4 +5 +6 +7 +71 +72 +73 +74 +75 +79 +80 +82 +83 +84 +85 +86 +87 +88 +89 +90 +91 +92 +95 +96 +97 +98 +99 +100 +101 +102 +103 +104 +105 +108 +109 +119 +127 +131 +132 +133 +134 +135 +136 +137 +138 +139 +140 +141 +143 +144 +145 +146 +147 +148 +149 +150 +151 +152 +153 +154 +155 +158 +159 +160 +161 +162 +163 +164 +165 +166 +167 +168 +169 +170 +171 +172 +173 +175 +176 +177 +179 +180 +181 +182 +183 +184 +186 +187 +189 +190 +191 +192 +193 +194 +195 +196 +197 +198 +199 +200 +201 +202 +203 +204 +215 +216 +217 +219 +220 @
>CP020045.1
+1 +2 +3 +4 +5 +6 +7 +10 +11 +12 +13 +14 +15 +16 +17 +18 +19 +20 +21 +22 +23 +24 -40 -39 -38 -37 -36 -33 +44 +45 +46 +47 +48 +49 +50 +52 +53 +54 +55 +56 +57 +58 +59 +60 +61 +66 +69 +70 +71 +72 +73 +74 +75 +79 +80 +82 +83 +84 +85 +86 +87 +88 +89 +90 +91 +92 +95 +96 +97 +98 +99 +100 +101 +102 +103 +104 +105 +108 +109 +119 +127 +131 +132 +133 +134 +135 +136 +137 +138 +139 +140 +141 +143 +144 +145 +146 +147 +148 +149 +150 +151 +152 +153 +154 +155 +158 +159 +160 +161 +162 +163 +164 +165 +166 +167 +168 +169 +170 +171 +172 +173 +175 +176 +177 +179 +180 +181 +182 +183 +184 +186 +187 +189 +190 +191 +192 +193 +194 +195 +196 +197 +198 +199 +200 +201 +202 +203 +204 +215 +216 +217 +219 +220 +224 +225 +226 +227 +228 +229 +230 +231 +232 +233 +234 +235 +236 +237 +244 +245 +246 +247 +248 +249 +250 +251 +252 +253 +254 +255 +256 +257 +258 +262 +263 +277 +279 +280 +281 +282 @
>CP022439.1
+1 +2 +3 +4 +5 +6 +7 +10 +11 +12 +13 +14 +15 +16 +17 +18 +19 +20 +21 +22 +23 +24 -40 -39 -38 -37 -36 -33 +44 +45 +46 +47 +48 +49 +50 +52 +53 +54 +55 +56 +57 +58 +59 +60 +61 +66 +69 +70 +71 +72 +73 +74 +75 +79 +80 +82 +83 +84 +85 +86 +87 +88 +89 +90 +91 +92 +95 +96 +97 +98 +99 +100 +101 +102 +103 +104 +105 +108 +109 +119 +127 +131 +132 +133 +134 +135 +136 +137 +138 +139 +140 +141 +143 +144 +145 +146 +147 +148 +149 +150 +151 +152 +153 +154 +155 +158 +159 +160 +161 +162 +163 +164 +165 +166 +167 +168 +169 +170 +171 +172 +173 +175 +176 +177 +179 +180 +181 +182 +183 +184 +186 +187 +189 +190 +191 +192 +193 +194 +195 +196 +197 +198 +199 +200 +201 +202 +203 +204 +215 +216 +217 +219 +220 +224 +225 +226 +227 +228 +229 +230 +231 +232 +233 +234 +235 +236 +237 +244 +245 +246 +247 +248 +249 +250 +251 +252 +253 +254 +255 +256 +257 +258 +262 +263 +277 +279 +280 +281 +282 @
>LR134359.1
+198 +199 +200 +201 +202 +203 +204 +215 +216 +219 +224 +225 +226 +227 +228 +229 +230 +231 +232 +233 +234 +235 +236 +69 +70 +71 +72 +73 +74 +75 +79 +80 +82 +83 +84 +85 +86 +87 +88 +89 +90 +92 +96 +97 +98 +99 +100 +101 +102 +103 +104 +105 +108 +131 +132 +133 +134 +135 +136 +137 +138 +139 +140 +141 +143 +144 +145 +146 +147 +148 +149 +150 +151 +153 +154 +155 +158 +159 +160 +162 +163 +165 +166 +167 +168 +169 +171 +172 +173 +175 +176 +177 +179 +180 +181 +182 +183 +184 +186 +187 +189 +190 +191 +192 +193 +194 +195 +196 +197 +244 +245 +246 +247 +248 +249 +250 +251 +252 +253 +254 +255 +256 +257 +258 +262 +263 +277 +279 +280 +281 +282 +1 +2 +4 +5 +6 +7 +10 +11 +12 +13 +14 +15 +16 +18 +19 +20 +21 +22 +23 +24 -40 -39 -38 -37 -36 -33 +44 +45 +46 +47 +48 +49 +50 +52 +53 +54 +55 +56 +57 +58 +59 +60 +61 +66 @
>HE978252.1
+1 +2 +3 +4 +5 +6 +7 +10 +11 +12 +13 +14 +15 +16 +17 +18 +19 +20 +21 +22 +23 +24 -40 -39 -38 -37 -36 -33 +44 +45 +46 +47 +48 +49 +50 +52 +53 +54 +55 +56 +57 +58 +59 +60 +61 +66 +69 +70 +71 +72 +73 +74 +75 +79 +80 +82 +83 +84 +85 +86 +87 +88 +89 +90 +91 +92 +95 +96 +97 +98 +99 +100 +101 +102 +103 +104 +105 +108 +109 +119 +127 +131 +132 +133 +134 +135 +136 +137 +138 +139 +140 +141 +143 +144 +145 +146 +147 +148 +149 +150 +151 +152 +153 +154 +155 +158 +159 +160 +161 +162 +163 +164 +165 +166 +167 +168 +169 +170 +171 +172 +173 +175 +176 +177 +179 +180 +181 +182 +183 +184 +186 +187 +189 +190 +191 +192 +193 +194 +195 +196 +197 +198 +199 +200 +201 +202 +203 +204 +215 +216 +217 +219 +220 +224 +225 +226 +227 +228 +229 +230 +231 +232 +233 +234 +235 +236 +237 +244 +245 +246 +247 +248 +249 +250 +251 +252 +253 +254 +255 +256 +257 +258 +262 +263 +277 +279 +280 +281 +282 @
>CP023446.1
-7 -6 -5 -4 -3 -2 -1 -282 -281 -280 -279 -277 +44 +45 +46 +47 +48 +49 +50 +52 +53 +54 +55 +56 +57 +58 +59 +60 +61 +66 +69 +70 +71 +72 +73 +74 +75 +79 +80 +82 +83 +84 +85 +86 +87 +88 +89 +90 +91 +92 +95 +96 +97 +98 +99 +100 +101 +102 +103 +104 +105 +108 +109 +119 +127 +131 +132 +133 +134 +135 +136 +137 +138 +139 +140 +141 +143 +144 +145 +146 +147 +148 +149 +150 +151 +152 +153 +154 +155 +158 +159 +160 +161 +162 +163 +164 +165 +166 +167 +168 +169 +170 +171 +172 +173 +175 +176 +177 +179 +180 +181 +182 +183 +184 +186 +187 +189 +190 +191 +192 +193 +194 +195 +196 +197 +198 +199 +200 +201 +202 +203 +204 +215 +216 +217 +219 +224 +225 +226 +227 +228 +229 +230 +231 +232 +233 +234 +235 +236 +237 +244 +245 +246 +247 +248 +249 +250 +251 +252 +253 +254 +255 +256 +257 +258 +262 +263 +33 +36 +37 +38 +39 +40 @
>CP017862.1
+277 +279 +280 +281 +282 +1 +2 +3 +4 +5 +6 -146 -145 -144 -143 -141 -140 +7 +10 +11 +12 +13 +14 +15 +16 +17 +18 +19 +20 +21 +22 +23 +24 -40 -39 -38 -37 -36 -33 +44 +45 +46 +47 +48 +49 +50 +52 +53 +108 +109 +54 +55 +56 +57 +58 +59 +60 +61 +66 +69 +70 +71 +72 +73 +74 +75 +79 +80 +82 +83 +84 +85 +86 +87 +88 +89 +90 +91 +92 +95 +96 +97 +98 +99 +100 +101 +102 +103 +104 +105 +119 +127 +131 +132 +133 +134 +135 +136 +137 +138 +139 +147 +148 +149 +150 +151 +152 +153 +154 +155 +158 +159 +160 +161 +162 +163 +164 +165 +166 +167 +168 +169 +170 +171 +172 +173 +175 +176 +177 +179 +180 +181 +182 +183 +184 +186 +187 +189 +190 +191 +192 +193 +194 +195 +196 +197 +198 +199 +200 +201 +202 +203 +204 +215 +216 +217 +219 +220 +224 +225 +226 +227 +228 +229 +230 +231 +232 +233 +234 +235 +236 +237 +244 +245 +246 +247 +248 +249 +250 +251 +252 +253 +254 +255 +256 +257 +258 +262 +263 @
>CP017031.1
+1 +2 +3 +4 +5 +6 +7 +10 +11 +12 +13 +14 +15 +16 +17 +18 +19 +20 +21 +22 +23 +24 -40 -39 -38 -37 -36 -33 +44 +45 +46 +47 +48 +49 +50 +52 +53 +54 +55 +56 +57 +58 +59 +60 +61 +66 +69 +70 +71 +72 +73 +74 +75 +79 +80 +82 +83 +84 +85 +86 +87 +88 +89 +90 +91 +92 +95 +96 +97 +98 +99 +100 +101 +102 +103 +104 +105 +108 +109 +119 +127 +131 +132 +133 +134 +135 +136 +137 +138 +139 +140 +141 +143 +144 +145 +146 +147 +148 +149 +150 +151 +152 +153 +154 +155 +158 +159 +160 +161 +162 +163 +164 +165 +166 +167 +168 +169 +170 +171 +172 +173 +175 +176 +177 +179 +180 +181 +182 +183 +184 +186 +187 +189 +190 +191 +192 +193 +194 +195 +196 +197 +198 +199 +200 +201 +202 +203 +204 +215 +216 +217 +219 +220 +224 +225 +226 +227 +228 +229 +230 +231 +232 +233 +234 +235 +236 +237 +244 +245 +246 +247 +248 +249 +250 +251 +252 +253 +254 +255 +256 +257 +258 +262 +263 +277 +279 +280 +281 +282 @
>CP017229.1
+1 +2 +3 +4 +5 +6 +7 +10 +11 +12 +13 +14 +15 +16 +17 +18 +19 +20 +21 +22 +23 +24 -40 -39 -38 -37 -36 -33 +44 +45 +46 +47 +48 +49 +50 +52 +53 +54 +55 +56 +57 +58 +59 +60 +61 +66 +69 +70 +71 +72 +73 +74 +75 +79 +80 +82 +83 +84 +85 +86 +87 +88 +89 +90 +91 +92 +95 +96 +97 +98 +99 +100 +101 +102 +103 +104 +105 +108 +109 +119 +127 +131 +132 +133 +134 +135 +136 +137 +138 +139 +140 +141 +143 +144 +145 +146 +147 +148 +149 +150 +151 +152 +153 +154 +155 +158 +159 +160 +161 +162 +163 +164 +165 +166 +167 +168 +169 +170 +171 +172 +173 +175 +176 +177 +179 +180 +181 +182 +183 +184 +186 +187 +189 +190 +191 +192 +193 +194 +195 +196 +197 +198 +199 +200 +201 +202 +203 +204 +215 +216 +217 +219 +224 +225 +226 +227 +228 +229 +230 +231 +232 +233 +234 +235 +236 +237 +244 +245 +246 +247 +248 +249 +250 +251 +252 +253 +254 +255 +256 +257 +258 +262 +263 +277 +279 +280 +281 +282 @
>CP010307.1
+1 +2 +3 +4 +5 +6 +7 +10 +11 +12 +13 +14 +15 +16 +17 +18 +19 +20 +21 +22 +23 +24 +33 +36 +37 +38 +39 +40 +44 +45 +46 +47 +48 +49 +50 +52 +53 +54 +55 +56 +57 +58 +59 +60 +61 +66 +69 +70 +71 +72 +73 +74 +75 +79 +80 +82 +83 +84 +85 +86 +87 +88 +89 +90 +91 +92 +95 +96 +97 +98 +99 +100 +101 +102 +103 +104 +105 +108 +109 +119 +127 +131 +132 +133 +134 +135 +136 +137 +138 +139 +140 +141 +143 +144 +145 +146 +147 +148 +149 +150 +151 +152 +153 +154 +155 +158 +159 +160 +161 +162 +163 +164 +165 +166 +167 +168 +169 +170 +171 +172 +173 +175 +176 +177 +179 +180 +181 +182 +183 +184 +186 +187 +189 +190 +191 +192 +193 +194 +195 +196 +197 +198 +199 +200 +201 +202 +203 +204 +215 +216 +217 +219 +220 +224 +225 +226 +227 +228 +229 +230 +231 +232 +233 +234 +235 +236 +237 +244 +245 +246 +247 +248 +249 +250 +251 +252 +253 +254 +255 +256 +257 +258 +262 +263 +277 +279 +280 +281 +282 @
>CP012689.1
+1 +2 +3 +4 +5 +6 +7 +10 +11 +12 +13 +14 +15 +16 +17 +18 +19 +20 +21 +22 +23 +24 -40 -39 -38 -37 -36 -33 +44 +45 +46 +47 +48 +49 +50 +52 +53 +54 +55 +56 +57 +58 +59 +60 +61 +66 +69 +70 +71 +72 +73 +74 +75 +79 +80 +82 +83 +84 +85 +86 +87 +88 +89 +90 +91 +92 +95 +96 +97 +98 +99 +100 +101 +102 +103 +104 +105 +108 +109 +119 +127 +131 +132 +133 +134 +135 +136 +137 +138 +139 +140 +141 +143 +144 +145 +146 +147 +148 +149 +150 +151 +152 +153 +154 +155 +158 +159 +160 +161 +162 +163 +164 +165 +166 +167 +168 +169 +170 +171 +172 +173 +175 +176 +177 +179 +180 +181 +182 +183 +184 +186 +187 +189 +190 +191 +192 +193 +194 +195 +196 +197 +198 +199 +200 +201 +202 +203 +204 +215 +216 +217 +219 +224 +225 +226 +227 +228 +229 +230 +231 +232 +233 +234 +235 +236 +244 +245 +246 +247 +248 +249 +250 +251 +252 +253 +254 +255 +256 +257 +258 +262 +263 +277 +279 +280 +281 +282 @
>CP028911.1
+1 +2 +3 +4 +5 +6 +7 +10 +11 +12 +13 +14 +15 +16 +17 +18 +19 +20 +21 +22 +23 +24 -40 -39 -38 -37 -36 -33 +44 +45 +46 +47 +48 +49 +50 +52 +53 +54 +55 +56 +57 +58 +59 +60 +61 +66 +69 +70 +71 +72 +73 +74 +75 +79 +80 +82 +83 +84 +85 +86 +87 +88 +89 +90 +91 +92 +95 +96 +97 +98 +99 +100 +101 +102 +103 +104 +105 +108 +109 +119 +127 +131 +132 +133 +134 +135 +136 +137 +138 +139 +140 +141 +143 +144 +145 +146 +147 +148 +149 +150 +151 +152 +153 +154 +155 +158 +159 +160 +161 +162 +163 +164 +165 +166 +167 +168 +169 +170 +171 +172 +173 +175 +176 +177 +179 +180 +181 +182 +183 +184 +186 +187 +189 +190 +191 +192 +193 +194 +195 +196 +197 +198 +199 +200 +201 +202 +203 +204 +215 +216 +217 +219 +220 +224 +225 +226 +227 +228 +229 +230 +231 +232 +233 +234 +235 +236 +237 +244 +245 +246 +247 +248 +249 +250 +251 +252 +253 +254 +255 +256 +257 +258 +262 +263 +277 +279 +280 +281 +282 @
>CP008787.1
+1 +2 +3 +4 +5 +6 +7 +10 +11 +12 +13 +14 +15 +16 +17 +18 +19 +20 +21 +22 +23 +24 -40 -39 -38 -37 -36 -33 +44 +45 +46 +47 +48 +49 +50 +52 +53 +54 +55 +56 +57 +58 +59 +60 +61 +66 +69 +70 +71 +72 +73 +74 +75 +79 +80 +82 +83 +84 +85 +86 +87 +88 +89 +90 +91 +92 +95 +96 +97 +98 +99 +100 +101 +102 +103 +104 +105 +108 +237 +109 +119 +127 +131 +132 +133 +134 +135 +136 +137 +138 +139 +140 +141 +143 +144 +145 +146 +147 +148 +149 +150 +151 +152 +153 +154 +155 +158 +159 +160 +161 +162 +163 +164 +165 +166 +167 +168 +169 +170 +171 +172 +173 +175 +176 +177 +179 +180 +181 +182 +183 +184 +186 +187 +189 +190 +191 +192 +193 +194 +195 +196 +197 +198 +199 +200 +201 +202 +203 +204 +215 +216 +219 +224 +225 +226 +227 +228 +229 +230 +231 +232 +233 +234 +235 +236 +244 +245 +246 +247 +248 +249 +250 +251 +252 +253 +254 +255 +256 +257 +258 +262 +263 +277 +279 +280 +281 +282 @
>CP022079.1
+2 +3 +4 +5 +6 +7 +10 +11 +12 +13 +14 +15 +16 +17 +18 +19 +20 +21 +22 +23 +24 -40 -39 -38 -37 -36 -33 +44 +45 +46 +47 +48 +49 +50 +52 +53 +54 +55 +56 +57 +58 +59 +60 +61 +66 +69 +70 +71 +72 +73 +74 +75 +79 +80 +82 +83 +84 +85 +86 +87 +88 +89 +90 +91 +92 +95 +96 +97 +98 +99 +100 +101 +102 +103 +104 +105 +108 +109 +119 +127 +131 +132 +133 +134 +135 +136 +137 +138 +139 +140 +141 +143 +144 +145 +146 +147 +148 +149 +150 +151 +152 +153 +154 +155 +158 +159 +160 +161 +162 +163 +164 +165 +166 +167 +168 +169 +170 +171 +172 +173 +175 +176 +177 +179 +180 +181 +182 +183 +184 +186 +187 +189 +190 +191 +192 +193 +194 +195 +196 +197 +198 +199 +200 +201 +202 +203 +204 +215 +216 +217 +219 +220 +224 +225 +226 +227 +228 +229 +230 +231 +232 +233 +234 +235 +236 +237 +244 +245 +246 +247 +248 +249 +250 +251 +252 +253 +254 +255 +256 +257 +258 +262 +263 +277 +279 +280 +281 +282 +1 @
>CP022077.1
-263 -262 -258 -257 -256 -255 -254 -253 -252 -251 -250 -249 -248 -247 -246 -245 -244 -237 -236 -235 -234 -233 -232 -231 -230 -229 -228 -227 -226 -225 -224 -220 -219 -217 -216 -215 -204 -203 -202 -201 -200 -199 -198 -197 -196 -195 -194 -193 -192 -191 -190 -189 -187 -186 -184 -183 -182 -181 -180 -179 -177 -176 -175 -173 -172 -171 -170 -169 -168 -167 -166 -165 -164 -163 -162 -161 -160 -159 -158 -155 -154 -153 -152 -151 -150 -149 -148 -147 -146 -145 -144 -143 -141 -140 -139 -138 -137 -136 -135 -134 -133 -132 -131 -127 -119 -109 -108 -105 -104 -103 -102 -101 -100 -99 -98 -97 -96 -95 -92 -91 -90 -89 -88 -87 -86 -85 -84 -83 -82 -80 -79 -75 -74 -73 -72 -71 -70 -69 -66 -61 -60 -59 -58 -57 -56 -55 -54 -53 -52 -50 -49 -48 -47 -46 -45 -44 -40 -39 -38 -37 -36 -33 -24 -23 -22 -21 -20 -19 -18 -17 -16 -15 -14 -13 -12 -11 -10 -7 -6 -5 -4 -3 -2 -1 -282 -281 -280 -279 -277 @
>CP015209.1
+1 +2 +3 +4 +5 +6 +7 +10 +11 +12 +13 +14 +15 +16 +17 +18 +19 +20 +21 +22 +23 +24 -40 -39 -38 -37 -36 -33 +44 +45 +46 +47 +48 +49 +50 +52 +53 +54 +55 +56 +57 +58 +59 +60 +61 +66 +69 +70 +71 +72 +73 +74 +75 +79 +80 +82 +83 +84 +85 +86 +87 +88 +89 +90 +91 +92 +95 +96 +97 +98 +99 +100 +101 +102 +103 +104 +105 +108 +109 +119 +127 +131 +132 +133 +134 +135 +136 +137 +138 +139 +140 +141 +143 +144 +145 +146 +147 +148 +149 +150 +151 +152 +153 +154 +155 +158 +159 +160 +161 +162 +163 +164 +165 +166 +167 +168 +169 +170 +171 +172 +173 +175 +176 +177 +179 +180 +181 +182 +183 +184 +186 +187 +189 +190 +191 +192 +193 +194 +195 +196 +197 +198 +199 +200 +201 +202 +203 +204 +215 +216 +217 +219 +224 +225 +226 +227 +228 +229 +230 +231 +232 +233 +234 +235 +236 +237 +244 +245 +246 +247 +248 +249 +250 +251 +252 +253 +254 +255 +256 +257 +258 +262 +263 +277 +279 +280 +281 +282 @
>CM000855.1
+10 +11 +12 +13 +14 +15 +16 +18 +19 +20 +21 -39 -38 -37 -36 -33 -24 -23 -22 +44 +45 +46 +47 +48 +50 +52 +53 +54 +55 +56 +57 +58 +59 +60 +61 +66 +69 +70 +71 +72 +73 +74 +75 +79 +80 +82 +83 +84 +85 +86 +87 +89 +90 +91 +92 +96 +97 +98 +99 +100 +101 +102 +103 +104 +105 +108 +237 +109 +131 +132 +133 +134 +135 +136 +137 +138 +139 +140 +141 +143 +144 +146 +147 +148 +149 +150 +151 +152 +153 +154 +155 +158 +159 +160 +161 +162 +163 +164 +165 +166 +167 +168 +169 +170 +171 +172 +173 +175 +176 +177 +179 +180 +181 +182 +183 +184 +186 +187 +189 +190 +191 +192 +193 +194 +195 +196 +197 +198 +199 +200 +201 +202 +203 +204 +215 +216 +217 +219 +220 +224 +225 +226 +227 +228 +229 +230 +231 +232 +233 +235 +236 +244 +245 +246 +247 +248 +249 +250 +251 +252 +253 +254 +255 +256 +257 +262 +263 +277 +279 +280 +281 +282 +1 +2 +3 +5 +6 +7 @
>CP017863.1
+10 +11 +12 +13 +14 +15 +16 +17 +18 +19 +20 +21 +22 +23 +24 -53 -52 -50 -49 -48 -47 -46 -45 -44 -40 -39 -38 -37 -36 -33 +54 +55 +56 +57 +58 +59 +60 +61 +66 +69 +70 +71 +72 +73 +74 +75 +79 +80 +82 +83 +84 +85 +86 +87 +88 +89 +90 +91 +92 +95 +96 +97 +98 +99 +100 +101 +102 +103 +104 +105 +108 +109 +119 +127 +131 +132 +133 +134 +135 +136 +137 +138 +139 +140 +141 +143 +144 +145 +146 +147 +148 +149 +150 +151 +152 +153 +154 +155 +158 +159 +160 +161 +162 +163 +164 +165 +166 +167 +168 +169 +170 +171 +172 +173 +175 +176 +177 +179 +180 +181 +182 +183 +184 +186 +187 +189 +190 +191 +192 +193 +194 +195 +196 +197 +198 +199 +200 +201 +202 +203 +204 +215 +216 +217 +219 +220 +224 +225 +226 +227 +228 +229 +230 +231 +232 +233 +234 +235 +236 +237 +244 +245 +246 +247 +248 +249 +250 +251 +252 +253 +254 +255 +256 +257 +258 +262 +263 +277 +279 +280 +281 +282 +1 +2 +3 +4 +5 +6 +7 @
>CP027403.1
+250 +251 +252 +253 +254 +255 +256 +257 +258 +262 +263 +277 +279 +280 +281 +282 +1 +2 +4 +5 +6 +7 +10 +11 +12 +13 +14 +15 +16 +18 +19 +21 +22 +23 +24 -40 -39 -38 -37 -36 -33 -233 -232 -231 -230 -229 -228 -227 -226 -224 -220 -219 -217 -216 -215 -204 -203 -202 -201 -200 -199 -198 -197 -196 -195 -194 -193 -192 -191 -190 -189 -187 -186 -184 -183 -182 -181 -180 -179 -177 -176 -175 -173 -172 -171 -169 -168 -167 -166 -165 -163 -162 -160 -159 -158 -155 -151 -150 -149 -148 +143 +144 +145 +146 +147 -102 -101 -100 -99 -98 -97 -96 +153 +154 -141 -140 -139 -138 -137 -136 -135 -134 -133 -132 -131 -108 -105 -104 -103 -92 -90 -88 -87 -86 -85 -84 -83 -82 -80 -79 -75 -74 -73 -72 -71 -70 -69 -66 -61 -60 -59 -58 -57 -56 -55 -54 -53 -52 -50 -49 -48 -47 -46 -45 -44 +234 +235 +236 +237 +244 +245 +246 +247 +248 +249 @
>CP023866.1
+225 +226 +227 +228 +229 +230 +231 +232 +233 +234 +235 +236 +244 +245 +246 +247 +248 +249 +250 +251 +252 +253 +254 +255 +256 +257 +258 +262 +263 +277 +279 +280 +281 +282 +1 +2 +3 +4 +5 +6 +7 +10 +11 +12 +13 +14 +15 +16 +17 +18 +19 +20 +21 +22 +23 +24 -40 -39 -38 -37 -36 -33 +44 +45 +46 +47 +48 +49 +50 +52 +53 +54 +55 +56 +57 +58 +59 +60 +61 +66 +69 +70 +71 +72 +73 +74 +75 +79 +80 +82 +83 +84 +85 +86 +87 +88 +89 +90 +91 +92 +95 +96 +97 +98 +99 +100 +101 +102 +103 +104 +105 +108 +109 +119 +127 +131 +132 +133 +134 +135 +136 +137 +138 +139 +140 +141 +143 +144 +145 +146 +147 +148 +149 +150 +151 +152 +153 +154 +155 +158 +159 +160 +161 +162 +163 +164 +165 +166 +167 +168 +169 +170 +171 +172 +173 +175 +176 +177 +179 +180 +181 +182 +183 +184 +186 +187 +189 +190 +191 +192 +193 +194 +195 +196 +197 +198 +199 +200 +201 +202 +203 +204 +215 +216 +217 +219 +220 +224 @
>CP028372.1
+1 +2 +3 +4 +5 +6 +7 +10 +11 +12 +13 +14 +15 +16 +17 +18 +19 +20 +21 +22 +23 +24 -40 -39 -38 -37 -36 -33 +44 +45 +46 +47 +48 +49 +50 +52 +53 +54 +55 +56 +57 +58 +59 +60 +61 +66 +69 +70 +71 +72 +73 +74 +75 +79 +80 +82 +83 +84 +85 +86 +87 +88 +89 +90 +91 +92 +95 +96 +97 +98 +99 +100 +101 +102 +103 +104 +105 +108 +109 +119 +127 +131 +132 +133 +134 +135 +136 +137 +138 +139 +140 +141 +143 +144 +145 +146 +147 +148 +149 +150 +151 +152 +153 +154 +155 +158 +159 +160 +161 +162 +163 +164 +165 +166 +167 +168 +169 +170 +171 +172 +173 +175 +176 +177 +179 +180 +181 +182 +183 +184 +186 +187 +189 +190 +191 +192 +193 +194 +195 +196 +197 +198 +199 +200 +201 +202 +203 +204 +215 +216 +217 +219 +220 +224 +225 +226 +227 +228 +229 +230 +231 +232 +233 +234 +235 +236 +237 +244 +245 +246 +247 +248 +249 +250 +251 +252 +253 +254 +255 +256 +257 +258 +262 +263 +277 +279 +280 +281 +282 @
>LR134530.1
+1 +2 +4 +5 +6 +7 +10 +11 +12 +13 +14 +15 +16 +18 +19 +277 +21 +22 +23 +24 +33 +36 +37 +38 +39 +40 +44 +45 +46 +47 +48 +49 +50 +52 +53 +54 +55 +56 +57 +58 +59 +60 +61 +66 +69 +70 +71 +72 +73 +74 +75 +79 +80 +82 +83 +84 +85 +86 +87 +88 +90 +92 +103 +104 +105 +108 +109 -204 -203 -158 -155 +143 +144 +145 +146 +147 +148 +149 +150 +151 -102 -101 -100 -99 -98 -97 -96 +153 +154 -141 -140 -139 -138 -137 -136 -135 -134 -133 -132 -131 +200 +201 +202 +159 +160 +162 +163 +165 +166 +167 +168 +169 +171 +172 +173 +175 +176 +177 +179 +180 +181 +182 +183 +184 +186 +187 +189 +190 +191 +192 +193 +194 +195 +196 +197 +198 +199 +215 +216 +217 +219 +220 +224 +226 +227 +228 +229 +230 +231 +232 +233 +234 +235 +236 +237 +244 +245 +246 +247 +248 +249 +250 +251 +252 +253 +254 +255 +256 +257 +258 +262 +263 +279 +280 +281 +282 @
>CP023543.1
+75 +79 +80 +82 +83 +84 +85 +86 +87 +88 +89 +90 +91 +92 +95 +96 +97 +98 +99 +100 +101 +102 +103 +104 +105 +108 +109 +119 +127 +131 +132 +133 +134 +135 +136 +137 +138 +139 +140 +141 +143 +144 +145 +146 +147 +148 +149 +150 +151 +152 +153 +154 +155 +158 +159 +160 +161 +162 +163 +164 +165 +166 +167 +168 +169 +170 +171 +172 +173 +175 +176 +177 +179 +180 +181 +182 +183 +184 +186 +187 +189 +190 +191 +192 +193 +194 +195 +196 +197 +198 +199 +200 +201 +202 +203 +204 +215 +216 +217 +219 +220 +224 +225 +226 +227 +228 +229 +230 +231 +232 +233 +234 +235 +236 +237 +244 +245 +246 +247 +248 +249 +250 +251 +252 +253 +254 +255 +256 +257 +258 +262 +263 +277 +279 +280 +281 +282 +1 +2 +3 +4 +5 +6 +7 +10 +11 +12 +13 +14 +15 +16 +17 +18 +19 +20 +21 +22 +23 +24 -40 -39 -38 -37 -36 -33 +44 +45 +46 +47 +48 +49 +50 +52 +53 +54 +55 +56 +57 +58 +59 +60 +61 +66 +69 +70 +71 +72 +73 +74 @
>CP007190.1
+1 +2 +3 +4 +5 +6 +7 +10 +11 +12 +13 +14 +15 +16 +17 +18 +19 +20 +21 +22 +23 +24 -40 -39 -38 -37 -36 -33 +44 +45 +46 +47 +48 +49 +50 +52 +53 +54 +55 +56 +57 +58 +59 +60 +61 +66 +69 +70 +71 +72 +73 +74 +75 +79 +80 +82 +83 +84 +85 +86 +87 +88 +89 +90 +91 +92 +95 +96 +97 +98 +99 +100 +101 +102 +103 +104 +105 +108 +237 +109 +131 +132 +133 +134 +135 +136 +137 +138 +139 +140 +141 +143 +144 +145 +146 +147 +148 +149 +150 +151 +152 +153 +154 +155 +158 +159 +160 +161 +162 +163 +164 +165 +166 +167 +168 +169 +170 +171 +172 +173 +175 +176 +177 +179 +180 +181 +182 +183 +184 +186 +187 +189 +190 +191 +192 +193 +194 +195 +196 +197 +198 +199 +200 +201 +202 +203 +204 +215 +216 +217 +219 +220 +224 +225 +226 +227 +228 +229 +230 +231 +232 +233 +234 +235 +236 +244 +245 +246 +247 +248 +249 +250 +251 +252 +253 +254 +255 +256 +257 +258 +262 +263 +277 +279 +280 +281 +282 @
>CP028910.1
+1 +2 +3 +4 +5 +6 +7 +10 +11 +12 +13 +14 +15 +16 +17 +18 +19 +20 +21 +22 +23 +24 +33 +36 +37 +38 +39 +40 +44 +45 +46 +47 +48 +49 +50 +52 +53 +54 +55 +56 +57 +58 +59 +60 +61 +66 +69 +70 +71 +72 +73 +74 +75 +79 +80 +82 +83 +84 +85 +86 +87 +88 +89 +90 +91 +92 +95 +96 +97 +98 +99 +100 +101 +102 +103 +104 +105 +108 +109 +119 +127 +131 +132 +133 +134 +135 +136 +137 +138 +139 +140 +141 +143 +144 +145 +146 +147 +148 +149 +150 +151 +152 +153 +154 +155 +158 +159 +160 +161 +162 +163 +164 +165 +166 +167 +168 +169 +170 +171 +172 +173 +175 +176 +177 +179 +180 +181 +182 +183 +184 +186 +187 +189 +190 +191 +192 +193 +194 +195 +196 +197 +198 +199 +200 +201 +202 +203 +204 +215 +216 +217 +219 +220 +224 +225 +226 +227 +228 +229 +230 +231 +232 +233 +234 +235 +236 +237 +244 +245 +246 +247 +248 +249 +250 +251 +252 +253 +254 +255 +256 +257 +258 +262 +263 +277 +279 +280 +281 +282 @
>CP001876.1
+1 +2 +3 +4 +5 +6 +7 +10 +11 +12 +13 +14 +15 +16 +17 +18 +19 +20 +21 +22 +23 +24 -40 -39 -38 -37 -36 -33 +44 +45 +46 +47 +48 +49 +50 +52 +53 +54 +55 +56 +57 +58 +59 +60 +61 +66 +69 +70 +71 +72 +73 +74 +75 +79 +80 +82 +83 +84 +85 +86 +87 +88 +89 +90 +91 +92 +95 +96 +97 +98 +99 +100 +101 +102 +103 +104 +105 +108 +109 +119 +127 +131 +132 +133 +134 +135 +136 +137 +138 +139 +140 +141 +143 +144 +145 +146 +147 +148 +149 +150 +151 +152 +153 +154 +155 +158 +159 +160 +161 +162 +163 +164 +165 +166 +167 +168 +169 +170 +171 +172 +173 +175 +176 +177 +179 +180 +181 +182 +183 +184 +186 +187 +189 +190 +191 +192 +193 +194 +195 +196 +197 +198 +199 +200 +201 +202 +203 +204 +215 +216 +217 +219 +220 +224 +225 +226 +227 +228 +229 +230 +231 +232 +233 +234 +235 +236 +237 +244 +245 +246 +247 +248 +249 +250 +251 +252 +253 +254 +255 +256 +257 +258 +262 +263 +277 +279 +280 +281 +282 @
>CP001960.1
+1 +2 +3 +4 +5 +6 +7 +10 +11 +12 +13 +14 +15 +16 +17 +18 +19 +20 +21 +22 +23 +24 -40 -39 -38 -37 -36 -33 +44 +45 +46 +47 +48 +49 +50 +52 +53 +54 +55 +56 +57 +58 +59 +60 +61 +66 +69 +70 +71 +72 +73 +74 +75 +79 +80 +82 +83 +84 +85 +86 +87 +88 +89 +90 +91 +92 +95 +96 +97 +98 +99 +100 +101 +102 +103 +104 +105 +108 +109 +119 +127 +131 +132 +133 +134 +135 +136 +137 +138 +139 +140 +141 +143 +144 +145 +146 +147 +148 +149 +150 +151 +152 +153 +154 +155 +158 +159 +160 +161 +162 +163 +164 +165 +166 +167 +168 +169 +170 +171 +172 +173 +175 +176 +177 +179 +180 +181 +182 +183 +184 +186 +187 +189 +190 +191 +192 +193 +194 +195 +196 +197 +198 +199 +200 +201 +202 +203 +204 +215 +216 +217 +219 +220 +224 +225 +226 +227 +228 +229 +230 +231 +232 +233 +234 +235 +236 +244 +245 +246 +247 +248 +249 +250 +251 +252 +253 +254 +255 +256 +257 +258 +262 +263 +277 +279 +280 +281 +282 @
>CP022076.1
+262 +263 +277 +279 +280 +281 +282 +1 +2 +3 +4 +5 +6 +7 +10 +11 +12 +13 +14 +15 +16 +17 +18 +19 +20 +21 +22 +23 +24 -40 -39 -38 -37 -36 -33 +44 +45 +46 +47 +48 +50 +52 +53 +54 +55 +56 +57 +58 +59 +60 +61 +66 +69 +70 +71 +72 +73 +74 +75 +79 +80 +82 +83 +84 +85 +86 +87 +88 +90 +91 +92 +95 +96 +97 +98 +99 +100 +101 +102 +103 +104 +105 +108 +109 +119 +127 +131 +132 +133 +134 +135 +136 +137 +138 +139 +140 +141 +143 +144 +145 +146 +147 +148 +149 +150 +151 +152 +153 +154 +155 +158 +159 +160 +161 +162 +163 +164 +165 +166 +167 +168 +169 +171 +172 +173 +175 +176 +177 +179 +180 +181 +182 +183 +184 +186 +187 +189 +190 +191 +192 +193 +194 +195 +196 +197 +198 +199 +200 +201 +202 +203 +204 +215 +216 +217 +219 +220 +224 +225 +226 +227 +228 +229 +230 +231 +232 +233 +234 +235 +236 +237 +244 +245 +246 +247 +248 +249 +250 +251 +252 +253 +254 +255 +256 +257 +258 @
>CP006689.1
+1 +2 +3 +4 +5 +6 +7 +10 +11 +12 +13 +14 +15 +16 +17 +18 +19 +20 +21 +22 +23 +24 -40 -39 -38 -37 -36 -33 +44 +45 +46 +47 +48 +49 +50 +52 +53 +54 +55 +56 +57 +58 +59 +60 +61 +66 +69 +70 +71 +72 +73 +74 +75 +79 +80 +82 +83 +84 +85 +86 +87 +88 +89 +90 +91 +92 +95 +96 +97 +98 +99 +100 +101 +102 +103 +104 +105 +108 +109 +119 +127 +131 +132 +133 +134 +135 +136 +137 +138 +139 +140 +141 +143 +144 +145 +146 +147 +148 +149 +150 +151 +152 +153 +154 +155 +158 +159 +160 +161 +162 +163 +164 +165 +166 +167 +168 +169 +170 +171 +172 +173 +175 +176 +177 +179 +180 +181 +182 +183 +184 +186 +187 +189 +190 +191 +192 +193 +194 +195 +196 +197 +198 +199 +200 +201 +202 +203 +204 +215 +216 +217 +219 +220 +224 +225 +226 +227 +228 +229 +230 +231 +232 +233 +234 +235 +236 +237 +244 +245 +246 +247 +248 +249 +250 +251 +252 +253 +254 +255 +256 +257 +258 +262 +263 +277 +279 +280 +281 +282 @
>CP045789.1
+75 +79 +80 +82 +83 +84 +85 +86 +87 +88 +89 +90 +91 +92 +95 +96 +97 +98 +99 +100 +101 +102 +103 +104 +105 +108 +109 +119 +127 +131 +132 +133 +134 +135 +136 +137 +138 +139 +140 +141 +143 +144 +145 +146 +147 +148 +149 +150 +151 +152 +153 +154 +155 +158 +159 +160 +161 +162 +163 +164 +165 +166 +167 +168 +169 +170 +171 +172 +173 +175 +176 +177 +179 +180 +181 +182 +183 +184 +186 +187 +189 +190 +191 +192 +193 +194 +195 +196 +197 +198 +199 +200 +201 +202 +203 +204 +215 +216 +217 +219 +220 +224 +225 +226 +227 +228 +229 +230 +231 +232 +233 +234 +235 +236 +237 +244 +245 +246 +247 +248 +249 +250 +251 +252 +253 +254 +255 +256 +257 +258 +262 +263 +277 +279 +280 +281 +282 +1 +2 +3 +4 +5 +6 +7 +10 +11 +12 +13 +14 +15 +16 +17 +18 +19 +20 +21 +22 +23 +24 -40 -39 -38 -37 -36 -33 +44 +45 +46 +47 +48 +49 +50 +52 +53 +54 +55 +56 +57 +58 +59 +60 +61 +66 +69 +70 +71 +72 +73 +74 @
>CP023343.1
+10 +11 +12 +13 +14 +15 +16 +17 +18 +19 +20 +21 +22 +23 +24 -40 -39 -38 -37 -36 -33 +44 +45 +46 +47 +48 +49 +50 +52 +53 +54 +55 +56 +57 +58 +59 +60 +61 +66 +69 +70 +71 +72 +73 +74 +75 +79 +80 +82 +83 +84 +85 +86 +87 +88 +89 +90 +91 +92 +95 +96 +97 +98 +99 +100 +101 +102 +103 +104 +105 +108 +109 +119 +127 +131 +132 +133 +134 +135 +136 +137 +138 +139 +140 +141 +143 +144 +145 +146 +147 +148 +149 +150 +151 +152 +153 +154 +155 +158 +159 +160 +161 +162 +163 +164 +165 +166 +167 +168 +169 +170 +171 +172 +173 +175 +176 +177 +179 +180 +181 +182 +183 +184 +186 +187 +189 +190 +191 +192 +193 +194 +195 +196 +197 +198 +199 +200 +201 +202 +203 +204 +215 +216 +217 +219 +244 +245 +246 +247 +248 +249 +250 +251 +252 +253 +254 +255 +256 +257 +258 +262 +263 +277 +279 +280 +281 +282 +1 +2 +3 +4 +5 +6 +7 @
>CP012149.1
+1 +2 +3 +4 +5 +6 +7 +10 +11 +12 +13 +14 +15 +16 +17 +18 +19 +20 +21 +22 +23 +24 -40 -39 -38 -37 -36 -33 +44 +45 +46 +47 +48 +50 +52 +53 +54 +55 +56 +57 +58 +59 +60 +61 +66 +69 +70 +71 +72 +73 +74 +75 +79 +80 +82 +83 +84 +85 +86 +87 +88 +89 +90 +91 +92 +95 +96 +97 +98 +99 +100 +101 +102 +103 +104 +105 +108 +237 +109 +119 +127 +131 +132 +133 +134 +135 +136 +137 +138 +139 +140 +141 +143 +144 +145 +146 +147 +148 +149 +150 +151 +152 +153 +154 +155 +158 +159 +160 +161 +162 +163 +164 +165 +166 +167 +168 +169 +170 +171 +172 +173 +175 +176 +177 +179 +180 +181 +182 +183 +184 +186 +187 +189 +190 +191 +192 +193 +194 +195 +196 +197 +198 +199 +200 +201 +202 +203 +204 +215 +216 +219 +224 +225 +226 +227 +228 +229 +230 +231 +232 +233 +234 +235 +236 +244 +245 +246 +247 +248 +249 +250 +251 +252 +253 +254 +255 +256 +257 +258 +262 +263 +277 +279 +280 +281 +282 @
>HG428754.1
+1 +2 +3 +4 +5 +6 +7 +10 +11 +12 +13 +14 +15 +16 +17 +18 +19 +20 +21 +22 +23 +24 -40 -39 -38 -37 -36 -33 +44 +45 +46 +47 +48 +49 +50 +52 +53 +54 +55 +56 +57 +58 +59 +60 +61 +66 +69 +70 +71 +72 +73 +74 +75 +79 +80 +82 +83 +84 +85 +86 +87 +88 +89 +90 +91 +92 +95 +96 +97 +98 +99 +100 +101 +102 +103 +104 +105 +108 +237 +109 +119 +127 +131 +132 +133 +134 +135 +136 +137 +138 +139 +140 +141 +143 +144 +145 +146 +147 +148 +149 +150 +151 +152 +153 +154 +155 +158 +159 +160 +161 +162 +163 +164 +165 +166 +167 +168 +169 +170 +171 +172 +173 +175 +176 +177 +179 +180 +181 +182 +183 +184 +186 +187 +189 +190 +191 +192 +193 +194 +195 +196 +197 +198 +199 +200 +201 +202 +203 +204 +215 +216 +217 +219 +220 +224 +225 +226 +227 +228 +229 +230 +231 +232 +233 +234 +235 +236 +244 +245 +246 +247 +248 +249 +250 +251 +252 +253 +254 +255 +256 +257 +258 +262 +263 +277 +279 +280 +281 +282 @
>CP014344.1
+1 +2 +3 +4 +5 +6 +7 +10 +11 +12 +13 +14 +15 +16 +17 +18 +19 +20 +21 +22 +23 +24 -40 -39 -38 -37 -36 -33 +44 +45 +46 +47 +48 +49 +50 +52 +53 +54 +55 +56 +57 +58 +59 +60 +61 +66 +69 +70 +71 +72 +73 +74 +75 +79 +80 +82 +83 +84 +85 +86 +87 +88 +89 +90 +91 +92 +95 +96 +97 +98 +99 +100 +101 +102 +103 +104 +105 +108 +109 +119 +127 +131 +132 +133 +134 +135 +136 +137 +138 +139 +140 +141 +143 +144 +145 +146 +147 +148 +149 +150 +151 +152 +153 +154 +155 +158 +159 +160 +161 +162 +163 +164 +165 +166 +167 +168 +169 +170 +171 +172 +173 +175 +176 +177 +179 +180 +181 +182 +183 +184 +186 +187 +189 +190 +191 +192 +193 +194 +195 +196 +197 +198 +199 +200 +201 +202 +203 +204 +215 +216 +217 +219 +220 +224 +225 +226 +227 +228 +229 +230 +231 +232 +233 +234 +235 +236 +237 +244 +245 +246 +247 +248 +249 +250 +251 +252 +253 +254 +255 +256 +257 +258 +262 +263 +277 +279 +280 +281 +282 @
>LS483362.1
+1 +2 +3 +4 +5 +6 +7 +10 +11 +12 +13 +14 +15 +16 +17 +18 +19 +20 +21 +22 +23 +24 +33 +36 +37 +38 +39 +40 +44 +45 +46 +47 +48 +49 +50 +52 +53 +54 +55 +56 +57 +58 +59 +60 +61 +66 +69 +70 +71 +72 +73 +74 +75 +79 +80 +82 +83 +84 +85 +86 +87 +88 +89 +90 +91 +92 +95 +96 +97 +98 +99 +100 +101 +102 +103 +104 +105 +108 +109 +119 +127 +131 +132 +133 +134 +135 +136 +137 +138 +139 +140 +141 +143 +144 +145 +146 +147 +148 +149 +150 +151 +152 +153 +154 +155 +158 +159 +160 +161 +162 +163 +164 +165 +166 +167 +168 +169 +170 +171 +172 +173 +175 +176 +177 +179 +180 +181 +182 +183 +184 +186 +187 +189 +190 +191 +192 +193 +194 +195 +196 +197 +198 +199 +200 +201 +202 +203 +204 +215 +216 +217 +219 +220 +224 +225 +226 +227 +228 +229 +230 +231 +232 +233 +234 +235 +236 +237 +244 +245 +246 +247 +248 +249 +250 +251 +252 +253 +254 +255 +256 +257 +258 +262 +263 +277 +279 +280 +281 +282 @
>CP012224.1
+10 +11 +12 +13 +14 +15 +16 +17 +18 +19 +20 +21 +22 +23 +24 -40 -39 -38 -37 -36 -33 +44 +45 +46 +47 +48 +50 +52 +53 +54 +55 +56 +57 +58 +59 +60 +61 +66 +69 +70 +71 +72 +73 +74 +75 +79 +80 +82 +83 +84 +85 +86 +87 +88 +89 +90 +91 +92 +96 +97 +98 +99 +100 +101 +102 +103 +104 +105 +108 +109 +119 +127 +131 +132 +133 +134 +135 +136 +137 +138 +139 +140 +141 +143 +144 +145 +146 +147 +148 +149 +150 +151 +152 +153 +154 +155 +158 +159 +160 +161 +162 +163 +164 +165 +166 +167 +168 +169 +170 +171 +172 +173 +175 +176 +177 +179 +180 +181 +182 +183 +184 +186 +187 +189 +190 +191 +192 +193 +194 +195 +196 +197 +198 +199 +200 +201 +202 +203 +204 +215 +216 +217 +219 +220 +224 +225 +226 +227 +228 +229 +230 +231 +232 +233 +234 +235 +236 +237 +244 +245 +246 +247 +248 +249 +250 +251 +252 +253 +254 +255 +256 +257 +258 +262 +263 +277 +279 +280 +281 +282 +1 +2 +3 +4 +5 +6 +7 @
>CP047478.1
-102 -101 -100 -99 -98 -97 -96 -95 -92 -91 -90 -89 -88 -87 -86 -85 -84 -83 -82 -80 -79 -75 -74 -73 -72 -71 -70 -69 -66 -61 -60 -59 -58 -57 -56 -55 -54 -53 -52 -50 -49 -48 -47 -46 -45 -44 +33 +36 +37 +38 +39 +40 -24 -23 -22 -21 -20 -19 -18 -17 -16 -15 -14 -13 -12 -11 -10 -7 -6 -5 -4 -3 -2 -1 -282 -281 -280 -279 -277 -263 -262 -258 -257 -256 -255 -254 -253 -252 -251 -250 -249 -248 -247 -246 -245 -244 -237 -236 -235 -234 -233 -232 -231 -230 -229 -228 -227 -226 -225 -224 -220 -219 -217 -216 -215 -204 -203 -202 -201 -200 -199 -198 -197 -196 -195 -194 -193 -192 -191 -190 -189 -187 -186 -184 -183 -182 -181 -180 -179 -177 -176 -175 -173 -172 -171 -170 -169 -168 -167 -166 -165 -164 -163 -162 -161 -160 -159 -158 -155 -154 -153 -152 -151 -150 -149 -148 -147 -146 -145 -144 -143 -141 -140 -139 -138 -137 -136 -135 -134 -133 -132 -131 -127 -119 -109 -108 -105 -104 -103 @
>LR134507.1
+1 +2 +3 +4 +5 +6 +7 +10 +11 +12 +13 +14 +15 +16 +17 +18 +19 +20 +21 +22 +23 +24 -40 -39 -38 -37 -36 -33 +44 +45 +46 +47 +48 +50 +52 +53 +54 +55 +56 +57 +58 +59 +60 +61 +66 +69 +70 +71 +72 +73 +74 +75 +79 +80 +82 +83 +84 +85 +86 +87 +88 +89 +90 +91 +92 +95 +96 +97 +98 +99 +100 +101 +102 +103 +104 +105 +108 +237 +109 +131 +132 +133 +134 +135 +136 +137 +138 +139 +140 +141 +143 +144 +145 +146 +147 +148 +149 +150 +151 +152 +153 +154 +155 +158 +159 +160 +161 +162 +163 +164 +165 +166 +167 +168 +169 +170 +171 +172 +173 +175 +176 +177 +179 +180 +181 +182 +183 +184 +186 +187 +189 +190 +191 +192 +193 +194 +195 +196 +197 +198 +199 +200 +201 +202 +203 +204 +215 +216 +217 +219 +220 +224 +225 +226 +227 +228 +229 +230 +231 +232 +233 +234 +235 +236 +244 +245 -247 -246 +248 +249 +250 +251 +252 +253 +254 +255 +256 +257 +258 +262 +263 +277 +279 +280 +281 +282 @
>CP034393.1
+1 +2 +3 +4 +5 +6 +7 +10 +11 +12 +13 +14 +15 +16 +17 +18 +19 +20 +21 +22 +23 +24 -40 -39 -38 -37 -36 -33 +44 +45 +46 +47 +48 +49 +50 +52 +53 +54 +55 +56 +57 +58 +59 +60 +61 +66 +69 +70 +71 +72 +73 +74 +75 +79 +80 +82 +83 +84 +85 +86 +87 +88 +89 +90 +91 +92 +95 +96 +97 +98 +99 +100 +101 +102 +103 +104 +105 +108 +109 +119 +127 +131 +132 +133 +134 +135 +136 +137 +138 +139 +140 +141 +143 +144 +145 +146 +147 +148 +149 +150 +151 +152 +153 +154 +155 +158 +159 +160 +161 +162 +163 +164 +165 +166 +167 +168 +169 +170 +171 +172 +173 +175 +176 +177 +179 +180 +181 +182 +183 +184 +186 +187 +189 +190 +191 +192 +193 +194 +195 +196 +197 +198 +199 +200 +201 +202 +203 +204 +215 +216 +217 +219 +220 +224 +225 +226 +227 +228 +229 +230 +231 +232 +233 +234 +235 +236 +244 +245 +246 +247 +248 +249 +250 +251 +252 +253 +254 +255 +256 +257 +258 +262 +263 +277 +279 +280 +281 +282 @
>AL111168.1
+1 +2 +3 +4 +5 +6 +7 +10 +11 +12 +13 +14 +15 +16 +17 +18 +19 +20 +21 +22 +23 +24 -40 -39 -38 -37 -36 -33 +44 +45 +46 +47 +48 +49 +50 +52 +53 +54 +55 +56 +57 +58 +59 +60 +61 +66 +69 +70 +71 +72 +73 +74 +75 +79 +80 +82 +83 +84 +85 +86 +87 +88 +89 +90 +91 +92 +95 +96 +97 +98 +99 +100 +101 +102 +103 +104 +105 +108 +109 +119 +127 +131 +132 +133 +134 +135 +136 +137 +138 +139 +140 +141 +143 +144 +145 +146 +147 +148 +149 +150 +151 +152 +153 +154 +155 +158 +159 +160 +161 +162 +163 +164 +165 +166 +167 +168 +169 +170 +171 +172 +173 +175 +176 +177 +179 +180 +181 +182 +183 +184 +186 +187 +189 +190 +191 +192 +193 +194 +195 +196 +197 +198 +199 +200 +201 +202 +203 +204 +215 +216 +217 +219 +220 +224 +225 +226 +227 +228 +229 +230 +231 +232 +233 +234 +235 +236 +237 +244 +245 +246 +247 +248 +249 +250 +251 +252 +253 +254 +255 +256 +257 +258 +262 +263 +277 +279 +280 +281 +282 @
>CP017456.1
+1 +2 +3 +4 +5 +6 +7 +10 +11 +12 +13 +14 +15 +16 +17 +18 +19 +20 +21 +22 +23 +24 -40 -39 -38 -37 -36 -33 +44 +45 +46 +47 +48 +49 +50 +52 +53 +54 +55 +56 +57 +58 +59 +60 +61 +66 +69 +70 +71 +72 +73 +74 +75 +79 +80 +82 +83 +84 +85 +86 +87 +88 +89 +90 +91 +92 +95 +96 +97 +98 +99 +100 +101 +102 +103 +104 +105 +108 +109 +119 +127 +131 +132 +133 +134 +135 +136 +137 +138 +139 +140 +141 +143 +144 +145 +146 +147 +148 +149 +150 +151 +152 +153 +154 +155 +158 +159 +160 +161 +162 +163 +164 +165 +166 +167 +168 +169 +170 +171 +172 +173 +175 +176 +177 +179 +180 +181 +182 +183 +184 +186 +187 +189 +190 +191 +192 +193 +194 +195 +196 +197 +198 +199 +200 +201 +202 +203 +204 +215 +216 +217 +219 +224 +225 +226 +227 +228 +229 +230 +231 +232 +233 +234 +235 +236 +237 +244 +245 +246 +247 +248 +249 +250 +251 +252 +253 +254 +255 +256 +257 +258 +262 +263 +277 +279 +280 +281 +282 @
>CP047484.1
+10 +11 +12 +13 +14 +15 +16 +17 +18 +19 +20 +21 +22 +23 +24 -40 -39 -38 -37 -36 -33 +44 +45 +46 +47 +48 +49 +50 +52 +53 +54 +55 +56 +57 +58 +59 +60 +61 +66 +69 +70 +71 +72 +73 +74 +75 +79 +80 +82 +83 +84 +85 +86 +87 +88 +89 +90 +91 +92 +95 +96 +97 +98 +99 +100 +101 +102 +103 +104 +105 +108 +109 +119 +127 +131 +132 +133 +134 +135 +136 +137 +138 +139 +140 +141 +143 +144 +145 +146 +147 +148 +149 +150 +151 +152 +153 +154 +155 +158 +159 +160 +161 +162 +163 +164 +165 +166 +167 +168 +169 +170 +171 +172 +173 +175 +176 +177 +179 +180 +181 +182 +183 +184 +186 +187 +189 +190 +191 +192 +193 +194 +195 +196 +197 +198 +199 +200 +201 +202 +203 +204 +215 +216 +217 +219 +220 +224 +225 +226 +227 +228 +229 +230 +231 +232 +233 +234 +235 +236 +237 +244 +245 +246 +247 +248 +249 +250 +251 +252 +253 +254 +255 +256 +257 +258 +262 +263 +277 +279 +280 +281 +282 +1 +2 +3 +4 +5 +6 +7 @
>LR134511.1
+1 +2 +3 +4 +5 +6 +7 +10 +11 +12 +13 +14 +15 +16 +17 +18 +19 +20 +21 +22 +23 +24 -40 -39 -38 -37 -36 -33 +44 +45 +46 +47 +48 +49 +50 +52 +53 +54 +55 +56 +57 +58 +59 +60 +61 +66 +69 +70 +71 +72 +73 +74 +75 +79 +80 +82 +83 +84 +85 +86 +87 +88 +89 +90 +91 +92 +95 +96 +97 +98 +99 +100 +101 +102 +103 +104 +105 +108 +109 +119 +127 +131 +132 +133 +134 +135 +136 +137 +138 +139 +140 +141 +143 +144 +145 +146 +147 +148 +149 +150 +151 +152 +153 +154 +155 +158 +159 +160 +161 +162 +163 +164 +165 +166 +167 +168 +169 +170 +171 +172 +173 +175 +176 +177 +179 +180 +181 +182 +183 +184 +186 +187 +189 +190 +191 +192 +193 +194 +195 +196 +197 +198 +199 +200 +201 +202 +203 +204 +215 +216 +217 +219 +220 +224 +225 +226 +227 +228 +229 +230 +231 +232 +233 +234 +235 +236 +237 +244 +245 +246 +247 +248 +249 +250 +251 +252 +253 +254 +255 +256 +257 +258 +262 +263 +277 +279 +280 +281 +282 @
>CP001900.1
+1 +2 +3 +4 +5 +6 +7 +10 +11 +12 +13 +14 +15 +16 +17 +18 +19 +20 +21 +22 +23 +24 -40 -39 -38 -37 -36 -33 +44 +45 +46 +47 +48 +50 +52 +53 +54 +55 +56 +57 +58 +59 +60 +61 +66 +69 +70 +71 +72 +73 +74 +75 +79 +80 +82 +83 +84 +85 +86 +87 +88 +89 +90 +91 +92 +95 +96 +97 +98 +99 +100 +101 +102 +103 +104 +105 +108 +237 +109 +119 +127 +131 +132 +133 +134 +135 +136 +137 +138 +139 +140 +141 +143 +144 +145 +146 +147 +148 +149 +150 +151 +152 +153 +154 +155 +158 +159 +160 +161 +162 +163 +164 +165 +166 +167 +168 +169 +170 +171 +172 +173 +175 +176 +177 +179 +180 +181 +182 +183 +184 +186 +187 +189 +190 +191 +192 +193 +194 +195 +196 +197 +198 +199 +200 +201 +202 +203 +204 +215 +216 +219 +224 +225 +226 +227 +228 +229 +230 +231 +232 +233 +234 +235 +236 +244 +245 +246 +247 +248 +249 +250 +251 +252 +253 +254 +255 +256 +257 +258 +262 +263 +277 +279 +280 +281 +282 @
>CP047480.1
+71 +72 +73 +74 +75 +79 +80 +82 +83 +84 +85 +86 +87 +88 +89 +90 +91 +92 +95 +96 +97 +98 +99 +100 +101 +102 +103 +104 +105 +108 +109 +119 +127 +131 +132 +133 +134 +135 +136 +137 +138 +139 +140 +141 +143 +144 +145 +146 +147 +148 +149 +150 +151 +152 +153 +154 +155 +158 +159 +160 +161 +162 +163 +164 +165 +166 +167 +168 +169 +170 +171 +172 +173 +175 +176 +177 +179 +180 +181 +182 +183 +184 +186 +187 +189 +190 +191 +192 +193 +194 +195 +196 +197 +198 +199 +200 +201 +202 +203 +204 +215 +216 +217 +219 +220 +224 +225 +226 +227 +228 +229 +230 +231 +232 +233 +234 +235 +236 +237 +244 +245 +246 +247 +248 +249 +250 +251 +252 +253 +254 +255 +256 +257 +258 +262 +263 +277 +279 +280 +281 +282 +1 +2 +3 +4 +5 +6 +7 +10 +11 +12 +13 +14 +15 +16 +17 +18 +19 +20 +21 +22 +23 +24 -40 -39 -38 -37 -36 -33 +44 +45 +46 +47 +48 +49 +50 +52 +53 +54 +55 +56 +57 +58 +59 +60 +61 +66 +69 +70 @
>CP012690.1
+1 +2 +3 +4 +5 +6 +7 +10 +11 +12 +13 +14 +15 +16 +17 +18 +19 +20 +21 +22 +23 +24 -40 -39 -38 -37 -36 -33 +44 +45 +46 +47 +48 +49 +50 +52 +53 +54 +55 +56 +57 +58 +59 +60 +61 +66 +69 +70 +71 +72 +73 +74 +75 +79 +80 +82 +83 +84 +85 +86 +87 +88 +89 +90 +91 +92 +95 +96 +97 +98 +99 +100 +101 +102 +103 +104 +105 +108 +109 +119 +127 +131 +132 +133 +134 +135 +136 +137 +138 +139 +140 +141 +143 +144 +145 +146 +147 +148 +149 +150 +151 +152 +153 +154 +155 +158 +159 +160 +161 +162 +163 +164 +165 +166 +167 +168 +169 +170 +171 +172 +173 +175 +176 +177 +179 +180 +181 +182 +183 +184 +186 +187 +189 +190 +191 +192 +193 +194 +195 +196 +197 +198 +199 +200 +201 +202 +203 +204 +215 +216 +217 +219 +224 +225 +226 +227 +228 +229 +230 +231 +232 +233 +234 +235 +236 +244 +245 +246 +247 +248 +249 +250 +251 +252 +253 +254 +255 +256 +257 +258 +262 +263 +277 +279 +280 +281 +282 @
>CP005388.1
+1 +2 +3 +4 +5 +6 +7 +10 +11 +12 +13 +14 +15 +16 +17 +18 +19 +20 +21 +22 +23 +24 -40 -39 -38 -37 -36 -33 +44 +45 +46 +47 +48 +49 +50 +52 +53 +54 +55 +56 +57 +58 +59 +60 +61 +66 +69 +70 +71 +72 +73 +74 +75 +79 +80 +82 +83 +84 +85 +86 +87 +88 +89 +90 +91 +92 +95 +96 +97 +98 +99 +100 +101 +102 +103 +104 +105 +108 +109 +119 +127 +131 +132 +133 +134 +135 +136 +137 +138 +139 +140 +141 +143 +144 +145 +146 +147 +148 +149 +150 +151 +152 +153 +154 +155 +158 +159 +160 +161 +162 +163 +164 +165 +166 +167 +168 +169 +170 +171 +172 +173 +175 +176 +177 +179 +180 +181 +182 +183 +184 +186 +187 +189 +190 +191 +192 +193 +194 +195 +196 +197 +198 +199 +200 +201 +202 +203 +204 +215 +216 +217 +219 +220 +224 +225 +226 +227 +228 +229 +230 +231 +232 +233 +234 +235 +236 +237 +244 +245 +246 +247 +248 +249 +250 +251 +252 +253 +254 +255 +256 +257 +258 +263 +277 +279 +280 +281 +282 @
>CP047477.1
-127 -119 -109 -108 -105 -104 -103 -102 -101 -100 -99 -98 -97 -96 -95 -92 -91 -90 -89 -88 -87 -86 -85 -84 -83 -82 -80 -79 -75 -74 -73 -72 -71 -70 -69 -66 -61 -60 -59 -58 -57 -56 -55 -54 -53 -52 -50 -49 -48 -47 -46 -45 -44 +33 +36 +37 +38 +39 +40 -24 -23 -22 -21 -20 -19 -18 -17 -16 -15 -14 -13 -12 -11 -10 -7 -6 -5 -4 -3 -2 -1 -282 -281 -280 -279 -277 -263 -262 -258 -257 -256 -255 -254 -253 -252 -251 -250 -249 -248 -247 -246 -245 -244 -237 -236 -235 -234 -233 -232 -231 -230 -229 -228 -227 -226 -225 -224 -220 -219 -217 -216 -215 -204 -203 -202 -201 -200 -199 -198 -197 -196 -195 -194 -193 -192 -191 -190 -189 -187 -186 -184 -183 -182 -181 -180 -179 -177 -176 -175 -173 -172 -171 -170 -169 -168 -167 -166 -165 -164 -163 -162 -161 -160 -159 -158 -155 -154 -153 -152 -151 -150 -149 -148 -147 -146 -145 -144 -143 -141 -140 -139 -138 -137 -136 -135 -134 -133 -132 -131 @
>LN831025.1
+1 +2 +3 +4 +5 +6 +7 +10 +11 +12 +13 +14 +15 +16 +17 +18 +19 +20 +21 +22 +23 +24 -40 -39 -38 -37 -36 -33 +44 +45 +46 +47 +48 +50 +52 +53 +54 +55 +56 +57 +58 +59 +60 +61 +66 +69 +70 +71 +72 +73 +74 +75 +79 +80 +82 +83 +84 +85 +86 +87 +88 +90 +91 +92 +95 +96 +97 +98 +99 +100 +101 +102 +103 +104 +105 +108 +109 +119 +127 +131 +132 +133 +134 +135 +136 +137 +138 +139 +140 +141 +143 +144 +145 +146 +147 +148 +149 +150 +151 +152 +153 +154 +155 +158 +159 +160 +161 +162 +163 +164 +165 +166 +167 +168 +169 +171 +172 +173 +175 +176 +177 +179 +180 +181 +182 +183 +184 +186 +187 +189 +190 +191 +192 +193 +194 +195 +196 +197 +198 +199 +200 +201 +202 +203 +204 +215 +216 +217 +219 +220 +224 +225 +226 +227 +228 +229 +230 +231 +232 +233 +234 +235 +236 +237 +244 +245 +246 +247 +248 +249 +250 +251 +252 +253 +254 +255 +256 +257 +258 +262 +263 +277 +279 +280 +281 +282 @
>CP022559.1
+1 +2 +3 +4 +5 +6 +7 +10 +11 +12 +13 +14 +15 +16 +17 +18 +19 +20 +21 +22 +23 +24 -40 -39 -38 -37 -36 -33 +44 +45 +46 +47 +48 +49 +50 +52 +53 +54 +55 +56 +57 +58 +59 +60 +61 +66 +69 +70 +71 +72 +73 +74 +75 +79 +80 +82 +83 +84 +85 +86 +87 +88 +89 +90 +91 +92 +95 +96 +97 +98 +99 +100 +101 +102 +103 +104 +105 +108 +109 +119 +127 +131 +132 +133 +134 +135 +136 +137 +138 +139 +140 +141 +143 +144 +145 +146 +147 +148 +149 +150 +151 +152 +153 +154 +155 +158 +159 +160 +161 +162 +163 +164 +165 +166 +167 +168 +169 +170 +171 +172 +173 +175 +176 +177 +179 +180 +181 +182 +183 +184 +186 +187 +189 +190 +191 +192 +193 +194 +195 +196 +197 +198 +199 +200 +201 +202 +203 +204 +215 +216 +217 +219 +220 +224 +225 +226 +227 +228 +229 +230 +231 +232 +233 +234 +235 +236 +237 +244 +245 +246 +247 +248 +249 +250 +251 +252 +253 +254 +255 +256 +257 +258 +262 +263 +277 +279 +280 +281 +282 @
>CP006686.1
+1 +2 +3 +4 +5 +6 +7 +10 +11 +12 +13 +14 +15 +16 +17 +18 +19 +20 +21 +22 +23 +24 -40 -39 -38 -37 -36 -33 +44 +45 +46 +47 +48 +49 +50 +52 +53 +54 +55 +56 +57 +58 +59 +60 +61 +66 +69 +70 +71 +72 +73 +74 +75 +79 +80 +82 +83 +84 +85 +86 +87 +88 +89 +90 +91 +92 +95 +96 +97 +98 +99 +100 +101 +102 +103 +104 +105 +108 +109 +119 +127 +131 +132 +133 +134 +135 +136 +137 +138 +139 +140 +141 +143 +144 +145 +146 +147 +148 +149 +150 +151 +152 +153 +154 +155 +158 +159 +160 +161 +162 +163 +164 +165 +166 +167 +168 +169 +170 +171 +172 +173 +175 +176 +177 +179 +180 +181 +182 +183 +184 +186 +187 +189 +190 +191 +192 +193 +194 +195 +196 +197 +198 +199 +200 +201 +202 +203 +204 +215 +216 +217 +219 +220 +224 +225 +226 +227 +228 +229 +230 +231 +232 +233 +234 +235 +236 +237 +244 +245 +246 +247 +248 +249 +250 +251 +252 +253 +254 +255 +256 +257 +258 +262 +263 +277 +279 +280 +281 +282 @
>CP045048.1
+1 +2 +3 +4 +5 +6 +7 +10 +11 +12 +13 +14 +15 +16 +17 +18 +19 +20 +21 +22 +23 +24 -40 -39 -38 -37 -36 -33 +44 +45 +46 +47 +48 +49 +50 +52 +53 +54 +55 +56 +57 +58 +59 +60 +61 +66 +69 +70 +71 +72 +73 +74 +75 +79 +80 +82 +83 +84 +85 +86 +87 +88 +89 +90 +91 +92 +95 +96 +97 +98 +99 +100 +101 +102 +103 +104 +105 +108 +109 +119 +127 +131 +132 +133 +134 +135 +136 +137 +138 +139 +140 +141 +143 +144 +145 +146 +147 +148 +149 +150 +151 +152 +153 +154 +155 +158 +159 +160 +161 +162 +163 +164 +165 +166 +167 +168 +169 +170 +171 +172 +173 +175 +176 +177 +179 +180 +181 +182 +183 +184 +186 +187 +189 +190 +191 +192 +193 +194 +195 +196 +197 +198 +199 +200 +201 +202 +203 +204 +215 +216 +217 +219 +220 +224 +225 +226 +227 +228 +229 +230 +231 +232 +233 +234 +235 +236 +237 +244 +245 +246 +247 +248 +249 +250 +251 +252 +253 +254 +255 +256 +257 +258 +262 +263 +277 +279 +280 +281 +282 @
>CP041584.1
+1 +2 +3 +4 +5 +6 +7 +10 +11 +12 +13 +14 +15 +16 +17 +18 +19 +20 +21 +22 +23 +24 -40 -39 -38 -37 -36 -33 +44 +45 +46 +47 +48 +49 +50 +52 +53 +54 +55 +56 +57 +58 +59 +60 +61 +66 +69 +70 +71 +72 +73 +74 +75 +79 +80 +82 +83 +84 +85 +86 +87 +88 +89 +90 +91 +92 +95 +96 +97 +98 +99 +100 +101 +102 +103 +104 +105 +108 +109 +119 +127 +131 +132 +133 +134 +135 +136 +137 +138 +139 +140 +141 +143 +144 +145 +146 +147 +148 +149 +150 +151 +152 +153 +154 +155 +158 +159 +160 +161 +162 +163 +164 +165 +166 +167 +168 +169 +170 +171 +172 +173 +175 +176 +177 +179 +180 +181 +182 +183 +184 +186 +187 +189 +190 +191 +192 +193 +194 +195 +196 +197 +198 +199 +200 +201 +202 +203 +204 +215 +216 +217 +219 +220 +224 +225 +226 +227 +228 +229 +230 +231 +232 +233 +234 +235 +236 +237 +244 +245 +246 +247 +248 +249 +250 +251 +252 +253 +254 +255 +256 +257 +258 +262 +263 +277 +279 +280 +281 +282 @
>CP002029.1
+1 +2 +3 +4 +5 +6 +7 +10 +11 +12 +13 +14 +15 +16 +17 +18 +19 +20 +21 +22 +23 +24 -40 -39 -38 -37 -36 -33 +44 +45 +46 +47 +48 +49 +50 +52 +53 +54 +55 +56 +57 +58 +59 +60 +61 +66 +69 +70 +71 +72 +73 +74 +75 +79 +80 +82 +83 +84 +85 +86 +87 +88 +89 +90 +91 +92 +95 +96 +97 +98 +99 +100 +101 +102 +103 +104 +105 +108 +109 +119 +127 +131 +132 +133 +134 +135 +136 +137 +138 +139 +140 +141 +143 +144 +145 +146 +147 +148 +149 +150 +151 +152 +153 +154 +155 +158 +159 +160 +161 +162 +163 +164 +165 +166 +167 +168 +169 +170 +171 +172 +173 +175 +176 +177 +179 +180 +181 +182 +183 +184 +186 +187 +189 +190 +191 +192 +193 +194 +195 +196 +197 +198 +199 +200 +201 +202 +203 +204 +215 +216 +217 +219 +224 +225 +226 +227 +228 +229 +230 +231 +232 +233 +234 +235 +236 +244 +245 +246 +247 +248 +249 +250 +251 +252 +253 +254 +255 +256 +257 +258 +262 +263 +277 +279 +280 +281 +282 @
>CP003871.4
+1 +2 +3 +4 +5 +6 +7 +10 +11 +12 +13 +14 +15 +16 +17 +18 +19 +20 +21 +22 +23 +24 -40 -39 -38 -37 -36 -33 +44 +45 +46 +47 +48 +49 +50 +52 +53 +54 +55 +56 +57 +58 +59 +60 +61 +66 +69 +70 +71 +72 +73 +74 +75 +79 +80 +82 +83 +84 +85 +86 +87 +88 +89 +90 +91 +92 +95 +96 +97 +98 +99 +100 +101 +102 +103 +104 +105 +108 +109 +119 +127 +131 +132 +133 +134 +135 +136 +137 +138 +139 +140 +141 +143 +144 +145 +146 +147 +148 +149 +150 +151 +152 +153 +154 +155 +158 +159 +160 +161 +162 +163 +164 +165 +166 +167 +168 +169 +170 +171 +172 +173 +175 +176 +177 +179 +180 +181 +182 +183 +184 +186 +187 +189 +190 +191 +192 +193 +194 +195 +196 +197 +198 +199 +200 +201 +202 +203 +204 +215 +216 +217 +219 +220 +224 +225 +226 +227 +228 +229 +230 +231 +232 +233 +234 +235 +236 +237 +244 +245 +246 +247 +248 +249 +250 +251 +252 +253 +254 +255 +256 +257 +258 +262 +263 +277 +279 +280 +281 +282 @
