>CP022559_1
+1 +2 +3 -14 +15 +16 +17 +18 +19 +20 +21 +22 +23 +25 +26 +27 +28 +29 +30 +31 +32 +35 +36 +37 +38 +40 +44 +45 +46 +47 +48 +49 +51 +52 +53 +54 +55 +57 +58 +59 +60 +61 +62 +63 +64 +65 +66 +67 +68 +69 +70 +71 +72 +73 +74 +75 +76 +77 +82 +95 +96 +97 +98 +99 +100 +101 +102 +103 +105 +110 +111 +112 $
>CP012220_1
+1 +2 +3 -14 +15 +16 +17 +18 +19 +20 +21 +22 +23 +25 +26 +27 +28 +29 +30 +31 +32 +35 +36 +37 +38 +40 +44 +45 +46 +47 -48 +49 +51 +52 +53 +54 +55 +57 +58 +59 +60 +61 +62 +63 +64 +65 +66 +67 +68 +69 +70 +71 +72 +73 +74 +75 +76 +77 +82 +95 +96 +97 +98 +99 +100 +101 +102 +103 +105 +110 +111 +112 $
>CP022077_1
+1 +2 +3 +14 +15 +16 +17 +18 +19 +20 +21 +22 +23 +25 +26 +27 +28 +29 +30 +31 +32 +35 +36 +37 +38 +40 +44 +45 +46 +47 +48 +49 +51 +52 +53 +54 +55 +57 +58 +59 +60 +61 +62 +63 +64 +65 +66 +67 +68 +69 +70 +71 +72 +73 +74 +75 +76 +77 +82 +95 +96 +97 +98 +99 +100 +101 +102 +103 +105 +110 +111 +112 $
>CP023343_1
+1 +2 +3 -14 +15 +16 +17 +18 +19 +20 +21 +22 +23 +25 +26 +27 +28 +29 +30 +31 +32 +35 +36 +37 +38 +40 +44 +45 +46 +47 +48 +49 +51 +52 +53 +54 +55 +57 +58 +59 +60 +61 +62 +63 +64 +65 +66 +67 +68 +69 +70 +71 +72 +73 +74 +75 +76 +77 +82 +95 +96 +97 +98 +99 +100 +101 +102 +103 +105 +110 +111 +112 $
>CP022439_1
+1 +2 +3 -14 +15 +16 +17 +18 +19 +20 +21 +22 +23 +25 +26 +27 +28 +29 +30 +31 +32 +35 +36 +37 +38 +40 +44 +45 +46 +47 +48 +49 +51 +52 +53 +54 +55 +57 +58 +59 +60 +61 +62 +63 +64 +65 +66 +67 +68 +69 +70 +71 +72 +73 +74 +75 +76 +77 +82 +95 +96 +97 +98 +99 +100 +101 +102 +103 +105 +110 +111 +112 $
>CP000814_1
+1 +2 +3 -14 +15 +16 +17 +18 +19 +20 +21 +22 +23 +25 +26 +27 +28 +29 +30 +31 +32 +35 +36 +37 +38 +40 +44 +45 +46 +47 +48 +49 +51 +52 +53 +54 +55 +57 +58 +59 +60 +61 +62 +63 +64 +65 +66 +67 +68 +69 +70 +71 +72 +73 +74 +75 +76 +77 +82 +95 +96 +97 +98 +99 +100 +101 +102 +103 +105 +110 +111 +112 $
>CP017229_1
+1 +2 +3 -14 +15 +16 +17 +18 +19 +20 +21 +22 +23 +25 +26 +27 +28 +29 +30 +31 +32 +35 +36 +37 +38 +40 +44 +45 +46 +47 +48 +49 +51 +52 +53 +54 +55 +57 +58 +59 +60 +61 +62 +63 +64 +65 +66 +67 +68 +69 +70 +71 +72 +73 +74 +75 +76 +77 +82 +95 +96 +97 +98 +99 +100 +101 +102 +103 +105 +110 +111 +112 $
>CP012214_1
+1 +2 +3 -14 +15 +16 +17 +18 +19 +20 +21 +22 +23 +25 +26 +27 +28 +29 +30 +31 +32 +35 +36 +37 +38 +40 +44 +45 +46 +47 +48 +49 +51 +52 +53 +54 +55 +57 +58 +59 +60 +61 +62 +63 +64 +65 +66 +67 +68 +69 +70 +71 +72 +73 +74 +75 +76 +77 +82 +95 +96 +97 +98 +99 +100 +101 +102 +103 +105 +110 +111 +112 $
>CP001900_1
+1 +2 +3 -14 +15 +16 +17 +18 +19 +20 +21 +22 +23 +25 +26 +27 +28 +29 +30 +31 +32 +35 +36 +37 +38 +40 +44 +45 +46 +47 +48 +49 +51 +52 +53 +54 +55 +57 +58 +59 +60 +61 +62 +63 +64 +65 +66 +67 +68 +69 +70 +71 +72 +73 +74 +75 +76 +77 +82 +95 +96 +97 +98 +99 +100 +101 +102 +103 +105 +110 +111 +112 $
>CP023543_1
+1 +2 +3 -14 +15 +16 +17 +18 +19 +20 +21 +22 +23 +25 +26 +27 +28 +29 +30 +31 +32 +35 +36 +37 +38 +40 +44 +45 +46 +47 +48 +49 +51 +52 +53 +54 +55 +57 +58 +59 +60 +61 +62 +63 +64 +65 +66 +67 +68 +69 +70 +71 +72 +73 +74 +75 +76 +77 +82 +95 +96 +97 +98 +99 +100 +101 +102 +103 +105 +110 +111 +112 $
>CP028911_1
+1 +2 +3 -14 +15 +16 +17 +18 +19 +20 +21 +22 +23 +25 +26 +27 +28 +29 +30 +31 +32 +35 +36 +37 +38 +40 +44 +45 +46 +47 +48 +49 +51 +52 +53 +54 +55 +57 +58 +59 +60 +61 +62 +63 +64 +65 +66 +67 +68 +69 +70 +71 +72 +73 +74 +75 +76 +77 +82 +95 +96 +97 +98 +99 +100 +101 +102 +103 +105 +110 +111 +112 $
>CP007751_1
+1 +2 +3 -14 +15 +16 +17 +18 +19 +20 +21 +22 +23 +25 +26 +27 +28 +29 +30 +31 +32 +35 +36 +37 +38 +40 +44 +45 +46 +47 +48 +49 +51 +52 +53 +54 +55 +57 +58 +59 +60 +61 +62 +63 +64 +65 +66 +67 +68 +69 +70 +71 +72 +73 +74 +75 +76 +77 +82 +95 +96 +97 +98 +99 +100 +101 +102 +103 +105 +110 +111 +112 $
>CP006688_1
+1 +2 +3 -14 +15 +16 +17 +18 +19 +20 +21 +22 +23 +25 +26 +27 +28 +29 +30 +31 +32 +35 +36 +37 +38 +40 +44 +45 +46 +47 +48 +49 +51 +52 +53 +54 +55 +57 +58 +59 +60 +61 +62 +63 +64 +65 +66 +67 +68 +69 +70 +71 +72 +73 +74 +75 +76 +77 +82 +95 +96 +97 +98 +99 +100 +101 +102 +103 +105 +110 +111 +112 $
>CP007188_1
+1 +2 +3 -14 +15 +16 +17 +18 +19 +20 +21 +22 +23 +25 +26 +27 +28 +29 +30 +31 +32 +35 +36 +37 +38 +40 +44 +45 +46 +47 +48 +49 +51 +52 +53 +54 +55 +57 +58 +59 +60 +61 +62 +63 +64 +65 +66 +67 +68 +69 +70 +71 +72 +73 +74 +75 +76 +77 +82 +95 +96 +97 +98 +99 +100 +101 +102 +103 +105 +110 +111 +112 $
>CP041584_1
+1 +2 +3 -14 +15 +16 +17 +18 +19 +20 +21 +22 +23 +25 +26 +27 +28 +29 +30 +31 +32 +35 +36 +37 +38 +40 +44 +45 +46 +47 +48 +49 +51 +52 +53 +54 +55 +57 +58 +59 +60 +61 +62 +63 +64 +65 +66 +67 +68 +69 +70 +71 +72 +73 +74 +75 +76 +77 +82 +95 +96 +97 +98 +99 +100 +101 +102 +103 +105 +110 +111 +112 $
>CP020776_1
+1 +2 +3 +14 +15 +16 +17 +18 +19 +20 +21 +22 +23 +25 +26 +27 +28 +29 +30 +31 +32 +35 +36 +37 +38 +40 +44 +45 +46 +47 +48 +49 +51 +52 +53 +54 +55 +57 +58 +59 +60 +61 +62 +63 +64 +65 +66 +67 +68 +69 +70 +71 +72 +73 +74 +75 +76 +77 +82 +95 +96 +97 +98 +99 +100 +101 +102 +103 +105 +110 +111 +112 $
>CP012217_1
+1 +2 +3 +25 +26 +27 +28 +29 +30 +31 +32 +35 +36 +37 +38 +40 +44 +45 +46 +47 +48 +49 +51 +52 +53 +54 +55 +57 +58 +59 +60 +61 +62 +63 +64 +65 +66 +67 +68 +69 +70 +71 +72 +73 +74 +75 +76 +77 +82 +95 +96 +97 +98 +99 +100 +101 +102 +103 -14 +15 +16 +17 +18 +19 +20 +21 +22 +23 +105 +110 +111 +112 $
>CP027403_1
+1 +2 +3 -14 -82 -77 -76 -75 -74 -73 -72 -71 -70 -69 -68 -67 -66 -65 -64 -63 -62 -61 -60 -59 -58 -55 -54 +51 +52 +53 -37 -36 -35 +57 -49 -48 -47 -46 -45 -44 -40 -38 -32 -31 -30 -29 -28 -27 -26 -25 -23 -22 -21 -20 -19 -18 -17 -16 -15 +95 +96 +97 +98 +99 +100 +101 +102 +103 +105 +110 +111 +112 $
>CP007190_1
+1 +2 +3 -14 +15 +16 +17 +18 +19 +20 +21 +22 +23 +25 +26 +27 +28 +29 +30 +31 +32 +35 +36 +37 +38 +40 +44 +45 +46 +47 +48 +49 +51 +52 +53 +54 +55 +57 +58 +59 +60 +61 +62 +63 +64 +65 +66 +67 +68 +69 +70 +71 +72 +73 +74 +75 +76 +77 +82 +95 +96 +97 +98 +99 +100 +101 +102 +103 +105 +110 +111 +112 $
>CP006686_1
+1 +2 +3 -14 +15 +16 +17 +18 +19 +20 +21 +22 +23 +25 +26 +27 +28 +29 +30 +31 +32 +35 +36 +37 +38 +40 +44 +45 +46 +47 +48 +49 +51 +52 +53 +54 +55 +57 +58 +59 +60 +61 +62 +63 +64 +65 +66 +67 +68 +69 +70 +71 +72 +73 +74 +75 +76 +77 +82 +95 +96 +97 +98 +99 +100 +101 +102 +103 +105 +110 +111 +112 $
>CP012224_1
+1 +2 +3 -14 +15 +16 +17 +18 +19 +20 +21 +22 +23 +25 +26 +27 +28 +29 +30 +31 +32 +35 +36 +37 +38 +40 +44 +45 +46 +47 +48 +49 +51 +52 +53 +54 +55 +57 +58 +59 +60 +61 +62 +63 +64 +65 +66 +67 +68 +69 +70 +71 +72 +73 +74 +75 +76 +77 +82 +95 +96 +97 +98 +99 +100 +101 +102 +103 +105 +110 +111 +112 $
>CP005388_1
+1 +2 +3 -14 +15 +16 +17 +18 +19 +20 +21 +22 +23 +25 +26 +27 +28 +29 +30 +31 +32 +35 +36 +37 +38 +40 +44 +45 +46 +47 +48 +49 +51 +52 +53 +54 +55 +57 +58 +59 +60 +61 +62 +63 +64 +65 +66 +67 +68 +69 +70 +71 +72 +73 +74 +75 +76 +77 +82 +95 +96 +97 +98 +99 +100 +101 +102 +103 +105 +110 +111 +112 $
>CP022440_1
+1 +2 +3 -14 +15 +16 +17 +18 +19 +20 +21 +22 +23 +25 +26 +27 +28 +29 +30 +31 +32 +35 +36 +37 +38 +40 +44 +45 +46 +47 +48 +49 +51 +52 +53 +54 +55 +57 +58 +59 +60 +61 +62 +63 +64 +65 +66 +67 +68 +69 +70 +71 +72 +73 +74 +75 +76 +77 +82 +95 +96 +97 +98 +99 +100 +101 +102 +103 +105 +110 +111 +112 $
>CP028910_1
+1 +2 +3 +14 +15 +16 +17 +18 +19 +20 +21 +22 +23 +25 +26 +27 +28 +29 +30 +31 +32 +35 +36 +37 +38 +40 +44 +45 +46 +47 +48 +49 +51 +52 +53 +54 +55 +57 +58 +59 +60 +61 +62 +63 +64 +65 +66 +67 +68 +69 +70 +71 +72 +73 +74 +75 +76 +77 +82 +95 +96 +97 +98 +99 +100 +101 +102 +103 +105 +110 +111 +112 $
>LR134497_1
+1 +2 +3 -14 +15 +16 +17 +18 +19 +20 +21 +22 +23 +25 +26 +27 +28 +29 +30 +31 +32 +35 +36 +37 +38 +40 +44 +45 +46 +47 +48 +49 +51 +52 +53 +54 +55 +57 +58 +59 +60 +61 +62 +63 +64 +65 +66 +67 +68 +69 +70 +71 +72 +73 +74 +75 +76 +77 +82 +95 +96 +97 +98 +99 +100 +101 +102 +103 +105 +110 +111 +112 $
>CP017860_1
+1 +2 +3 -14 +15 +16 +17 +18 +19 +20 +21 +22 +23 +25 +26 +27 +28 +29 +30 +31 +32 +35 +36 +37 +38 +40 +44 +45 +46 +47 +48 +49 +51 +52 +53 +54 +55 +57 +58 +59 +60 +61 +62 +63 +64 +65 +66 +67 +68 +69 +70 +71 +72 +73 +74 +75 +76 +77 +82 +95 +96 +97 +98 +99 +100 +101 +102 +103 +105 +110 +111 +112 $
>CP006687_1
+1 +2 +3 -14 +15 +16 +17 +18 +19 +20 +21 +22 +23 +25 +26 +27 +28 +29 +30 +31 +32 +35 +36 +37 +38 +40 +44 +45 +46 +47 +48 +49 +51 +52 +53 +54 +55 +57 +58 +59 +60 +61 +62 +63 +64 +65 +66 +67 +68 +69 +70 +71 +72 +73 +74 +75 +76 +77 +82 +95 +96 +97 +98 +99 +100 +101 +102 +103 +105 +110 +111 +112 $
>CP019965_1
+1 +2 +3 -14 +15 +16 +17 +18 +19 +20 +21 +22 +23 +25 +26 +27 +28 +29 +30 +31 +32 +35 +36 +37 +38 +40 +44 +45 +46 +47 +48 +49 +51 +52 +53 +54 +55 +57 +58 +59 +60 +61 +62 +63 +64 +65 +66 +67 +68 +69 +70 +71 +72 +73 +74 +75 +76 +77 +82 +95 +96 +97 +98 +99 +100 +101 +102 +103 +105 +110 +111 +112 $
>CP006689_1
+1 +2 +3 -14 +15 +16 +17 +18 +19 +20 +21 +22 +23 +25 +26 +27 +28 +29 +30 +31 +32 +35 +36 +37 +38 +40 +44 +45 +46 +47 +48 +49 +51 +52 +53 +54 +55 +57 +58 +59 +60 +61 +62 +63 +64 +65 +66 +67 +68 +69 +70 +71 +72 +73 +74 +75 +76 +77 +82 +95 +96 +97 +98 +99 +100 +101 +102 +103 +105 +110 +111 +112 $
>CP012210_1
+1 +2 +3 -14 +15 +16 +17 +18 +19 +20 +21 +22 +23 +30 +31 +32 +35 +36 +37 +38 +40 +25 +26 +27 +28 +29 +44 +45 +46 +47 +48 +49 +51 +52 +53 +54 +55 +57 +58 +59 +60 +61 +62 +63 +64 +65 +66 +67 +68 +69 +70 +71 +72 +73 +74 +75 +76 +77 +82 +95 +96 +97 +98 +99 +100 +101 +102 +103 +105 +110 +111 +112 $
>CP053659_1
+1 +2 +3 -14 +15 +16 +17 +18 +19 +20 +21 +22 +23 +25 +26 +27 +28 +29 +30 +31 +32 +35 +36 +37 +38 +40 +44 +45 +46 +47 +48 +49 +51 +52 +53 +54 +55 +57 +58 +59 +60 +61 +62 +63 +64 +65 +66 +67 +68 +69 +70 +71 +72 +73 +74 +75 +76 +77 +82 -95 +96 +97 +98 +99 +100 +101 +102 +103 +105 +110 +111 +112 $
>CP014344_1
+1 +2 +3 -14 +15 +16 +17 +18 +19 +20 +21 +22 +23 +25 +26 +27 +28 +29 +30 +31 +32 +35 +36 +37 +38 +40 +44 +45 +46 +47 +48 +49 +51 +52 +53 +54 +55 +57 +58 +59 +60 +61 +62 +63 +64 +65 +66 +67 +68 +69 +70 +71 +72 +73 +74 +75 +76 +77 +82 +95 +96 +97 +98 +99 +100 +101 +102 +103 +105 +110 +111 +112 $
>CP047478_1
+1 +2 +3 +14 +15 +16 +17 +18 +19 +20 +21 +22 +23 +25 +26 +27 +28 +29 +30 +31 +32 +35 +36 +37 +38 +40 +44 +45 +46 +47 +48 +49 +51 +52 +53 +54 +55 +57 +58 +59 +60 +61 +62 +63 +64 +65 +66 +67 +68 +69 +70 +71 +72 +73 +74 +75 +76 +77 +82 +95 +96 +97 +98 +99 +100 +101 +102 +103 +105 +110 +111 +112 $
>CP022470_1
+1 +2 +3 -14 +15 +16 +17 +18 +19 +20 +21 +22 +23 +25 +26 +27 +28 +29 +30 +31 +32 +35 +36 +37 +38 +40 +44 +45 +46 +47 +48 +49 +51 +52 +53 +54 +55 +57 +58 +59 +60 +61 +62 +63 +64 +65 +66 +67 +68 +69 +70 +71 +72 +73 +74 +75 +76 +77 +82 +95 +96 +97 +98 +99 +100 +101 +102 +103 +105 +110 +111 +112 $
>CP002029_1
+1 +2 +3 -14 +15 +16 +17 +18 +19 +20 +21 +22 +23 +25 +26 +27 +28 +29 +30 +31 +32 +35 +36 +37 +38 +40 +44 +45 +46 +47 +48 +49 +51 +52 +53 +54 +55 +57 +58 +59 +60 +61 +62 +63 +64 +65 +66 +67 +68 +69 +70 +71 +72 +73 +74 +75 +76 +77 +82 +95 +96 +97 +98 +99 +100 +101 +102 +103 +105 +110 +111 +112 $
>CP023446_1
+1 +2 +3 +14 +105 +103 +102 +101 +100 +99 +98 +97 +96 +95 +82 +77 +76 +75 +74 +73 +72 +71 +70 +69 +68 +67 +66 +65 +64 +63 +62 +61 +60 +59 +58 +57 +55 +54 +53 +52 +51 +49 +48 +47 +46 +45 +44 +40 +38 +37 +36 +35 +32 +31 +30 +29 +28 +27 +26 +25 +23 +22 +21 +20 +19 +18 +17 +16 +15 +110 +111 +112 $
>CM000854_1
+1 +2 +3 -14 +15 +16 +17 +18 +19 +20 +21 +22 +23 +25 +26 +27 +28 +29 +30 +31 +32 +35 +36 +37 +38 +40 +44 +45 +46 +47 +48 +49 +51 +52 +53 +54 +55 +57 +58 +59 +60 +61 +62 +63 +64 +65 +66 +67 +68 +69 +70 +71 +72 +73 +74 +75 +76 +77 +82 +95 +96 +97 +98 +99 +100 +101 +102 +103 +105 +110 +111 +112 $
>CP010058_1
+1 +2 +3 +14 +15 +16 +17 +18 +19 +20 +21 +22 +23 +25 +26 +27 +28 +29 +30 +31 +32 +35 +36 +37 +38 +40 +44 +45 +46 +47 +48 +49 +51 +52 +53 +54 +55 +57 +58 +59 +60 +61 +62 +63 +64 +65 +66 +67 +68 +69 +70 +71 +72 +73 +74 +75 +76 +77 +82 +95 +96 +97 +98 +99 +100 +101 +102 +103 +105 +110 +111 +112 $
>CP006709_2
+1 +2 +3 +14 +15 +16 +17 +18 +19 +20 +21 +22 +23 +25 +26 +27 +28 +29 +30 +31 +32 +35 +36 +37 +38 +40 +44 +45 +46 +47 +48 +49 +51 +52 +53 +54 +55 +57 +58 +59 +60 +61 +62 +63 +64 +65 +66 +67 +68 +69 +70 +71 +72 +73 +74 +75 +76 +77 +82 +95 +96 +97 +98 +99 +100 +101 +102 +103 +105 +110 +111 +112 $
>CP014744_1
+1 +2 +3 -14 +15 +16 +17 +18 +19 +20 +21 +22 +23 +25 +26 +27 +28 +29 +30 +31 +32 +35 +36 +37 +38 +40 +44 +45 +46 +47 +48 +49 +51 +52 +53 +54 +55 +57 +58 +59 +60 +61 +62 +63 +64 +65 +66 +67 +68 +69 +70 +71 +72 +73 +74 +75 +76 +77 +82 +95 +96 +97 +98 +99 +100 +101 +102 +103 +105 +110 +111 +112 $
>CP007189_1
+1 +2 +3 -14 +15 +16 +17 +18 +19 +20 +21 +22 +23 +25 +26 +27 +28 +29 +30 +31 +32 +35 +36 +37 +38 +40 +44 +45 +46 +47 +48 +49 +51 +52 +53 +54 +55 +57 +58 +59 +60 +61 +62 +63 +64 +65 +66 +67 +68 +69 +70 +71 +72 +73 +74 +75 +76 +77 +82 +95 +96 +97 +98 +99 +100 +101 +102 +103 +105 +110 +111 +112 $
>LS483362_1
+1 +2 +3 +14 +15 +16 +17 +18 +19 +20 +21 +22 +23 +25 +26 +27 +28 +29 +30 +31 +32 +35 +36 +37 +38 +40 +44 +45 +46 +47 +48 +49 +51 +52 +53 +54 +55 +57 +58 +59 +60 +61 +62 +63 +64 +65 +66 +67 +68 +69 +70 +71 +72 +73 +74 +75 +76 +77 +82 +95 +96 +97 +98 +99 +100 +101 +102 +103 +105 +110 +111 +112 $
>CP006851_1
+1 +2 +3 -14 +15 +16 +17 +18 +19 +20 +21 +22 +23 +25 +26 +27 +28 +29 +30 +31 +32 +35 +36 +37 +38 +40 +44 +45 +46 +47 +48 +49 +51 +52 +53 +54 +55 +57 +58 +59 +60 +61 +62 +63 +64 +65 +66 +67 +68 +69 +70 +71 +72 +73 +74 +75 +76 +77 +82 +95 +96 +97 +98 +99 +100 +101 +102 +103 +105 +110 +111 +112 $
>CP034393_1
+1 +2 +3 -14 +15 +16 +17 +18 +19 +20 +21 +22 +23 +25 +26 +27 +28 +29 +30 +31 +32 +35 +36 +37 +38 +40 +44 +45 +46 +47 +48 +49 +51 +52 +53 +54 +55 +57 +58 +59 +60 +61 +62 +63 +64 +65 +66 +67 +68 +69 +70 +71 +72 +73 +74 +75 +76 +77 +82 +95 +96 +97 +98 +99 +100 +101 +102 +103 +105 +110 +111 +112 $
>CP001876_1
+1 +2 +3 -14 +15 +16 +17 +18 +19 +20 +21 +22 +23 +25 +26 +27 +28 +29 +30 +31 +32 +35 +36 +37 +38 +40 +44 +45 +46 +47 +48 +49 +51 +52 +53 +54 +55 +57 +58 +59 +60 +61 +62 +63 +64 +65 +66 +67 +68 +69 +70 +71 +72 +73 +74 +75 +76 +77 +82 +95 +96 +97 +98 +99 +100 +101 +102 +103 +105 +110 +111 +112 $
>CP012216_1
+1 +2 +3 +25 +26 +27 +28 +29 +30 +31 +32 +35 +36 +37 +38 +40 +44 +45 +46 +47 +48 +49 +51 +52 +53 +54 +55 +57 +58 +59 +60 +61 +62 +63 +64 +65 +66 +67 +68 +69 +70 +71 +72 +73 +74 +75 +76 +77 +82 +15 +16 +17 +18 +19 +20 +21 +22 +23 -14 +95 +96 +97 +98 +99 +100 +101 +102 +103 +105 +110 +111 +112 $
>CP006685_1
+1 +2 +3 -14 +15 +16 +17 +18 +19 +20 +21 +22 +23 +25 +26 +27 +28 +29 +30 +31 +32 +35 +36 +37 +38 +40 +44 +45 +46 +47 +48 +49 +51 +52 +53 +54 +55 +57 +58 +59 +60 +61 +62 +63 +64 +65 +66 +67 +68 +69 +70 +71 +72 +73 +74 +75 +76 +77 +82 +95 +96 +97 +98 +99 +100 +101 +102 +103 +105 +110 +111 +112 $
>CP047484_1
+1 +2 +3 -14 +15 +16 +17 +18 +19 +20 +21 +22 +23 +25 +26 +27 +28 +29 +30 +31 +32 +35 +36 +37 +38 +40 +44 +45 +46 +47 +48 +49 +51 +52 +53 +54 +55 +57 +58 +59 +60 +61 +62 +63 +64 +65 +66 +67 +68 +69 +70 +71 +72 +73 +74 +75 +76 +77 +82 +95 +96 +97 +98 +99 +100 +101 +102 +103 +105 +110 +111 +112 $
>CP015209_1
+1 +2 +3 -14 +15 +16 +17 +18 +19 +20 +21 +22 +23 +25 +26 +27 +28 +29 +30 +31 +32 +35 +36 +37 +38 +40 +44 +45 +46 +47 +48 +49 +51 +52 +53 +54 +55 +57 +58 +59 +60 +61 +62 +63 +64 +65 +66 +67 +68 +69 +70 +71 +72 +73 +74 +75 +76 +77 +82 +95 +96 +97 +98 +99 +100 +101 +102 +103 +105 +110 +111 +112 $
>CP012221_1
+1 +2 +3 -14 +15 +16 +17 +18 +19 +20 +21 +22 +23 +25 +26 +27 +28 +29 +30 +31 +32 +35 +36 +37 +38 +40 +44 +45 +46 +47 +48 +49 +51 +52 +53 +54 +55 +57 +58 +59 +60 +61 +62 +63 +64 +65 +66 +67 +68 +69 +70 +71 +72 +73 +74 +75 +76 +77 +82 +95 +96 +97 +98 +99 +100 +101 +102 +103 +105 +110 +111 +112 $
>CP022080_1
+1 +2 +3 +14 +15 +16 +17 +18 +19 +20 +21 +22 +23 +25 +26 +27 +28 +29 +30 +31 +32 +35 +36 +37 +38 +40 +44 +45 +46 +47 +48 +49 +51 +52 +53 +54 +55 +57 +58 +59 +60 +61 +62 +63 +64 +65 +66 +67 +68 +69 +70 +71 +72 +73 +74 +75 +76 +77 +82 +95 +96 +97 +98 +99 +100 +101 +102 +103 +105 +110 +111 +112 $
>CP001960_1
+1 +2 +3 -14 +15 +16 +17 +18 +19 +20 +21 +22 +23 +25 +26 +27 +28 +29 +30 +31 +32 +35 +36 +37 +38 +40 +44 +45 +46 +47 +48 +49 +51 +52 +53 +54 +55 +57 +58 +59 +60 +61 +62 +63 +64 +65 +66 +67 +68 +69 +70 +71 +72 +73 +74 +75 +76 +77 +82 +95 +96 +97 +98 +99 +100 +101 +102 +103 +105 +110 +111 +112 $
>CP014742_1
+1 +2 +3 -14 +15 +16 +17 +18 +19 +20 +21 +22 +23 +25 +26 +27 +28 +29 +30 +31 +32 +35 +36 +37 +38 +40 +44 +45 +46 +47 +48 +49 +51 +52 +53 +54 +55 +57 +58 +59 +60 +61 +62 +63 +64 +65 +66 +67 +68 +69 +70 +71 +72 +73 +74 +75 +76 +77 +82 +95 +96 +97 +98 +99 +100 +101 +102 +103 +105 +110 +111 +112 $
>CP022079_1
+1 +2 +3 -14 +15 +16 +17 +18 +19 +20 +21 +22 +23 +25 +26 +27 +28 +29 +30 +31 +32 +35 +36 +37 +38 +40 +44 +45 +46 +47 +48 +49 +51 +52 +53 +54 +55 +57 +58 +59 +60 +61 +62 +63 +64 +65 +66 +67 +68 +69 +70 +71 +72 +73 +74 +75 +76 +77 +82 +95 +96 +97 +98 +99 +100 +101 +102 +103 +105 +110 +111 +112 $
>CP017863_1
+1 +2 +3 -19 -18 -17 -16 -15 -14 +20 +21 +22 +23 +25 +26 +27 +28 +29 +30 +31 +32 +35 +36 +37 +38 +40 +44 +45 +46 +47 +48 +49 +51 +52 +53 +54 +55 +57 +58 +59 +60 +61 +62 +63 +64 +65 +66 +67 +68 +69 +70 +71 +72 +73 +74 +75 +76 +77 +82 +95 +96 +97 +98 +99 +100 +101 +102 +103 +105 +110 +111 +112 $
>HG428754_1
+1 +2 +3 -14 +15 +16 +17 +18 +19 +20 +21 +22 +23 +25 +26 +27 +28 +29 +30 +31 +32 +35 +36 +37 +38 +40 +44 +45 +46 +47 +48 +49 +51 +52 +53 +54 +55 +57 +58 +59 +60 +61 +62 +63 +64 +65 +66 +67 +68 +69 +70 +71 +72 +73 +74 +75 +76 +77 +82 +95 +96 +97 +98 +99 +100 +101 +102 +103 +105 +110 +111 +112 $
>CP045789_1
+1 +2 +3 -14 +15 +16 +17 +18 +19 +20 +21 +22 +23 +25 +26 +27 +28 +29 +30 +31 +32 +35 +36 +37 +38 +40 +44 +45 +46 +47 +48 +49 +51 +52 +53 +54 +55 +57 +58 +59 +60 +61 +62 +63 +64 +65 +66 +67 +68 +69 +70 +71 +72 +73 +74 +75 +76 +77 +82 +95 +96 +97 +98 +99 +100 +101 +102 +103 +105 +110 +111 +112 $
>CP019838_1
+1 +2 +3 -14 +15 +16 +17 +18 +19 +20 +21 +22 +23 +25 +26 +27 +28 +29 +30 +31 +32 +35 +36 +37 +38 +40 +44 +45 +46 +47 +48 +49 +51 +52 +53 +54 +55 +57 +58 +59 +60 +61 +62 +63 +64 +65 +66 +67 +68 +69 +70 +71 +72 +73 +74 +75 +76 +77 +82 +95 +96 +97 +98 +99 +100 +101 +102 +103 +105 +110 +111 +112 $
>CP020045_1
+1 +2 +3 -14 +15 +16 +17 +18 +19 +20 +21 +22 +23 +25 +26 +27 +28 +29 +30 +31 +32 +35 +36 +37 +38 +40 +44 +45 +46 +47 +48 +49 +51 +52 +53 +54 +55 +57 +58 +59 +60 +61 +62 +63 +64 +65 +66 +67 +68 +69 +70 +71 +72 +73 +74 +75 +76 +77 +82 +95 +96 +97 +98 +99 +100 +101 +102 +103 +105 +110 +111 +112 $
>LR134530_1
+1 +2 +3 +110 +14 +15 +16 +17 +18 +19 +20 +21 +22 +23 +25 +26 +27 +28 +29 +30 +31 +32 +38 +40 -77 -59 -58 +51 +52 +53 +54 +55 -37 -36 -35 +57 -49 -48 -47 -46 -45 -44 +76 +60 +61 +62 +63 +64 +65 +66 +67 +68 +69 +70 +71 +72 +73 +74 +75 +82 +95 +96 +97 +98 +99 +100 +101 +102 +103 +105 +111 +112 $
>CP012696_1
+1 +2 +3 -14 +15 +16 +17 +18 +19 +20 +21 +22 +23 +25 +26 +27 +28 +29 +30 +31 +32 +35 +36 +37 +38 +40 +44 +45 +46 +47 +48 +49 +51 +52 +53 +54 +55 +57 +58 +59 +60 +61 +62 +63 +64 +65 +66 +67 +68 +69 +70 +71 +72 +73 +74 +75 +76 +77 +82 +95 +96 +97 +98 +99 +100 +101 +102 +103 +105 +110 +111 +112 $
>CM000855_1
+1 +2 +3 -14 +15 +16 +17 +18 +19 +20 +21 +22 +23 +25 +26 +27 +28 +29 +30 +31 +32 +35 +36 +37 +38 +40 +44 +45 +46 +47 +48 +49 +51 +52 +53 +54 +55 +57 +58 +59 +60 +61 +62 +63 +64 +65 +66 +67 +68 +69 +70 +71 +72 +73 +74 +75 +76 +77 +82 +95 +96 +97 +98 +99 +100 +101 +102 +103 +105 +110 +111 +112 $
>CP028372_1
+1 +2 +3 -14 +15 +16 +17 +18 +19 +20 +21 +22 +23 +25 +26 +27 +28 +29 +30 +31 +32 +35 +36 +37 +38 +40 +44 +45 +46 +47 +48 +49 +51 +52 +53 +54 +55 +57 +58 +59 +60 +61 +62 +63 +64 +65 +66 +67 +68 +69 +70 +71 +72 +73 +74 +75 +76 +77 +82 +95 +96 +97 +98 +99 +100 +101 +102 +103 +105 +110 +111 +112 $
>LR134511_1
+1 +2 +3 -14 +15 +16 +17 +18 +19 +20 +21 +22 +23 +25 +26 +27 +28 +29 +30 +31 +32 +35 +36 +37 +38 +40 +44 +45 +46 +47 +48 +49 +51 +52 +53 +54 +55 +57 +58 +59 +60 +61 +62 +63 +64 +65 +66 +67 +68 +69 +70 +71 +72 +73 +74 +75 +76 +77 +82 +95 +96 +97 +98 +99 +100 +101 +102 +103 +105 +110 +111 +112 $
>CP007193_1
+1 +2 +3 -14 +15 +16 +17 +18 +19 +20 +21 +22 +23 +25 +26 +27 +28 +29 +30 +31 +32 +35 +36 +37 +38 +40 +44 +45 +46 +47 +48 +49 +51 +52 +53 +54 +55 +57 +58 +59 +60 +61 +62 +63 +64 +65 +66 +67 +68 +69 +70 +71 +72 +73 +74 +75 +76 +77 +82 +95 +96 +97 +98 +99 +100 +101 +102 +103 +105 +110 +111 +112 $
>LS483295_1
+1 +2 +3 -14 +15 +16 +17 +18 +19 +20 +21 +22 +23 +25 +26 +27 +28 +29 +30 +31 +32 +38 +40 +35 +36 +37 +44 +45 +46 +47 +48 +49 -57 -55 -54 -53 -52 -51 +58 +59 +60 +61 +62 +63 +64 +65 +66 +67 +68 +69 +70 +71 +72 +73 +74 +75 +76 +77 +82 +95 +96 +97 +98 +99 +100 +101 +102 +103 +105 +110 +111 +112 $
>CP012689_1
+1 +2 +3 -14 +15 +16 +17 +18 +19 +20 +21 +22 +23 +25 +26 +27 +28 +29 +30 +31 +32 +35 +36 +37 +38 +40 +44 +45 +46 +47 +48 +49 +51 +52 +53 +54 +55 +57 +58 +59 +60 +61 +62 +63 +64 +65 +66 +67 +68 +69 +70 +71 +72 +73 +74 +75 +76 +77 +82 +95 +96 +97 +98 +99 +100 +101 +102 +103 +105 +110 +111 +112 $
>CP017862_1
+1 +2 -52 -51 -49 +3 -14 +15 +16 +17 +18 +19 +40 +20 +21 +22 +23 +25 +26 +27 +28 +29 +30 +31 +32 +35 +36 +37 +38 +44 +45 +46 +47 +48 +53 +54 +55 +57 +58 +59 +60 +61 +62 +63 +64 +65 +66 +67 +68 +69 +70 +71 +72 +73 +74 +75 +76 +77 +82 +95 +96 +97 +98 +99 +100 +101 +102 +103 +105 +110 +111 +112 $
>LR134359_1
+1 +2 +3 -14 +15 +16 +17 +18 +19 +20 +21 +22 +23 +75 +76 +77 +82 +25 +26 +27 +28 +29 +30 +31 +32 +35 +36 +37 +38 +40 +44 +45 +46 +47 +48 +49 +51 +52 +53 +54 +55 +57 +58 +59 +60 +61 +62 +63 +64 +65 +66 +67 +68 +69 +70 +71 +72 +73 +74 +95 +96 +97 +98 +99 +100 +101 +102 +103 +105 +110 +111 +112 $
>CP023866_1
+1 +2 +3 -14 +15 +16 +17 +18 +19 +20 +21 +22 +23 +25 +26 +27 +28 +29 +30 +31 +32 +35 +36 +37 +38 +40 +44 +45 +46 +47 +48 +49 +51 +52 +53 +54 +55 +57 +58 +59 +60 +61 +62 +63 +64 +65 +66 +67 +68 +69 +70 +71 +72 +73 +74 +75 +76 +77 +82 +95 +96 +97 +98 +99 +100 +101 +102 +103 +105 +110 +111 +112 $
>CP028912_1
+1 +2 +3 -14 +15 +16 +17 +18 +19 +20 +21 +22 +23 +25 +26 +27 +28 +29 +30 +31 +32 +35 +36 +37 +38 +40 +44 +45 +46 +47 +48 +49 +51 +52 +53 +54 +55 +57 +58 +59 +60 +61 +62 +63 +64 +65 +66 +67 +68 +69 +70 +71 +72 +73 +74 +75 +76 +77 +82 +95 +96 +97 +98 +99 +100 +101 +102 +103 +105 +110 +111 +112 $
>CP012211_1
+1 +2 +3 -14 +15 +16 +17 +18 +19 +20 +21 +22 +23 +25 +26 +27 +28 +29 +30 +31 +32 +35 +36 +37 +38 +40 +44 +45 +46 +47 +48 +49 +51 +52 +53 +54 +55 +57 +58 +59 +60 +61 +62 +63 +64 +65 +66 +67 +68 +69 +70 +71 +72 +73 +74 +75 +76 +77 +82 +95 +96 +97 +98 +99 +100 +101 +102 +103 +105 +110 +111 +112 $
>CP000025_1
+1 +2 +3 -14 +15 +16 +17 +18 +19 +20 +21 +22 +23 +25 +26 +27 +28 +29 +30 +31 +32 +35 +36 +37 +38 +40 +44 +45 +46 +47 +48 +49 +51 +52 +53 +54 +55 +57 +58 +59 +60 +61 +62 +63 +64 +65 +66 +67 +68 +69 +70 +71 +72 +73 +74 +75 +76 +77 +82 +95 +96 +97 +98 +99 +100 +101 +102 +103 +105 +110 +111 +112 $
>CP012690_1
+1 +2 +3 -14 +15 +16 +17 +18 +19 +20 +21 +22 +23 +25 +26 +27 +28 +29 +30 +31 +32 +35 +36 +37 +38 +40 +44 +45 +46 +47 +48 +49 +51 +52 +53 +54 +55 +57 +58 +59 +60 +61 +62 +63 +64 +65 +66 +67 +68 +69 +70 +71 +72 +73 +74 +75 +76 +77 +82 +95 +96 +97 +98 +99 +100 +101 +102 +103 +105 +110 +111 +112 $
>CP017029_1
+1 +2 +3 -14 +15 +16 +17 +18 +19 +20 +21 +22 +23 +25 +26 +27 +28 +29 +30 +31 +32 +35 +36 +37 +38 +40 +44 +45 +46 +47 +48 +49 +51 +52 +53 +54 +55 +57 +58 +59 +60 +61 +62 +63 +64 +65 +66 +67 +68 +69 +70 +71 +72 +73 +74 +75 +76 +77 +82 +95 +96 +97 +98 +99 +100 +101 +102 +103 +105 +110 +111 +112 $
>CP010307_1
+1 +2 +3 +14 +15 +16 +17 +18 +19 +20 +21 +22 +23 +25 +26 +27 +28 +29 +30 +31 +32 +35 +36 +37 +38 +40 +44 +45 +46 +47 +48 +49 +51 +52 +53 +54 +55 +57 +58 +59 +60 +61 +62 +63 +64 +65 +66 +67 +68 +69 +70 +71 +72 +73 +74 +75 +76 +77 +82 +95 +96 +97 +98 +99 +100 +101 +102 +103 +105 +110 +111 +112 $
>LR134502_1
+1 +2 +3 -14 +15 +16 +17 +18 +19 +20 +21 +22 +23 +25 +26 +27 +28 +29 +30 +31 +32 +35 +36 +37 +38 +40 +44 +45 +46 +47 +48 +49 +51 +52 +53 +54 +55 +57 +58 +59 +60 +61 +62 +63 +64 +65 +66 +67 +68 +69 +70 +71 +72 +73 +74 +75 +76 +77 +82 +95 -96 +97 +98 +99 +100 +101 +102 +103 +105 +110 +111 +112 $
>AL111168_1
+1 +2 +3 -14 +15 +16 +17 +18 +19 +20 +21 +22 +23 +25 +26 +27 +28 +29 +30 +31 +32 +35 +36 +37 +38 +40 +44 +45 +46 +47 +48 +49 +51 +52 +53 +54 +55 +57 +58 +59 +60 +61 +62 +63 +64 +65 +66 +67 +68 +69 +70 +71 +72 +73 +74 +75 +76 +77 +82 +95 +96 +97 +98 +99 +100 +101 +102 +103 +105 +110 +111 +112 $
>CP047480_1
+1 +2 +3 -14 +15 +16 +17 +18 +19 +20 +21 +22 +23 +25 +26 +27 +28 +29 +30 +31 +32 +35 +36 +37 +38 +40 +44 +45 +46 +47 +48 +49 +51 +52 +53 +54 +55 +57 +58 +59 +60 +61 +62 +63 +64 +65 +66 +67 +68 +69 +70 +71 +72 +73 +74 +75 +76 +77 +82 +95 +96 +97 +98 +99 +100 +101 +102 +103 +105 +110 +111 +112 $
>CP008787_1
+1 +2 +3 -14 +15 +16 +17 +18 +19 +20 +21 +22 +23 +25 +26 +27 +28 +29 +30 +31 +32 +35 +36 +37 +38 +40 +44 +45 +46 +47 +48 +49 +51 +52 +53 +54 +55 +57 +58 +59 +60 +61 +62 +63 +64 +65 +66 +67 +68 +69 +70 +71 +72 +73 +74 +75 +76 +77 +82 +95 +96 +97 +98 +99 +100 +101 +102 +103 +105 +110 +111 +112 $
>CP012206_1
+1 +2 +3 -14 +15 +16 +17 +18 +19 +20 +21 +22 +23 +25 +26 +27 +28 +29 +30 +31 +32 +35 +36 +37 +38 +40 +44 +45 +46 +47 +48 +49 +51 +52 +53 +54 +55 +57 +58 +59 +60 +61 +62 +63 +64 +65 +66 +67 +68 +69 +70 +71 +72 +73 +74 +75 +76 +77 +82 +95 +96 +97 +98 +99 +100 +101 +102 +103 +105 +110 +111 +112 $
>CP017456_1
+1 +2 +3 -14 +15 +16 +17 +18 +19 +20 +21 +22 +23 +25 +26 +27 +28 +29 +30 +31 +32 +35 +36 +37 +38 +40 +44 +45 +46 +47 +48 +49 +51 +52 +53 +54 +55 +57 +58 +59 +60 +61 +62 +63 +64 +65 +66 +67 +68 +69 +70 +71 +72 +73 +74 +75 +76 +77 +82 +95 +96 +97 +98 +99 +100 +101 +102 +103 +105 +110 +111 +112 $
>LR134507_1
+1 +2 +3 -14 +15 +16 +17 +18 +19 +20 +21 +22 +23 +25 +26 +27 +28 +29 +30 +31 +32 +35 +36 +37 +38 +40 +44 +45 +46 +47 +48 +49 +51 +52 +53 +54 +55 +57 +58 +59 +60 +61 +62 +63 +64 +65 +66 +67 +68 +69 +70 +71 +72 +73 +74 +75 +76 +77 +82 +95 -96 +97 +98 +99 +100 +101 +102 +103 +105 +110 +111 +112 $
>CP023867_1
+1 +2 +3 +14 +15 +16 +17 +18 +19 +20 +21 +22 +23 +25 +26 +27 +28 +29 +30 +31 +32 +35 +36 +37 +38 +40 +44 +45 +46 +47 +48 +49 +51 +52 +53 +54 +55 +57 +58 +59 +60 +61 +62 +63 +64 +65 +66 +67 +68 +69 +70 +71 +72 +73 +74 +75 +76 +77 +82 +95 +96 +97 +98 +99 +100 +101 +102 +103 +105 +110 +111 +112 $
>CP022076_1
+1 +2 +3 -14 +15 +16 +17 +18 +19 +20 +21 +22 +23 +25 +26 +27 +28 +29 +30 +31 +32 +35 +36 +37 +38 +40 +44 +45 +46 +47 +48 +49 +51 +52 +53 +54 +55 +57 +58 +59 +60 +61 +62 +63 +64 +65 +66 +67 +68 +69 +70 +71 +72 +73 +74 +75 +76 +77 +82 +95 +96 +97 +98 +99 +100 +101 +102 +103 +105 +110 +111 +112 $
>CP012149_1
+1 +2 +3 -14 +15 +16 +17 +18 +19 +20 +21 +22 +23 +25 +26 +27 +28 +29 +30 +31 +32 +35 +36 +37 +38 +40 +44 +45 +46 +47 +48 +49 +51 +52 +53 +54 +55 +57 +58 +59 +60 +61 +62 +63 +64 +65 +66 +67 +68 +69 +70 +71 +72 +73 +74 +75 +76 +77 +82 +95 +96 +97 +98 +99 +100 +101 +102 +103 +105 +110 +111 +112 $
>CP003871_4
+1 +2 +3 -14 +15 +16 +17 +18 +19 +20 +21 +22 +23 +25 +26 +27 +28 +29 +30 +31 +32 +35 +36 +37 +38 +40 +44 +45 +46 +47 +48 +49 +51 +52 +53 +54 +55 +57 +58 +59 +60 +61 +62 +63 +64 +65 +66 +67 +68 +69 +70 +71 +72 +73 +74 +75 +76 +77 +82 +95 +96 +97 +98 +99 +100 +101 +102 +103 +105 +110 +111 +112 $
>CP006006_1
+1 +2 +3 -14 +15 +16 +17 +18 +19 +20 +21 +22 +23 +25 +26 +27 +28 +29 +30 +31 +32 +35 +36 +37 +38 +40 +44 +45 +46 +47 +48 +49 +51 +52 +53 +54 +55 +57 +58 +59 +60 +61 +62 +63 +64 +65 +66 +67 +68 +69 +70 +71 +72 +73 +74 +75 +76 +77 +82 +95 +96 +97 +98 +99 +100 +101 +102 +103 +105 +110 +111 +112 $
>HE978252_1
+1 +2 +3 -14 +15 +16 +17 +18 +19 +20 +21 +22 +23 +25 +26 +27 +28 +29 +30 +31 +32 +35 +36 +37 +38 +40 +44 +45 +46 +47 +48 +49 +51 +52 +53 +54 +55 +57 +58 +59 +60 +61 +62 +63 +64 +65 +66 +67 +68 +69 +70 +71 +72 +73 +74 +75 +76 +77 +82 +95 +96 +97 +98 +99 +100 +101 +102 +103 +105 +110 +111 +112 $
>CP017031_1
+1 +2 +3 -14 +15 +16 +17 +18 +19 +20 +21 +22 +23 +25 +26 +27 +28 +29 +30 +31 +32 +35 +36 +37 +38 +40 +44 +45 +46 +47 +48 +49 +51 +52 +53 +54 +55 +57 +58 +59 +60 +61 +62 +63 +64 +65 +66 +67 +68 +69 +70 +71 +72 +73 +74 +75 +76 +77 +82 +95 +96 +97 +98 +99 +100 +101 +102 +103 +105 +110 +111 +112 $
>CP047477_1
+1 +2 +3 +14 +15 +16 +17 +18 +19 +20 +21 +22 +23 +25 +26 +27 +28 +29 +30 +31 +32 +35 +36 +37 +38 +40 +44 +45 +46 +47 +48 +49 +51 +52 +53 +54 +55 +57 +58 +59 +60 +61 +62 +63 +64 +65 +66 +67 +68 +69 +70 +71 +72 +73 +74 +75 +76 +77 +82 +95 +96 +97 +98 +99 +100 +101 +102 +103 +105 +110 +111 +112 $
>CP000768_1
+1 +2 +3 -14 -82 -77 -76 -75 -74 -73 -72 -71 -70 -69 -68 -67 -66 -65 -64 -63 -62 -61 -60 -59 -58 -55 -54 +51 +52 +53 -37 -36 -35 +57 -49 -48 -47 -46 -45 -44 -40 -38 -32 -31 -30 -29 -28 -27 -26 -25 -23 -22 -21 -20 -19 -18 -17 -16 -15 +95 +96 +97 +98 +99 +100 +101 +102 +103 +105 +110 +111 +112 $
>CP007192_1
+1 +2 +3 -14 +15 +16 +17 +18 +19 +20 +21 +22 +23 +25 +26 +27 +28 +29 +30 +31 +32 +35 +36 +37 +38 +40 +44 +45 +46 +47 +48 +49 +51 +52 +53 +54 +55 +57 +58 +59 +60 +61 +62 +63 +64 +65 +66 +67 +68 +69 +70 +71 +72 +73 +74 +75 +76 +77 +82 +95 +96 +97 +98 +99 +100 +101 +102 +103 +105 +110 +111 +112 $
>CP012213_1
+1 +2 +3 -14 +15 +16 +17 +18 +19 +20 +21 +22 +23 +25 +26 +27 +28 +29 +30 +31 +32 +35 +36 +37 +38 +40 +44 +45 +46 +47 +48 +49 +51 +52 +53 +54 +55 +57 +58 +59 +60 +61 +62 +63 +64 +65 +66 +67 +68 +69 +70 +71 +72 +73 +74 +75 +76 +77 +82 +95 +96 +97 +98 +99 +100 +101 +102 +103 +105 +110 +111 +112 $
>LN831025_1
+1 +2 +3 -14 +15 +16 +17 +18 +19 +20 +21 +22 +23 +25 +26 +27 +28 +29 +30 +31 +32 +35 +36 +37 +38 +40 +44 +45 +46 +47 +48 +49 +51 +52 +53 +54 +55 +57 +58 +59 +60 +61 +62 +63 +64 +65 +66 +67 +68 +69 +70 +71 +72 +73 +74 +75 +76 +77 +82 +95 +96 +97 +98 +99 +100 +101 +102 +103 +105 +110 +111 +112 $
>CP045048_1
+1 +2 +3 -14 +15 +16 +17 +18 +19 +20 +21 +22 +23 +25 +26 +27 +28 +29 +30 +31 +32 +35 +36 +37 +38 +40 +44 +45 +46 +47 +48 +49 +51 +52 +53 +54 +55 +57 +58 +59 +60 +61 +62 +63 +64 +65 +66 +67 +68 +69 +70 +71 +72 +73 +74 +75 +76 +77 +82 +95 +96 +97 +98 +99 +100 +101 +102 +103 +105 +110 +111 +112 $
>CP007191_1
+1 +2 +3 -14 +15 +16 +17 +18 +19 +20 +21 +22 +23 +25 +26 +27 +28 +29 +30 +31 +32 +35 +36 +37 +38 +40 +44 +45 +46 +47 +48 +49 +51 +52 +53 +54 +55 +57 +58 +59 +60 +61 +62 +63 +64 +65 +66 +67 +68 +69 +70 +71 +72 +73 +74 +75 +76 +77 +82 +95 +96 +97 +98 +99 +100 +101 +102 +103 +105 +110 +111 +112 $
