>FR720325.1
+1 +2 +3 +5 +6 +7 +8 +9 +10 +11 +20 +21 +22 +23 +24 +25 +26 +28 +31 +32 +33 +35 +36 +37 +38 +39 +40 +41 +42 +43 +44 +45 +46 +47 +48 +49 +50 +51 +52 +53 +54 +55 +56 +57 +58 +59 +60 +61 +62 +63 +64 +65 +67 +68 +69 +70 +71 +72 +73 +74 +75 +76 +77 +78 +79 +80 +81 +82 +84 +85 +86 +89 +90 +91 +92 +93 +94 +95 +96 +97 +98 +99 +100 +101 +102 +103 +104 +105 +107 +108 +109 +110 +111 +112 +114 +115 +116 +117 +118 +119 +120 +121 +126 +127 +128 +129 +130 +131 +132 +133 +134 +135 +136 +137 +138 +139 +140 +141 +143 +144 +145 +146 +147 +148 +149 +150 +151 +152 +153 +154 +155 +156 $
>CP046361.1
+1 +2 +3 +5 +6 +7 +8 +9 +10 +11 +20 +21 +22 +23 +24 +25 +26 +28 +31 +32 +33 +35 +36 +37 +38 +39 +40 +41 +42 +43 +44 +45 +46 +47 +48 +49 +50 +51 +52 +53 +54 +55 +56 +57 +58 +59 +60 +61 +62 +63 +64 +65 +67 +68 +69 +70 +71 +72 +73 +74 +75 +76 +77 +78 +79 +80 +81 +82 +84 +85 +86 +89 +90 +91 +92 +93 +94 +95 +96 +97 +98 +99 +100 +101 +102 +103 +104 +105 +107 +108 +109 +110 +111 +112 +114 +115 +116 +117 +118 +119 +120 +121 +126 +127 +128 +129 +130 +131 +132 +133 +134 +135 +136 +137 +138 +139 +140 +141 +143 +144 +145 +146 +147 +148 +149 +150 +151 +152 +153 +154 +155 +156 $
>FM211688.1
+1 +2 +3 +5 +6 +7 +8 +9 +10 +11 +20 +21 +22 +23 +24 +25 +26 +28 +32 +33 +35 +36 +37 +38 +39 +40 +41 +42 +43 +44 +45 +46 +47 +48 +49 +50 +51 +52 +53 +54 +55 +56 +57 +58 +59 +60 +61 +62 +63 +64 +65 +67 +68 +69 +70 +71 +72 +73 +74 +75 +76 +77 +78 +79 +80 +81 +82 +84 +85 +86 +89 +90 +91 +92 +93 +94 +95 +96 +97 +98 +99 +100 +101 +102 +103 +104 +105 +107 +108 +109 +110 +111 +112 +114 +115 +116 +117 +118 +119 +120 +121 +126 +127 +128 +129 +130 +131 +132 +133 +134 +135 +136 +137 +138 +139 +140 +141 +143 +144 +145 +146 +147 +148 +149 +151 +152 +153 +154 +155 +156 $
>CP028183.1
+1 +2 +3 +5 +6 +7 +8 +9 +10 +11 +20 +21 +22 +23 +24 +25 +26 +28 +31 +32 +33 +35 +36 +37 +38 +39 +40 +41 +42 +43 +44 +45 +46 +47 +48 +49 +50 +51 +52 +53 +54 +55 +56 +57 +58 +59 +60 +61 +62 +63 +64 +65 +67 +68 +69 +70 +71 +72 +73 +74 +75 +76 +77 +78 +79 +80 +81 +82 +84 +85 +86 +89 +90 +91 +92 +93 +94 +95 +96 +97 +98 +99 +100 +101 +102 +103 +104 +105 +107 +108 +109 +110 +111 +112 +114 +115 +116 +117 +118 +119 +120 +121 +126 +127 +128 +129 +130 +131 +132 +133 +134 +135 +136 +137 +138 +139 +140 +141 +143 +144 +145 +146 +147 +148 +149 +150 +151 +152 +153 +154 +155 +156 $
>FR733646.1
+1 +2 +3 +5 +6 +7 +8 +9 +10 +11 +20 +21 +22 +23 +24 +25 +26 +28 +31 +32 +33 +35 +36 +37 +38 +39 +40 +41 +42 +43 +44 +45 +46 +47 +48 +49 +50 +51 +52 +53 +54 +55 +56 +57 +58 +59 +60 +61 +62 +63 +64 +65 +67 +68 +69 +70 +71 +72 +73 +74 +75 +76 +77 +78 +79 +80 +81 +82 +84 +85 +86 +89 +90 +91 +92 +93 +94 +95 +96 +97 +98 +99 +100 +101 +102 +103 +104 +105 +107 +108 +109 +110 +111 +112 +114 +115 +116 +117 +118 +119 +120 +121 +126 +127 +128 +129 +130 +131 +132 +133 +134 +135 +136 +137 +138 +139 +140 +141 +143 +144 +145 +146 +147 +148 +149 +150 +151 +152 +153 +154 +155 +156 $
>CP030834.1
+1 +2 +3 +5 +6 +7 +8 +9 +10 +11 +20 +21 +22 +23 +24 +25 +26 +28 +31 +32 +33 +35 +36 +37 +38 +39 +40 +41 +42 +43 +44 +45 +46 +47 +48 +49 +50 +51 +52 +53 +54 +55 +56 +57 +58 +59 +60 +61 +62 +63 +64 +65 +67 +68 +69 +70 +71 +72 +73 +74 +75 +76 +77 +78 +79 +80 +81 +82 +84 +85 +86 +89 +90 +91 +92 +93 +94 +95 +96 +97 +98 +99 +100 +101 +102 +103 +104 +105 +107 +108 +109 +110 +111 +112 +114 +115 +116 +117 +118 +119 +120 +121 +126 +127 +128 +129 +130 +131 +132 +133 +134 +135 +136 +137 +138 +139 +140 +141 +143 +144 +145 +146 +147 +148 +149 +150 +151 +152 +153 +154 +155 +156 $
>LT985476.1
+1 +2 +3 +5 +6 +7 +8 +9 +10 +11 +20 +21 +22 +23 +24 +25 +26 +28 +31 +32 +33 +35 +36 +37 +38 +39 +40 +41 +42 +43 +44 +45 +46 +47 +48 +49 +50 +51 +52 +53 +54 +55 +56 +57 +58 +59 +60 +61 +62 +63 +64 +65 +67 +68 +69 +70 +71 +72 +73 +74 +75 +76 +77 +78 +79 +80 +81 +82 +84 +85 +86 +89 +90 +91 +92 +93 +94 +95 +96 +97 +98 +99 +100 +101 +102 +103 +104 +105 +107 +108 +109 +110 +111 +112 +114 +115 +116 +117 +118 +119 +120 +121 +126 +127 +128 +129 +130 +131 +132 +133 +134 +135 +136 +137 +138 +139 +140 +141 +143 +144 +145 +146 +147 +148 +149 +150 +151 +152 +153 +154 +155 +156 $
>CP002001.1
+1 +2 +3 +5 +6 +7 +8 +9 +10 +11 +20 +21 +22 +23 +24 +25 +26 +28 +31 +32 +33 +35 +36 +37 +38 +39 +40 +41 +42 +43 +44 +45 +46 +47 +48 +49 +50 +51 +52 +53 +54 +55 +56 +57 +58 +59 +60 +61 +62 +63 +64 +65 +67 +68 +69 +70 +71 +72 +73 +74 +75 +76 +77 +78 +79 +80 +81 +82 +84 +85 +86 +89 +90 +91 +92 +93 +94 +95 +96 +97 +98 +99 +100 +101 +102 +103 +104 +105 +107 +108 +109 +110 +111 +112 +114 +115 +116 +117 +118 +119 +120 +121 +126 +127 +128 +129 +130 +131 +132 +133 +134 +135 +136 +137 +138 +139 +140 +141 +143 +144 +145 +146 +147 +148 +149 +150 +151 +152 +153 +154 +155 +156 $
>CP045969.1
+1 +2 +3 +5 +6 +7 +8 +9 +10 +11 +20 +21 +22 +23 +24 +25 +26 +28 +31 +32 +33 +35 +36 +37 +38 +39 +40 +41 +42 +43 +44 +45 +46 +47 +48 +49 +50 +51 +52 +53 +54 +55 +56 +57 +58 +59 +60 +61 +62 +63 +64 +65 +67 +68 +69 +70 +71 +72 +73 +74 +75 +76 +77 +78 +79 +80 +81 +82 +84 +85 +86 +89 +90 +91 +92 +93 +94 +95 +96 +97 +98 +99 +100 +101 +102 +103 +104 +105 +107 +108 +109 +110 +111 +112 +114 +115 +116 +117 +118 +119 +120 +121 +126 +127 +128 +129 +130 +131 +132 +133 +134 +135 +136 +137 +138 +139 +140 +141 +143 +144 +145 +146 +147 +148 +149 +150 +151 +152 +153 +154 +155 +156 $
>CP019623.1
+1 +2 +3 +5 +6 +7 +8 +9 +10 +11 +20 +21 +22 +23 +24 +25 +26 +28 +31 +32 +33 +35 +36 +37 +38 +39 +40 +41 +42 +43 +44 +45 +46 +47 +48 +49 +50 +51 +52 +53 +54 +55 +56 +57 +58 +59 +60 +61 +62 +63 +64 +65 +67 +68 +69 +70 +71 +72 +73 +74 +75 +76 +77 +78 +79 +80 +81 +82 +84 +85 +86 +89 +90 +91 +92 +93 +94 +95 +96 +97 +98 +99 +100 +101 +102 +103 +104 +105 +107 +108 +109 +110 +111 +112 +114 +115 +116 +117 +118 +119 +120 +121 +126 +127 +128 +129 +130 +131 +132 +133 +134 +135 +136 +137 +138 +139 +140 +141 +143 +144 +145 +146 +147 +148 +149 +150 +151 +152 +153 +154 +155 +156 $
>CP030809.1
+1 +2 +3 +5 +6 +7 +8 +9 +10 +11 +20 +21 +22 +23 +24 +25 +26 +28 +31 +32 +33 +35 +36 +37 +38 +39 +40 +41 +42 +43 +44 +45 +46 +47 +48 +49 +50 +51 +52 +53 +54 +55 +56 +57 +58 +59 +60 +61 +62 +63 +64 +65 +67 +68 +69 +70 +71 +72 +73 +74 +75 +76 +77 +78 +79 +80 +81 +82 +84 +85 +86 +89 +90 +91 +92 +93 +94 +95 +96 +97 +98 +99 +100 +101 +102 +103 +104 +105 +107 +108 +109 +110 +111 +112 +114 +115 +116 +117 +118 +119 +120 +121 +126 +127 +128 +129 +130 +131 +132 +133 +134 +135 +136 +137 +138 +139 +140 +141 +143 +144 +145 +146 +147 +148 +149 +150 +151 +152 +153 +154 +155 +156 $
>CP033737.1
+1 +2 +3 +5 +6 +7 +8 +9 +10 +11 +20 +22 +23 +24 +25 +26 +28 +31 +32 +33 +35 +36 +37 +38 +39 +40 +41 +42 +43 +44 +45 +46 +47 +48 +49 +50 +51 +52 +53 +54 +55 +56 +57 +58 +59 +60 +61 +62 +63 +64 +65 +67 +68 +69 +70 +71 +72 +73 +74 +75 +76 +77 +78 +79 +80 +81 +82 +84 +85 +86 +89 +90 +91 +92 +93 +94 +95 +96 +97 +98 +99 +100 +101 +102 +103 +104 +105 +107 +108 +109 +110 +111 +112 +114 +115 +116 +117 +118 +119 +120 +121 +126 +127 +128 +129 +130 +131 +132 +133 +134 +135 +136 +137 +138 +139 +140 +141 +143 +144 +145 +146 +147 +148 +149 +150 +151 +152 +153 +154 +155 +156 $
>CP030810.1
+1 +2 +3 +5 +6 +7 +8 +9 +10 +11 +20 +21 +22 +23 +24 +25 +26 +28 +31 +32 +33 +35 +36 +37 +38 +39 +40 +41 +42 +43 +44 +45 +46 +47 +48 +49 +50 +51 +52 +53 +54 +55 +56 +57 +58 +59 +60 +61 +62 +63 +64 +65 +67 +68 +69 +70 +71 +72 +73 +74 +75 +76 +77 +78 +79 +80 +81 +82 +84 +85 +86 +89 +90 +91 +92 +93 +94 +95 +96 +97 +98 +99 +100 +101 +102 +103 +104 +105 +107 +108 +109 +110 +111 +112 +114 +115 +116 +117 +118 +119 +120 +121 +126 +127 +128 +129 +130 +131 +132 +133 +134 +135 +136 +137 +138 +139 +140 +141 +143 +144 +145 +146 +147 +148 +149 +150 +151 +152 +153 +154 +155 +156 $
>CP048401.1
+1 +2 +3 +5 +6 +7 +8 +9 +10 +11 +20 +21 +22 +23 +24 +25 +26 +28 +32 +33 +35 +36 +37 +38 +39 +40 +41 +42 +43 +44 +45 +46 +47 +48 +49 +50 +51 +52 +53 +54 +55 +56 +57 +58 +59 +60 +61 +62 +63 +64 +65 +67 +68 +69 +70 +71 +72 +73 +74 +75 +76 +77 +78 +79 +80 +81 +82 +84 +85 +86 +89 +90 +91 +92 +93 +94 +95 +96 +97 +98 +99 +100 +101 +102 +103 +104 +105 +107 +108 +109 +110 +111 +112 +114 +115 +116 +117 +118 +119 +120 +121 +126 +127 +128 +129 +130 +131 +132 +133 +134 +135 +136 +137 +138 +139 +140 +141 +143 +144 +145 +146 +147 +148 +149 +151 +152 +153 +154 +155 +156 $
>CP046362.1
+1 +2 +3 +5 +6 +7 +8 +9 +10 +11 +20 +21 +22 +23 +24 +25 +26 +28 +31 +32 +33 +35 +36 +37 +38 +39 +40 +41 +42 +43 +44 +45 +46 +47 +48 +49 +50 +51 +52 +53 +54 +55 +56 +57 +58 +59 +60 +61 +62 +63 +64 +65 +67 +68 +69 +70 +71 +72 +73 +74 +75 +76 +77 +78 +79 +80 +81 +82 +84 +85 +86 +89 +90 +91 +92 +93 +94 +95 +96 +97 +98 +99 +100 +101 +102 +103 +104 +105 +107 +108 +109 +110 +111 +112 +114 +115 +116 +117 +118 +119 +120 +121 +126 +127 +128 +129 +130 +131 +132 +133 +134 +135 +136 +137 +138 +139 +140 +141 +143 +144 +145 +146 +147 +148 +149 +150 +151 +152 +153 +154 +155 +156 $
>CP013722.1
+1 +2 +3 +5 +6 +7 +8 +9 +10 +11 +20 +21 +22 +23 +24 +25 +26 +28 +31 +32 +33 +35 +36 +37 +38 +39 +40 +41 +42 +43 +44 +45 +46 +47 +48 +49 +50 +51 +52 +53 +54 +55 +56 +57 +58 +59 +60 +61 +62 +63 +64 +65 +67 +68 +69 +70 +71 +72 +73 +74 +75 +76 +77 +78 +79 +80 +81 +82 +84 +85 +86 +89 +90 +91 +92 +93 +94 +95 +96 +97 +98 +99 +100 +101 +102 +103 +104 +105 +107 +108 +109 +110 +111 +112 +114 +115 +116 +117 +118 +119 +120 +121 +126 +127 +128 +129 +130 +131 +132 +133 +134 +135 +136 +137 +138 +139 +140 +141 +143 +144 +145 +146 +147 +148 +149 +150 +151 +152 +153 +154 +155 +156 $
>CP020831.1
+1 +2 +3 +5 +6 +7 +8 +9 +10 +11 +20 +21 +22 +23 +24 +25 +26 +28 +31 +32 +33 +35 +36 +37 +38 +39 +40 +41 +42 +43 +44 +45 +46 +47 +48 +49 +50 +51 +52 +53 +54 +55 +56 +57 +58 +59 +60 +61 +62 +63 +64 +65 +67 +68 +69 +70 +71 +72 +73 +74 +75 +76 +77 +78 +79 +80 +81 +82 +84 +85 +86 +89 +90 +91 +92 +93 +94 +95 +96 +97 +98 +99 +100 +101 +102 +103 +104 +105 +107 +108 +109 +110 +111 +112 +114 +115 +116 +117 +118 +119 +120 +121 +126 +127 +128 +129 +130 +131 +132 +133 +134 +135 +136 +137 +138 +139 +140 +141 +143 +144 +145 +146 +147 +148 +149 +150 +151 +152 +153 +154 +155 +156 $
>CP032669.1
+1 +2 +3 +5 +6 +7 +8 +9 +10 +11 +20 +21 +22 +23 +24 +25 +26 +28 +31 +32 +33 +35 +36 +37 +38 +39 +40 +41 +42 +43 +44 +45 +46 +47 +48 +49 +50 +51 +52 +53 +54 +55 +56 +57 +58 +59 +60 +61 +62 +63 +64 +65 +67 +68 +69 +70 +71 +72 +73 +74 +75 +76 +77 +78 +79 +80 +81 +82 +84 +85 +86 +89 +90 +91 +92 +93 +94 +95 +96 +97 +98 +99 +100 +101 +102 +103 +104 +105 +107 +108 +109 +110 +111 +112 +114 +115 +116 +117 +118 +119 +120 +121 +126 +127 +128 +129 +130 +131 +132 +133 +134 +135 +136 +137 +138 +139 +140 +141 +143 +144 +145 +146 +147 +148 +149 +150 +151 +152 +153 +154 +155 +156 $
>HG813249.1
+1 +2 +3 +5 +6 +7 +8 +9 +10 +11 +20 +21 +22 +23 +24 +25 +26 +28 +31 +32 +33 +35 +36 +37 +38 +39 +40 +41 +42 +43 +44 +45 +46 +47 +48 +49 +50 +51 +52 +53 +54 +55 +56 +57 +58 +59 +60 +61 +62 +63 +64 +65 +67 +68 +69 +70 +71 +72 +73 +74 +75 +76 +77 +78 +79 +80 +81 +82 +84 +85 +86 -140 -139 -138 -137 -136 -135 -134 -133 -132 +89 +90 +91 +92 +93 +94 +95 +96 +97 +98 +99 +100 +101 +102 +103 +104 +105 +107 +108 +109 +110 +111 +112 +114 +115 +116 +117 +118 +119 +120 +121 +126 +127 +128 +129 +130 +131 +143 +144 +145 +146 +147 +148 +149 +150 +151 +152 +153 +154 +155 +156 $
>CP020828.1
+1 +2 +3 +5 +6 +7 +8 +9 +10 +11 +20 +21 +22 +23 +24 +25 +26 +28 +31 +32 +33 +35 +36 +37 +38 +39 +40 +41 +42 +43 +44 +45 +46 +47 +48 +49 +50 +51 +52 +53 +54 +55 +56 +57 +58 +59 +60 +61 +62 +63 +64 +65 +67 +68 +69 +70 +71 +72 +73 +74 +75 +76 +77 +78 +79 +80 +81 +82 +84 +85 +86 +89 +90 +91 +92 +93 +94 +95 +96 +97 +98 +99 +100 +101 +102 +103 +104 +105 +107 +108 +109 +110 +111 +112 +114 +115 +116 +117 +118 +119 +120 +121 +126 +127 +128 +129 +130 +131 +132 +133 +134 +135 +136 +137 +138 +139 +140 +141 +143 +144 +145 +146 +147 +148 +149 +150 +151 +152 +153 +154 +155 +156 $
>CP019617.1
+1 +2 +3 +5 +6 +7 +8 +9 +10 +11 +20 +21 +22 +23 +24 +25 +26 +28 +31 +32 +33 +35 +36 +37 +38 +39 +40 +41 +42 +43 +44 +45 +46 +47 +48 +49 +50 +51 +52 +53 +54 +55 +56 +57 +58 +59 +60 +61 +62 +63 +64 +65 +67 +68 +69 +70 +71 +72 +73 +74 +75 +76 +77 +78 +79 +80 +81 +82 +84 +85 +86 +89 +90 +91 +92 +93 +94 +95 +96 +97 +98 +99 +100 +101 +102 +103 +104 +105 +107 +108 +109 +110 +111 +112 +114 +115 +116 +117 +118 +119 +120 -121 +126 +127 +128 +129 +130 +131 +132 +133 +134 +135 +136 +137 +138 +139 +140 +141 +143 +144 +145 +146 +147 +148 +149 +150 +151 +152 +153 +154 +155 +156 $
>CP020827.1
+1 +2 +3 +5 +6 +7 +8 +9 +10 +11 +20 +21 +22 +23 +24 +25 +26 +28 +31 +32 +33 +35 +36 +37 +38 +39 +40 +41 +42 +43 +44 +45 +46 +47 +48 +49 +50 +51 +52 +53 +54 +55 +56 +57 +58 +59 +60 +61 +62 +63 +64 +65 +67 +68 +69 +70 +71 +72 +73 +74 +75 +76 +77 +78 +79 +80 +81 +82 +84 +85 +86 +89 +90 +91 +92 +93 +94 +95 +96 +97 +98 +99 +100 +101 +102 +103 +104 +105 +107 +108 +109 +110 +111 +112 +114 +115 +116 +117 +118 +119 +120 +121 +126 +127 +128 +129 +130 +131 +132 +133 +134 +135 +136 +137 +138 +139 +140 +141 +143 +144 +145 +146 +147 +148 +149 +150 +151 +152 +153 +154 +155 +156 $
>CP002004.1
+1 +2 +3 +5 +6 +7 +8 +9 +10 +11 +20 +21 +22 +23 +24 +25 +26 +28 +31 +32 +33 +35 +36 +37 +38 +39 +40 +41 +42 +43 +44 +45 +46 +47 +48 +49 +50 +51 +52 +53 +54 +55 +56 +57 +58 +59 +60 +61 +62 +63 +64 +65 +67 +68 +69 +70 +71 +72 +73 +74 +75 +76 +77 +78 +79 +80 +81 +82 +84 +85 +86 +89 +90 +91 +92 +93 +94 +95 +96 +97 +98 +99 +100 +101 +102 +103 +104 +105 +107 +108 +109 +110 +111 +112 +114 +115 +116 +117 +118 +119 +120 +121 +126 +127 +128 +129 +130 +131 +132 +133 +134 +135 +136 +137 +138 +139 +140 +141 +143 +144 +145 +146 +147 +148 +149 +150 +151 +152 +153 +154 +155 +156 $
>CP002816.1
+1 +2 +3 +5 +6 +7 +8 +9 +10 +11 +20 +21 +22 +23 +24 +25 +26 +28 +32 +33 +35 +36 +37 +38 +39 +40 +41 +42 +43 +44 +45 +46 +47 +48 +49 +50 +51 +52 +53 +54 +55 +56 +57 +58 +59 +60 +61 +62 +63 +64 +65 +67 +68 +69 +70 +71 +72 +73 +74 +75 +76 +77 +78 +79 +80 +81 +82 +84 +85 +86 +89 +90 +91 +92 +93 +94 +95 +96 +97 +98 +99 +100 +101 +102 +103 +104 +105 +107 +108 +109 +110 +111 +112 +114 +115 +116 +117 +118 +119 +120 +121 +126 +127 +128 +129 +130 +131 +132 +133 +134 +135 +136 +137 +138 +139 +140 +141 +143 +144 +145 +146 +147 +148 +149 +151 +152 +153 +154 +155 +156 $
>CP006597.1
+1 +2 +3 +5 +6 +7 +8 +9 +10 +11 +20 +21 +22 +23 +24 +25 +26 +28 +31 +32 +33 +35 +36 +37 +38 +39 +40 +41 +42 +43 +44 +45 +46 +47 +48 +49 +50 +51 +52 +53 +54 +55 +56 +57 +58 +59 +60 +61 +62 +63 +64 +65 +67 +68 +69 +70 +71 +72 +73 +74 +75 +76 +77 +78 +79 +80 +81 +82 +84 +85 +86 +89 +90 +91 +92 +93 +94 +95 +96 +97 +98 +99 +100 +101 +102 +103 +104 +105 +107 +108 +109 +110 +111 +112 +114 +115 +116 +117 +118 +119 +120 +121 +126 +127 +128 +129 +130 +131 +132 +133 +134 +135 +136 +137 +138 +139 +140 +141 +143 +144 +145 +146 +147 +148 +149 +150 +151 +152 +153 +154 +155 +156 $
>CP006594.1
+1 +2 +3 +5 +6 +7 +8 +9 +10 +11 -109 -108 -107 -105 -104 -103 -102 -101 -100 -99 -98 -97 -96 -95 -94 -93 -92 -91 -90 -89 -86 -85 -84 -82 -81 -80 -79 -78 -77 -76 -75 -74 -73 -72 -71 -70 -69 -68 -67 -65 -64 -63 -62 -61 -60 -59 -58 -57 -56 -55 -54 -53 -52 -51 -50 -49 -48 -47 -46 -45 -44 -43 -42 -41 -40 -39 -38 -37 -36 -35 -33 -32 -31 -28 -26 -25 -24 -23 -22 -21 -20 +110 +111 +112 +114 +115 +116 +117 +118 +119 +120 +121 +126 +127 +128 +129 +130 +131 +132 +133 +134 +135 +136 +137 +138 +139 +140 +141 +143 +144 +145 +146 +147 +148 +149 +150 +151 +152 +153 +154 +155 +156 $
>CP025560.1
+1 +2 +3 +5 +6 +7 +8 +9 +10 +11 +20 +21 +22 +23 +24 +25 +26 +28 +31 +32 +33 +35 +36 +37 +38 +39 +40 +41 +42 +43 +44 +45 +46 +47 +48 +49 +50 +51 +52 +53 +54 +55 +56 +57 +58 +59 +60 +61 +62 +63 +64 +65 +67 +68 +69 +70 +71 +72 +73 +74 +75 +76 +77 +78 +79 +80 +81 +82 +84 +85 +86 +89 +90 +91 +92 +93 +94 +95 +96 +97 +98 +99 +100 +101 +102 +103 +104 +105 +107 +108 +109 +110 +111 +112 +114 +115 +116 +117 +118 +119 +120 +121 +126 +127 +128 +129 +130 +131 +132 +133 +134 +135 +136 +137 +138 +139 +140 +141 +143 +144 +145 +146 +147 +148 +149 +150 +151 +152 +153 +154 +155 +156 $
>CP006591.1
+1 +2 +3 +5 +6 +7 +8 +9 +10 +11 +20 +21 +22 +23 +24 +25 +26 +28 +31 +32 +33 +35 +36 +37 +38 +39 +40 +41 +42 +43 +44 +45 +46 +47 +48 +49 +50 +51 +52 +53 +54 +55 +56 +57 +58 +59 +60 +61 +62 +63 +64 +65 +67 +68 +69 +70 +71 +72 +73 +74 +75 +76 +77 +78 +79 +80 +81 +82 +84 +85 +86 +89 +90 +91 +92 +93 +94 +95 +96 +97 +98 +99 +100 +101 +102 +103 +104 +105 +107 +108 +109 +110 +111 +112 +114 +115 +116 +117 +118 +119 +120 +121 +126 +127 +128 +129 +130 +131 +132 +133 +134 +135 +136 +137 +138 +139 +140 +141 +143 +144 +145 +146 +147 +148 +149 +150 +151 +152 +153 +154 +155 +156 $
>CM003382.1
+1 +2 +3 +5 +6 +7 +8 +9 +10 +11 +20 +21 +22 +23 +24 +25 +26 +28 +31 +32 +33 +35 +36 +37 +38 +39 +40 +41 +42 +43 +44 +45 +46 +47 +48 +49 +50 +51 +52 +53 +54 +55 +56 +57 +58 +59 +60 +61 +62 +63 +64 +65 +67 +68 +69 +70 +71 +72 +73 +74 +75 +76 +77 +78 +79 +80 +81 +82 +84 +85 +86 +89 +90 +91 +92 +93 +94 +95 +96 +97 +98 +99 +100 +101 +102 +103 +104 +105 +107 +108 +109 +110 +111 +132 +133 +112 +114 +115 +116 +117 +118 +119 +120 +121 +126 +127 +128 +129 +130 +131 +134 +135 +136 +137 +138 +139 +140 +141 +143 +144 +145 +146 +147 +148 +149 +150 +151 +152 +153 +154 +155 +156 $
>CP041213.1
+1 +2 +3 +5 +6 +7 +8 +9 +10 +11 +20 +21 +22 +23 +24 +25 +26 +28 +31 +32 +33 +35 +36 +37 +38 +39 +40 +41 +42 +43 +44 +45 +46 +47 +48 +49 +50 +51 +52 +53 +54 +55 +56 +57 +58 +59 +60 +61 +62 +63 +64 +65 +67 +68 +69 +70 +71 +72 +73 +74 +75 +76 +77 +78 +79 +80 +81 +82 +84 +85 +86 +89 +90 +91 +92 +93 +94 +95 +96 +97 +98 +99 +100 +101 +102 +103 +104 +105 +107 +108 +109 +110 +111 +112 +114 +115 +116 +117 +118 +119 +120 +121 +126 +127 +128 +129 +130 +131 +132 +133 +134 +135 +136 +137 +138 +139 +140 +141 +143 +144 +145 +146 +147 +148 +149 +150 +151 +152 +153 +154 +155 +156 $
>CP032671.1
+1 +2 +3 +5 +6 +7 +8 +9 +10 +11 +20 +21 +22 +23 +24 +25 +26 +28 +31 +32 +33 +35 +36 +37 +38 +39 +40 +41 +42 +43 +44 +45 +46 +47 +48 +49 +50 +51 +52 +53 +54 +55 +56 +57 +58 +59 +60 +61 +62 +63 +64 +65 +67 +68 +69 +70 +71 +72 +73 +74 +75 +76 +77 +78 +79 +80 +81 +82 +84 +85 +86 +89 +90 +91 +92 +93 +94 +95 +96 +97 +98 +99 +100 +101 +102 +103 +104 +105 +107 +108 +109 +110 +111 +112 +114 +115 +116 +117 +118 +119 +120 +121 +126 +127 +128 +129 +130 +131 +132 +133 +134 +135 +136 +137 +138 +139 +140 +141 +143 +144 +145 +146 +147 +148 +149 +150 +151 +152 +153 +154 +155 +156 $
>CP009242.1
+1 +2 +3 +5 +6 +7 +8 +9 +10 +11 +20 +21 +22 +23 +24 +25 +26 +28 +32 +33 +35 +36 +37 +38 +39 +40 +41 +42 +43 +44 +45 +46 +47 +48 +49 +50 +51 +52 +53 +54 +55 +56 +57 +58 +59 +60 +61 +62 +63 +64 +65 +67 +68 +69 +70 +71 +72 +73 +74 +75 +76 +77 +78 +79 +80 +81 +82 +84 +85 +86 +89 +90 +91 +92 +93 +94 +95 +96 +97 +98 +99 +100 +101 +102 +103 +104 +105 +107 +108 +109 +110 +111 +112 +114 +115 +116 +117 +118 +119 +120 +121 +126 +127 +128 +129 +130 +131 +132 +133 +134 +135 +136 +137 +138 +139 +140 +141 +143 +144 +145 +146 +147 +148 +149 +151 +152 +153 +154 +155 +156 $
>CP027029.1
+1 +2 +3 +5 +6 +7 +8 +9 +10 +11 +126 +127 +128 +129 +130 +131 +20 +21 +22 +23 +24 +25 +26 +28 +31 +32 +33 +35 +36 +37 +38 +39 +40 +41 +42 +43 +44 +45 +46 +47 +48 +49 +50 +51 +52 +53 +54 +55 +56 +57 +58 +59 +60 +61 +62 +63 +64 +65 +67 +68 +69 +70 +71 +72 +73 +74 +75 +76 +77 +78 +79 +80 +81 +82 +84 +85 +86 +89 +90 +91 +92 +93 +94 +95 +96 +97 +98 +99 +100 +101 +102 +103 +104 +105 +107 +108 +109 +110 +111 +112 +114 +115 +116 +117 +118 +119 +120 +121 +132 +133 +134 +135 +136 +137 +138 +139 +140 +141 +143 +144 +145 +146 +147 +148 +149 +150 +151 +152 +153 +154 +155 +156 $
>CP020833.1
+1 +2 +3 +5 +6 +7 +8 +9 +10 +11 +20 +21 +22 +23 +24 +25 +26 +28 +31 +32 +33 +35 +36 +37 +38 +39 +40 +41 +42 +43 +44 +45 +46 +47 +48 +49 +50 +51 +52 +53 +54 +55 +56 +57 +58 +59 +60 +61 +62 +63 +64 +65 +67 +68 +69 +70 +71 +72 +73 +74 +75 +76 +77 +78 +79 +80 +81 +82 +84 +85 +86 +90 +91 +92 +93 +94 +95 +96 +97 +98 +99 +100 +101 +102 +103 +104 +105 +107 +108 +109 +110 +111 +112 +114 +115 +116 +117 +118 +119 +120 +121 +126 +127 +128 +129 +130 +131 +132 +133 +134 +135 +136 +137 +138 +139 +140 +141 +143 +144 +145 +146 +147 +148 +149 +150 +151 +152 +153 +154 +155 +156 $
>CP045970.1
+1 +2 +3 +5 +6 +7 +8 +9 +10 +11 +20 +21 +22 +23 +24 +25 +26 +28 +31 +32 +33 +35 +36 +37 +38 +39 +40 +41 +42 +43 +44 +45 +46 +47 +48 +49 +50 +51 +52 +53 +54 +55 +56 +57 +58 +59 +60 +61 +62 +63 +64 +65 +67 +68 +69 +70 +71 +72 +73 +74 +75 +76 +77 +78 +79 +80 +81 +82 +84 +85 +86 +89 +90 +91 +92 +93 +94 +95 +96 +97 +98 +99 +100 +101 +102 +103 +104 +105 +107 +108 +109 +110 +111 +112 +114 +115 +116 +117 +118 +119 +120 +121 +126 +127 +128 +129 +130 +131 +132 +133 +134 +135 +136 +137 +138 +139 +140 +141 +143 +144 +145 +146 +147 +148 +149 +150 +151 +152 +153 +154 +155 +156 $
>CP030808.1
+1 +2 +3 +5 +6 +7 +8 +9 +10 +11 +20 +21 +22 +23 +24 +25 +26 +28 +31 +32 +33 +35 +36 +37 +38 +39 +40 +41 +42 +43 +44 +45 +46 +47 +48 +49 +50 +51 +52 +53 +54 +55 +56 +57 +58 +59 +60 +61 +62 +63 +64 +65 +67 +68 +69 +70 +71 +72 +73 +74 +75 +76 +77 +78 +79 +80 +81 +82 +84 +85 +86 +89 +90 +91 +92 +93 +94 +95 +96 +97 +98 +99 +100 +101 +102 +103 +104 +105 +107 +108 +109 +110 +111 +112 +114 +115 +116 +117 +118 +119 +120 +121 +126 +127 +128 +129 +130 +131 +132 +133 +134 +135 +136 +137 +138 +139 +140 +141 +143 +144 +145 +146 +147 +148 +149 +150 +151 +152 +153 +154 +155 +156 $
>CP021174.1
+1 +2 +3 +5 +6 +7 +8 +9 +10 +11 +20 +21 +22 +23 +24 +25 +26 +28 +31 +32 +33 +35 +36 +37 +38 +39 +40 +41 +42 +43 +44 +45 +46 +47 +48 +49 +50 +51 +52 +53 +54 +55 +56 +57 +58 +59 +60 +61 +62 +63 +64 +65 +67 +68 +69 +70 +71 +72 +73 +74 +75 +76 +77 +78 +79 +80 +81 +82 +84 +85 +86 +89 +90 +91 +92 +93 +94 +95 +96 +97 +98 +99 +100 +101 +102 +103 +104 +105 +107 +108 +109 +110 +111 +112 +114 +115 +116 +117 +118 +119 +120 +121 +126 +127 +128 +129 +130 +131 +132 +133 +134 +135 +136 +137 +138 +139 +140 +141 +143 +144 +145 +146 +147 +148 +149 +150 +151 +152 +153 +154 +155 +156 $
>CP038642.1
+1 +2 +3 +5 +6 +7 +8 +9 +10 +11 -140 -139 -138 -137 -136 -135 -134 -133 -132 -131 -130 -129 -128 -127 -126 -121 -120 -119 -118 -117 -116 -115 -114 -112 -111 -110 -109 -108 -107 -105 -104 -103 -102 -101 -100 -99 -98 -97 -96 -95 -94 -93 -92 -91 -90 -89 -86 -85 -84 -82 -81 -80 -79 -78 -77 -76 -75 -74 -73 -72 -71 -70 -69 -68 -67 -65 -64 -63 -62 -61 -60 -59 -58 -57 -56 -55 -54 -53 -52 -51 -50 -49 -48 -47 -46 -45 -44 -43 -42 -41 -40 -39 -38 -37 -36 -35 -33 -32 -31 -28 -26 -25 -24 -23 -22 -20 +141 +143 +144 +145 +146 +147 +148 +149 +150 +151 +152 +153 +154 +155 +156 $
