11	1
27	1
26	1
29	1
21	1
32	1
19	5
30	1
25	2
22	1
198	1
36	1
33	1
24	3
31	2
34	13
7	8
6	11
5	17
41	2
4	41
38	199
39	14
2	39
40	6
3	20
37	5
10	8
8	11
9	15
14	6
28	3
17	4
200	1
15	6
18	2
--------------------------------------------------------------------------------
CP019623.1	87.3847
CP027029.1	87.2671
CP030834.1	85.7988
FM211688.1	88.0551
CP046362.1	88.331
CP048401.1	88.1345
CP002001.1	86.4382
CP021174.1	86.7574
CP020831.1	87.1874
CP046361.1	88.3132
HG813249.1	85.5882
CP028183.1	85.3172
CP006597.1	85
CP030808.1	85.4809
CP032669.1	86.7867
CP020833.1	85.6919
CP006594.1	85.6905
CP038642.1	85.3324
CP020828.1	87.0724
CP009242.1	87.9421
FR733646.1	86.5216
CP019617.1	86.6721
CP041213.1	85.6768
CP013722.1	86.9941
CP030810.1	85.278
CP045969.1	86.7151
CP030809.1	86.3841
FR720325.1	87.4823
CP006591.1	86.4646
CM003382.1	87.2497
CP020827.1	86.6005
CP033737.1	87.7835
CP032671.1	85.932
LT985476.1	87.694
CP045970.1	86.1348
CP002004.1	88.0149
CP002816.1	88.1464
CP025560.1	84.9567
