>CP065432.1
+1 +3 +4 +5 +6 +7 +8 +9 +10 +11 +12 +13 +14 +15 +16 +17 +18 +19 +21 +22 +23 +24 +25 +26 +27 +28 +29 +30 +31 +32 +34 +35 +36 +37 +38 +39 +40 +41 +42 +43 +44 +46 +47 +48 +49 +50 +51 +52 +53 +54 +55 +56 +57 +58 +59 +60 +61 +62 +63 +64 +65 +66 +67 +68 +69 +70 +73 +74 +75 +76 +77 +78 +79 +80 +81 +86 +87 +88 +89 +90 +91 +92 +93 +94 +95 +97 +98 +101 +102 +103 +104 +105 +106 +107 +108 +109 +110 +111 +112 +113 +114 +115 +116 +117 +118 +119 +120 +121 +122 +123 +124 +126 +127 +129 +130 +132 +133 +134 +135 +136 +137 +138 +139 +140 +141 +142 +144 +145 +146 +147 +148 +149 +150 +151 +152 +153 +154 +155 +157 +159 +160 +161 +162 +163 +164 +166 +167 +168 +170 +171 +172 +173 +174 +175 +176 +177 +178 +179 +180 +181 +182 +183 +188 +189 +190 +191 +192 +194 +195 +196 +198 +199 +200 +201 @
>CP015121.1
+1 +3 +4 +5 +6 +7 +8 +9 +10 +11 +12 +13 +14 +15 +16 +17 +18 +19 +21 +22 +23 +24 +25 +26 +27 +28 +29 +30 +31 +32 +34 +35 +36 +37 +38 +39 +40 +41 +42 +43 +44 +46 +47 +48 +49 +50 +51 +52 +53 +54 +55 +56 +57 +58 +59 +60 +61 +62 +63 +64 +65 +66 +67 +68 +69 +70 +73 +74 +75 +76 +77 +78 +79 +80 +81 +86 +87 +88 +89 +90 +91 +92 +93 +94 +95 +97 +98 +101 +102 +103 +104 +105 +106 +107 +108 +109 +110 +111 +112 +113 +114 +115 +116 +117 +118 +119 +120 +121 +122 +123 +124 +126 +127 +129 +130 +132 +133 +134 +135 +136 +137 +138 +139 +140 +141 +142 +144 +145 +146 +147 +148 +149 +150 +151 +152 +153 +154 +155 +157 +159 +160 +161 +162 +163 +164 +166 +167 +168 +170 +171 +172 +173 +174 +175 +176 +177 +178 +179 +180 +181 +182 +183 +188 +189 +190 +191 +192 +194 +195 +196 +198 +199 +200 +201 @
>CP033243.1
+1 +3 +4 +5 +6 +7 +8 +9 +10 +11 +12 +13 +14 +15 +16 +17 +18 +19 +21 +22 +23 +24 +25 +26 +27 +28 +29 +30 +31 +32 +34 +35 +36 +37 +38 +39 +40 +41 +42 +43 +44 +46 +47 +48 +49 +50 +51 +52 +53 +54 +55 +56 +57 +58 +59 +60 +61 +62 +63 +64 +65 +66 +67 +68 +69 +70 +73 +74 +75 +76 +77 +78 +79 +80 +81 +86 +87 +88 +89 +90 +91 +92 +93 +97 +98 +101 +102 +103 +104 +105 +106 +107 +108 +109 +110 +111 +112 +113 +114 +115 +116 +117 +118 +119 +120 +121 +122 +123 +124 +126 +127 +129 +130 +132 +133 +134 +135 +136 +137 +138 +139 +140 +141 +145 +146 +147 +148 +149 +150 +151 +152 +153 +154 +155 +157 +159 +160 +161 +162 +163 +164 +166 +167 +168 +170 +171 +172 +173 +174 +175 +176 +177 +178 +179 +180 +181 +182 +183 +188 +189 +190 +191 +192 +194 +195 +196 +198 +199 +200 +201 @
>CP027611.1
-66 -65 -64 -63 -62 -61 -60 -59 -58 -57 -56 -55 -54 -53 -52 -51 -50 -49 -48 -47 -46 -44 -43 -42 -41 -40 -39 -38 -37 -36 -35 -34 -32 -31 -30 -29 -28 -27 -26 -25 -24 -23 -22 -21 -19 -18 -17 -16 -15 -14 -13 -12 -11 -10 -9 -8 -7 -6 -5 -4 -3 -1 -201 -200 -199 -198 -196 -195 -194 -192 -191 -190 -189 -188 -183 -182 -181 -180 -179 -178 -177 -176 -175 -174 -173 -172 -171 -170 -168 -167 -166 -164 -163 -162 -161 -160 -159 -157 -155 -154 -153 -152 -151 -150 -149 -148 -147 -146 -145 -144 -142 -141 -140 -139 -138 -137 -136 -135 -134 -133 -132 -130 -129 -127 -126 -124 -123 -122 -121 -120 -119 -118 -117 -116 -115 -114 -113 -112 -111 -110 -109 -108 -107 -106 +98 +101 +102 +103 +104 +105 -95 -94 -93 -92 -91 -90 -89 -88 -87 -86 -81 -80 -79 -78 -77 -76 -75 -74 -73 -70 -69 -68 -67 @
>CP046898.1
+1 +3 +4 +5 +6 +7 +8 +9 +10 +11 +12 +13 +14 +15 +16 +17 +18 +19 +21 +22 +23 +24 +25 +26 +27 +28 +29 +30 +31 +32 +34 +35 +36 +37 +38 +39 +40 +41 +42 +43 +44 +46 +47 +48 +49 +50 +51 +52 +53 +54 +55 +56 +57 +58 +59 +60 +61 +62 +63 +64 +65 +66 +67 +68 +69 +70 +73 +74 +75 +76 +77 +78 +79 +80 +81 +86 +87 +88 +89 +90 +91 +92 +93 +94 +95 +97 +98 +101 +102 +103 +104 +105 +106 +107 +108 +109 +110 +111 +112 +113 +114 +115 +116 +117 +118 +119 +120 +121 +122 +123 +124 +126 +127 +129 +130 +132 +133 +134 +135 +136 +137 +138 +139 +140 +141 +142 +144 +145 +146 +147 +148 +149 +150 +151 +152 +153 +154 +155 +157 +159 +160 +161 +162 +163 +164 +166 +167 +168 +170 +171 +172 +173 +174 +175 +176 +177 +178 +179 +180 +181 +182 +183 +188 +189 +190 +191 +192 +194 +195 +196 +198 +199 +200 +201 @
>CP026711.1
-30 -29 -28 -27 -26 -25 -24 -23 -22 -21 -19 -18 -17 -16 -15 -14 -13 -12 -11 -10 -9 -8 -7 -6 -5 -4 -3 -1 -201 -200 -199 -198 -196 -195 -194 -192 -191 -190 -189 -188 -183 -182 -181 -180 -179 -178 -177 -176 -175 -174 -173 -172 -171 -170 -168 -167 -166 -164 -163 -162 -161 -160 -159 -157 -155 -154 -153 -152 -151 -150 -149 -148 -147 -146 -145 -144 -142 -141 -140 -139 -138 -137 -136 -135 -134 -133 -132 -130 -129 -127 -126 -124 -123 -122 -121 -120 -119 -118 -117 -116 -115 -114 -113 -112 -111 -110 -109 -108 -107 +101 +102 +103 +104 +105 -95 -94 -93 -92 -91 -90 -89 -88 -87 -86 -81 -80 -79 -78 -77 -76 -75 -74 -73 -70 -69 -68 -67 -66 -65 -64 -63 -62 -61 -60 -59 -58 -57 -56 -55 -54 -53 -52 -51 -50 -49 -48 -47 -46 -44 -43 -42 -41 -40 -39 -38 -37 -36 -35 -34 -32 -31 @
>CP046654.1
-70 -69 -68 -67 -66 -65 -64 -63 -62 -61 -60 -59 -58 -57 -56 -55 -54 -53 -52 -51 -50 -49 -48 -47 -46 -44 -43 -42 -41 -40 -39 -38 -37 -36 -35 -34 -32 -31 -30 -29 -28 -27 -26 -25 -24 -23 -22 -21 -19 -18 -17 -16 -15 -14 -13 -12 -11 -10 -9 -8 -7 -6 -5 -4 -3 -1 -201 -200 -199 -198 -196 -195 -194 -192 -191 -190 -189 -188 -183 -182 -181 -180 -179 -178 -177 -176 -175 -174 -173 -172 -171 -170 -168 -167 -166 -164 -163 -162 -161 -160 -159 -157 -155 -154 -153 -152 -151 -150 -149 -148 -147 -146 -145 -144 -142 -141 -140 -139 -138 -137 -136 -135 -134 -133 -132 -130 -129 -127 -126 -124 -123 -122 -121 -120 -119 -118 -117 -116 -115 -114 -113 -112 -111 -110 -109 -108 -107 -106 -105 -104 -103 -102 -101 -98 -97 -95 -94 -93 -92 -91 -90 -89 -88 -87 -86 -81 -80 -79 -78 -77 -76 -75 -74 -73 @
>CP047973.1
+1 +3 +4 +5 +6 +7 +8 +9 +10 +11 +12 +13 +14 +15 +16 +17 +18 +19 +21 +22 +23 +24 +25 +26 +27 +28 +29 +30 +31 +32 +34 +35 +36 +37 +38 +39 +40 +41 +42 +43 +44 +46 +47 +48 +49 +50 +51 +52 +53 +54 +55 +56 +57 +58 +59 +60 +61 +62 +63 +64 +65 +66 +67 +68 +69 +70 +73 +74 +75 +76 +77 +78 +79 +80 +81 +86 +87 +88 +89 +90 +91 +92 +93 +94 +95 +97 +98 +101 +102 +103 +104 +105 +106 +107 +108 +109 +110 +111 +112 +113 +114 +115 +116 +117 +118 +119 +120 +121 +122 +123 +124 +126 +127 +129 +130 +132 +133 +134 +135 +136 +137 +138 +139 +140 +141 +142 +144 +145 +146 +147 +148 +149 +150 +151 +152 +153 +154 +155 +157 +159 +160 +161 +162 +163 +164 +166 +167 +168 +170 +171 +172 +173 +174 +175 +176 +177 +178 +179 +180 +181 +182 +183 +188 +189 +190 +191 +192 +194 +195 +196 +198 +199 +200 +201 @
>CP051862.1
+1 -199 -198 -196 -195 -194 -192 -191 -190 -189 -188 -183 -182 -181 -180 -179 -178 -177 -176 -175 -174 -173 -172 -171 -170 -168 -167 -166 -164 -163 -162 -161 -160 -159 -157 -154 -153 -152 -151 -150 -149 -148 -147 -146 -145 -144 -142 -140 -139 -138 -137 -136 -135 -134 -133 -132 -127 -126 -123 -121 -120 -119 -118 -117 -116 -115 -114 -113 -112 -111 -110 -109 -108 -107 -106 -105 -104 -103 -102 -101 -98 -97 -95 -94 -93 -92 -91 -90 -89 -88 -87 -86 -81 -80 -79 -78 -77 -76 -75 -74 -73 -70 -69 -68 -67 -66 -65 -64 -63 -62 -61 -60 -59 -58 -57 -56 -55 -54 -53 -52 -51 -50 -49 -48 -47 -46 -44 -43 -42 -41 -40 -39 -38 -37 -36 -35 -34 -32 -31 -30 -29 -28 -27 -26 -25 -24 -23 -22 -21 -19 -18 -17 -15 -14 -13 -12 -11 -10 -9 -8 -7 -6 -5 -4 -3 +200 +201 @
>CP059040.1
+1 +3 +4 +5 +6 +7 +8 +9 +10 +11 +12 +13 +14 +15 +16 +17 +18 +19 +21 +22 +23 +24 +25 +26 +27 +28 +29 +30 +31 +32 +34 +35 +36 +37 +38 +39 +40 +41 +42 +43 +44 +46 +47 +48 +49 +50 +51 +52 +53 +54 +55 +56 +57 +58 +59 +60 +61 +62 +63 +64 +65 +66 +67 +68 +69 +70 +73 +74 +75 +76 +77 +78 +79 +80 +81 +86 +87 +88 +89 +90 +91 +92 +93 +94 +95 +97 +98 +101 +102 +103 +104 +105 +106 +107 +108 +109 +110 +111 +112 +113 +114 +115 +116 +117 +118 +119 +120 +121 +122 +123 +124 +126 +127 +129 +130 +132 +133 +134 +135 +136 +137 +138 +139 +140 +141 +142 +144 +145 +146 +147 +148 +149 +150 +151 +152 +153 +154 +155 +157 +159 +160 +161 +162 +163 +164 +166 +167 +168 +170 +171 +172 +173 +174 +175 +176 +177 +178 +179 +180 +181 +182 +183 +188 +189 +190 +191 +192 +194 +195 +196 +198 +199 +200 +201 @
>CP015364.1
-112 -111 -110 -109 -108 -107 -106 -105 -104 -103 -102 -101 -98 -97 -93 -92 -91 -90 -89 -88 -87 -86 -81 -80 -79 -78 -77 -76 -75 -74 -73 -70 -69 -68 -67 -66 -65 -64 -63 -62 -61 -60 -59 -58 -57 -56 -55 -54 -53 -52 -51 -50 -49 -48 -47 -46 -44 -43 -42 -41 -40 -39 -38 -37 -36 -35 -34 -32 -31 -30 -29 -28 -27 -26 -25 -24 -23 -22 -21 -19 -18 -17 -16 -15 -14 -13 -12 -11 -10 -9 -8 -7 -6 -5 -4 -3 -1 -201 -200 -199 -198 -196 -195 -194 -192 -191 -190 -189 -188 -183 -182 -181 -180 -179 -178 -177 -176 -175 -174 -173 -172 -171 -170 -168 -167 -166 -164 -163 -162 -161 -160 -159 -157 -155 -154 -153 -152 -151 -150 -149 -148 -147 -146 -145 -141 -140 -139 -138 -137 -136 -135 -134 -133 -132 -130 -129 -127 -126 -124 -123 -122 -121 -120 -119 -118 -117 -116 -115 -114 -113 @
>CP045110.1
-1 -201 -200 -199 -198 -196 -195 -194 -192 -191 -190 -189 -188 -183 -182 -181 -180 -179 -178 -177 -176 -175 -174 -173 -172 -171 -170 -168 -167 -166 -164 -163 -162 -161 -160 -159 -157 -155 -154 -153 -152 -151 -150 -149 -148 -147 -146 -145 -144 -142 -141 -140 -139 -138 -137 -136 -135 -134 -133 -132 -130 -129 -127 -126 -124 -123 -122 -121 -120 -119 -118 -117 -116 -115 -114 -113 -112 -111 -110 -109 -108 -107 -106 -105 -104 -103 -102 -101 -98 -97 -95 -94 -93 -92 -91 -90 -89 -88 -87 -86 -81 -80 -79 -78 -77 -76 -75 -74 -73 -70 -69 -68 -67 -66 -65 -64 -63 -62 -61 -60 -59 -58 -57 -56 -55 -54 -53 -52 -51 -50 -49 -48 -47 -46 -44 -43 -42 -41 -40 -39 -38 -37 -36 -35 -34 -32 -31 -30 -29 -28 -27 -26 -25 -24 -23 -22 -21 -19 -18 -17 -16 -15 -14 -13 -12 -11 -10 -9 -8 -7 -6 -5 -4 -3 @
>CP033768.1
-170 -168 -167 -166 -164 -163 -162 -161 -160 -159 -157 -155 -154 -153 -152 -151 -150 -149 -148 -147 -146 -145 -144 -140 -139 -138 -137 -136 -135 -134 -133 -132 -127 -126 -124 -123 -122 -121 -120 -119 -118 -117 -116 -115 -114 -113 -112 -111 -110 -109 -108 -107 -106 -105 -104 -103 -102 -101 -98 -97 -95 -94 -93 -92 -91 -90 -89 -88 -87 -86 -81 -80 -79 -78 -77 -76 -75 -74 -73 -70 -69 -68 -67 -66 -65 -64 -63 -62 -61 -60 -59 -58 -57 -56 -55 -54 -53 -52 -51 -50 -49 -48 -47 -46 -44 -43 -42 -41 -40 -39 -38 -37 -36 -35 -34 -32 -31 -30 -29 -28 -27 -26 -25 -24 -23 -22 -21 -19 -18 -17 -16 -15 -14 -13 -12 -11 -10 -9 -8 -7 -6 -5 -4 -3 +200 +201 +1 -199 -198 -196 -195 -194 -192 -191 -190 -189 -188 -183 -182 -181 -180 -179 -178 -177 -176 -175 -174 -173 -172 -171 @
>CP018254.1
+1 +3 +4 +5 +6 +7 +8 +9 +10 +11 +12 +13 +14 +15 +16 +17 +18 +19 +21 +22 +23 +24 +25 +26 +27 +28 +29 +30 +31 +32 +34 +35 +36 +37 +38 +39 +40 +41 +42 +43 +44 +46 +47 +48 +49 +50 +51 +52 +53 +54 +55 +56 +57 +58 +59 +60 +61 +62 +63 +64 +65 +66 +67 +68 +69 +70 +73 +74 +75 +76 +77 +78 +79 +80 +81 +86 +87 +88 +89 +90 +91 +92 +93 +94 +95 +97 +98 +101 +102 +103 +104 +105 +106 +107 +108 +109 +110 +111 +112 +113 +114 +115 +116 +117 +118 +119 +120 +121 +122 +123 +124 +126 +127 +129 +130 +132 +133 +134 +135 +136 +137 +138 +139 +140 +141 +142 +144 +145 +146 +147 +148 +149 +150 +151 +152 +153 +154 +155 +157 +159 +160 +161 +162 +163 +164 +166 +167 +168 +170 +171 +172 +173 +174 +175 +176 +177 +178 +179 +180 +181 +182 +183 +188 +189 +190 +191 +192 +194 +195 +196 +198 +199 +200 +201 @
>CP018332.1
+1 -199 -198 -196 -195 -194 -192 -191 -190 -189 -188 -183 -182 -181 -180 -179 -178 -177 -176 -175 -174 -173 -172 -171 -170 -168 -167 -166 -164 -163 -162 -161 -160 -159 -157 -155 -154 -153 -152 -151 -150 -149 -148 -147 -146 -145 -144 -142 -141 -140 -139 -138 -137 -136 -135 -134 -133 -119 -118 -117 -116 -115 -114 -113 -112 -111 -110 -109 -108 -107 -106 -105 -104 -103 -102 -101 -98 -97 -95 -94 -93 -92 -91 -90 -89 -88 -87 -86 -81 -80 -79 -78 -77 -76 -75 -74 -73 -70 -69 -68 -67 -66 -65 -64 -63 -62 -61 -60 -59 -58 -57 -56 -55 -54 -53 -52 -51 -50 -49 -48 -47 -46 -44 -43 -42 -41 -40 -39 -38 -37 -36 -35 -34 -32 -31 -30 -29 -28 -27 -26 -25 -24 -23 -22 -21 -19 -18 -17 -16 -15 -14 -13 -12 -11 -10 -9 -8 -7 -6 -5 -4 -3 +200 +201 @
>CP021347.1
+121 +123 +126 +127 +129 +130 +132 +133 +134 +135 +136 +137 +138 +139 +140 +141 +142 +144 +145 +146 +147 +148 +149 +150 +151 +152 +153 +154 +157 +159 +160 +161 +162 +164 +166 +167 +168 +170 +171 +172 +173 +174 +175 +176 +177 +178 +179 +180 +181 +182 +183 +188 +189 +190 +191 +192 +194 +195 +196 +198 +199 -1 -201 -200 +3 +4 +5 +6 +7 +8 +9 +10 +11 +12 +13 +14 +15 +17 +18 +19 +21 +22 +23 +24 +25 +26 +27 +28 +29 +30 +31 +32 +34 +35 +36 +37 +38 +39 +40 +41 +42 +43 +44 +46 +47 +48 +49 +50 +51 +52 +53 +54 +55 +56 +57 +58 +59 +60 +61 +62 +63 +64 +65 +66 +67 +68 +69 +70 +73 +74 +75 +76 +77 +78 +79 +80 +81 +86 +87 +88 +89 +90 +91 +92 +93 +94 +95 +97 +98 +101 +102 +103 +104 +105 +106 +107 +108 +109 +110 +111 +112 +113 +114 +115 +116 +117 +118 +119 +120 @
