25	1
29	5
40	3
8	2
37	1
14	4
69	1
10	2
39	8
17	2
4	3
33	8
7	5
2	7
31	6
6	1
35	4
18	1
5	9
34	215
16	1
3	6
32	7
68	3
9	21
186	1
70	1
27	3
26	7
258	1
23	2
28	4
42	1
--------------------------------------------------------------------------------
CP003778	95.3604
CM007619	95.8121
CP009004	96.2073
CP008995	95.9179
CP009007	95.9179
AE008923	95.9179
CP018847	96.03
CP009028	95.9179
CP009025	95.9179
CP023285	95.8987
CP009022	95.9191
LN590509	93.3466
CP020885	94.5315
CP020889	94.6971
LN606820	94.9815
CP009010	96.2072
CP009037	95.3643
CP009040	95.3645
CP018854	96.018
CP009013	96.2075
CP020882	94.7209
CP018858	96.0331
CM007622	95.9173
CP009001	96.2062
CP008989	96.229
CP009019	96.2018
CP008992	96.2264
CP009016	96.2018
CP009031	95.3645
CP018850	96.0331
CP006857	95.9179
CP008998	96.2073
CP009034	95.3642
CP011827	96.2071
