>CP009007
+1 +2 +3 +4 +5 +6 +7 +9 +11 +12 +13 +14 +15 +16 +17 +18 +19 +20 +21 +22 +23 +24 +25 +26 +27 +28 +29 +30 +31 +32 +33 +34 +37 +38 +39 +40 +41 +42 +43 +44 +45 +46 +47 +48 +49 +50 +51 +52 +54 +55 +56 +57 +59 +60 +61 +62 +63 +64 +65 +66 +67 +68 +69 +72 +73 +74 +75 +76 +85 +86 +87 +88 +91 +92 +93 +94 +95 +96 +97 +98 +100 +101 +102 +103 +104 +105 +108 +109 +110 +111 +112 +113 +114 +115 +116 +117 +118 +119 +120 +121 +122 +123 +124 +125 +126 +127 +128 +129 +130 +151 +152 +153 +154 +155 +156 +157 +158 +159 +160 +161 +162 +163 +165 +166 +167 +168 +169 +170 +171 +173 +174 +175 +176 +181 +182 +183 +184 +185 +186 +187 +188 +189 +190 +191 +192 +193 +194 +195 +196 +197 +198 +200 +201 +202 +203 +204 +205 +206 +207 +210 +211 +212 +216 +223 +224 +225 +226 +227 +228 +229 +230 +231 +232 +233 +234 +236 +237 +238 +239 +240 +241 +242 +243 +244 +245 +246 +247 +248 +249 +250 +252 +253 +258 +259 +260 +261 +262 +263 +264 +265 +266 +267 +268 +269 +277 +278 +279 +280 +281 +282 +283 +284 +285 @
>CP009010
+1 +2 +3 +4 +5 +6 +7 +9 +11 +12 +13 +14 +15 +16 +17 +18 +19 +20 +21 +22 +23 +24 +25 +26 +27 +28 +29 +30 +31 +32 +33 +34 +37 +38 +39 +40 +41 +42 +43 +44 +45 +46 +47 +48 +49 +50 +51 +52 +54 +55 +56 +57 +59 +60 +61 +62 +63 +64 +65 +66 +67 +68 +69 +72 +73 +74 +75 +76 +85 +86 +87 +88 +91 +92 +93 +94 +95 +96 +97 +98 +100 +101 +102 +103 +104 +105 +108 +109 +110 +111 +112 +113 +114 +115 +116 +117 +118 +119 +120 +121 +122 +123 +124 +125 +126 +127 +128 +129 +130 +151 +152 +153 +154 +155 +156 +157 +158 +159 +160 +161 +162 +163 +165 +166 +167 +168 +169 +170 +171 +173 +174 +175 +176 +181 +182 +183 +184 +185 +186 +187 +188 +189 +190 +191 +192 +193 +194 +195 +196 +197 +198 +200 +201 +202 +203 +204 +205 +206 +207 +210 +211 +212 +216 +223 +224 +225 +226 +227 +228 +229 +230 +231 +232 +233 +234 +236 +237 +238 +239 +240 +241 +242 +243 +244 +245 +246 +247 +248 +249 +250 +252 +253 +258 +259 +260 +261 +262 +263 +264 +265 +266 +267 +268 +269 +277 +278 +279 +280 +281 +282 +283 +284 +285 @
>CP020889
+192 +193 +194 +195 +196 +197 +198 +200 +201 +202 +203 +204 +205 +206 +207 -57 -56 -55 -54 -52 -51 -50 -49 -48 -47 -46 -45 -44 -43 -42 -41 -40 -39 -38 -37 +223 +224 -34 -33 -32 -31 -30 -29 -28 -27 -26 -25 -24 -23 -22 -21 +225 +226 +227 +228 +229 +230 +231 +232 +233 +234 +236 +237 +238 +239 +240 +241 +242 +243 +244 +245 +246 +247 +248 +249 +250 +282 +283 +284 +285 +1 +2 +3 +4 +5 -277 -269 -268 -267 -266 -265 -264 -263 -262 -261 -260 -259 -258 -253 -252 -281 -280 -279 -278 +6 +7 +9 +11 +12 +13 +14 +15 +16 +17 +18 +19 +20 -216 -212 -211 -210 +59 +60 +61 +62 +63 +64 +65 +66 +67 +68 +69 +72 +73 +74 +75 +76 +85 +86 +87 +88 -176 -175 -174 -173 -171 -170 -169 -168 -167 -166 -165 -163 -162 -161 -160 -159 -158 -157 -156 -155 -154 -153 -152 -151 +121 +122 +123 +124 +125 +126 +127 +128 +129 +130 -120 -119 -118 -117 -116 -115 -114 -113 -112 -111 -110 -109 -108 -105 -104 -103 -102 -101 -100 -98 -97 -96 -95 -94 -93 -92 -91 +181 +182 +183 +184 +185 +186 +187 +188 +189 +190 +191 @
>LN606820
+1 +2 +3 +4 +5 +6 +7 +9 +11 +12 +17 +18 +19 +20 +21 +22 +23 +24 +25 +26 +27 -13 -16 -15 -14 +28 +29 +30 +31 +32 +33 +34 +37 +38 +39 +40 +41 +42 +43 +44 +45 +46 +47 +49 +50 +51 +52 +54 +55 +56 +57 +59 +60 +61 +62 +63 +64 +65 +66 +67 +68 +69 +72 +73 +74 +75 +76 +85 +86 +87 +88 +91 +92 +93 +94 +95 +96 +97 +98 +100 +101 +102 +103 +104 +105 +108 +109 +110 +111 +112 +113 +114 +115 +116 +117 +118 +119 +120 +121 +122 +123 +124 +125 +126 +127 +128 +129 +130 +151 +152 +153 +154 +155 +156 +157 +158 +159 +160 +161 +162 +163 +165 +166 +167 +168 +169 +170 +171 +174 +173 +175 +176 +181 +182 +183 +184 +185 +186 +187 +188 +189 +190 +191 +192 +193 +194 +195 +196 +197 +198 +200 +201 +202 +203 +204 +205 +206 +207 +210 +211 +212 +216 +223 +224 +225 +226 +227 +228 +229 +230 +231 +232 +233 +234 +236 +237 +238 +239 +240 +241 +242 +243 +244 +245 +246 +247 +248 +249 +250 +252 +253 +258 +259 +260 +261 +262 +263 +264 +265 +266 +267 +268 +269 +277 +278 +279 +280 +281 +282 +283 +284 +285 +48 @
>CP009022
+1 +2 +3 +4 +5 +6 +7 +9 +11 +12 +13 +14 +15 +16 +17 +18 +19 +20 +21 +22 +23 +24 +25 +26 +27 +28 +29 +30 +31 +32 +33 +34 +37 +38 +39 +40 +41 +42 +43 +44 +45 +46 +47 +48 +49 +50 +51 +52 +54 +55 +56 +57 +59 +60 +61 +62 +63 +64 +65 +66 +67 +68 +69 +72 +73 +74 +75 +76 +85 +86 +87 +88 +91 +92 +93 +94 +95 +96 +97 +98 +100 +101 +102 +103 +104 +105 +108 +109 +110 +111 +112 +113 +114 +115 +116 +117 +118 +119 +120 +121 +122 +123 +124 +125 +126 +127 +128 +129 +130 +151 +152 +153 +154 +155 +156 +157 +158 +159 +160 +161 +162 +163 +165 +166 +167 +168 +169 +170 +171 +173 +174 +175 +176 +181 +182 +183 +184 +185 +186 +187 +188 +189 +190 +191 +192 +193 +194 +195 +196 +197 +198 +200 +201 +202 +203 +204 +205 +206 +207 +210 +211 +212 +216 +223 +224 +225 +226 +227 +228 +229 +230 +231 +232 +233 +234 +236 +237 +238 +239 +240 +241 +242 +243 +244 +245 +246 +247 +248 +249 +250 +252 +253 +258 +259 +260 +261 +262 +263 +264 +265 +266 +267 +268 +269 +277 +278 +279 +280 +281 +282 +283 +284 +285 @
>CP020885
+40 +41 +42 +43 +44 +45 +46 +47 +48 +49 +50 +51 +52 +54 +55 +56 +57 +59 +60 +61 +62 +63 +64 +65 +66 +67 +68 +69 +72 +73 +74 +75 +76 -211 -210 -207 -206 -205 -204 -203 -202 -201 -200 -198 -197 -196 -195 -194 -193 -192 -191 -190 -189 -188 -187 -186 -185 -184 -183 -182 -181 -176 -175 -174 -173 -171 -170 -169 -168 -167 -166 -165 -163 -162 -161 -160 -159 -158 -157 -156 -155 -154 -153 -152 -151 -130 -129 -128 -127 -126 -125 -124 -123 -122 -121 +212 +216 -120 -119 -118 -117 -116 -115 -114 -113 -112 -111 -110 -109 -108 -105 -104 -103 -102 -101 -100 -98 -97 -96 -95 -94 -93 -92 -91 -88 -87 -86 -85 +223 +224 +225 +226 +227 +228 +229 +230 +231 +232 +233 +234 +236 +237 +238 +239 +240 +241 +242 +243 +244 +245 +246 +247 +248 +249 +250 +252 -258 -253 +259 +260 +261 +262 +263 +264 +265 +266 +267 +268 +269 +277 +278 +279 +280 +281 +282 +283 +284 +285 +1 +2 +3 +4 +5 +6 +7 +9 +11 +12 +13 +14 +15 +16 +17 +18 +19 +20 +21 +22 +23 +24 +25 +26 +27 +28 +29 +30 +31 +32 +33 +34 +37 +38 +39 @
>LN590509
+1 +2 +3 +4 +5 +6 +7 +9 +11 +12 -283 +13 +17 +18 +19 +20 +21 +22 +23 +24 +25 +26 +27 +28 +29 +30 +31 +32 +33 +34 +37 +38 +39 +40 +41 +42 +43 +44 +45 +46 +47 +48 +49 +50 +51 +52 +54 +55 +56 +57 +59 +60 +61 +62 +63 +64 +65 +66 +67 +68 +69 +72 +73 +74 +75 +76 +85 +86 +87 +88 +91 +92 +93 +94 +95 +96 +97 +98 +100 +101 +102 +103 +104 +105 +108 +109 +114 +115 +116 +117 +118 +119 +120 +121 +122 +123 +124 +125 +126 +127 +128 +129 +151 +152 +153 +154 +155 +156 -130 +157 +158 +159 +160 +161 +162 +163 +165 +166 +167 +168 +169 +170 +171 +173 +175 +176 +181 +182 +183 +184 +185 +186 +187 +188 +189 +190 +191 +192 +193 +194 +195 +196 +197 +198 +200 +201 +202 +203 +204 +205 +206 +207 +210 +211 +212 +216 +223 +224 +225 +226 +227 +228 +229 +230 +231 +232 +233 +234 +236 +237 +238 +239 +240 +241 +242 +243 +244 +245 +246 +247 +248 +249 +250 +252 +253 +258 +259 +260 +261 +262 +263 +264 +265 +266 +267 -16 -15 -14 +268 +269 +277 +278 +279 +280 +281 +282 +284 +285 +110 +111 +112 -113 +174 @
>CP023285
+282 +283 +284 +285 +1 +2 +3 +4 +5 +6 +7 +9 +11 +12 +13 +14 +15 +16 +17 +18 +19 +20 +21 +22 +23 +24 +25 +26 +27 +28 +29 +30 +31 +32 +33 +34 +37 +38 +39 +40 +41 +42 +43 +44 +45 +46 +47 +48 +49 +50 +51 +52 +54 +55 +56 +57 +59 +60 +61 +62 +63 +64 +65 +66 +67 +68 +69 +72 +73 +74 +75 +76 +85 +86 +87 +88 +91 +92 +93 +94 +95 +96 +97 +98 +100 +101 +102 +103 +104 +105 +108 +109 +110 +111 +112 +113 +114 +115 +116 +117 +118 +119 +120 +121 +122 +123 +124 +125 +126 +127 +128 +129 +130 +151 +152 +153 +154 +155 +156 +157 +158 +159 +160 +161 +162 +163 +165 +166 +167 +168 +169 +170 +171 +173 +174 +175 +176 +181 +182 +183 +184 +185 +186 +187 +188 +189 +190 +191 +192 +193 +194 +195 +196 +197 +198 +200 +201 +202 +203 +204 +205 +206 +207 +210 +211 +212 +216 +223 +224 +225 +226 +227 +228 +229 +230 +231 +232 +233 +234 +236 +237 +238 +239 +240 +241 +242 +243 +244 +245 +246 +247 +248 +249 +250 +252 +253 +258 +259 +260 +261 +262 +263 +264 +265 +266 +267 +268 +269 +277 +278 +279 +280 +281 @
>CP009025
+1 +2 +3 +4 +5 +6 +7 +9 +11 +12 +13 +14 +15 +16 +17 +18 +19 +20 +21 +22 +23 +24 +25 +26 +27 +28 +29 +30 +31 +32 +33 +34 +37 +38 +39 +40 +41 +42 +43 +44 +45 +46 +47 +48 +49 +50 +51 +52 +54 +55 +56 +57 +59 +60 +61 +62 +63 +64 +65 +66 +67 +68 +69 +72 +73 +74 +75 +76 +85 +86 +87 +88 +91 +92 +93 +94 +95 +96 +97 +98 +100 +101 +102 +103 +104 +105 +108 +109 +110 +111 +112 +113 +114 +115 +116 +117 +118 +119 +120 +121 +122 +123 +124 +125 +126 +127 +128 +129 +130 +151 +152 +153 +154 +155 +156 +157 +158 +159 +160 +161 +162 +163 +165 +166 +167 +168 +169 +170 +171 +173 +174 +175 +176 +181 +182 +183 +184 +185 +186 +187 +188 +189 +190 +191 +192 +193 +194 +195 +196 +197 +198 +200 +201 +202 +203 +204 +205 +206 +207 +210 +211 +212 +216 +223 +224 +225 +226 +227 +228 +229 +230 +231 +232 +233 +234 +236 +237 +238 +239 +240 +241 +242 +243 +244 +245 +246 +247 +248 +249 +250 +252 +253 +258 +259 +260 +261 +262 +263 +264 +265 +266 +267 +268 +269 +277 +278 +279 +280 +281 +282 +283 +284 +285 @
>CP009028
+1 +2 +3 +4 +5 +6 +7 +9 +11 +12 +13 +14 +15 +16 +17 +18 +19 +20 +21 +22 +23 +24 +25 +26 +27 +28 +29 +30 +31 +32 +33 +34 +37 +38 +39 +40 +41 +42 +43 +44 +45 +46 +47 +48 +49 +50 +51 +52 +54 +55 +56 +57 +59 +60 +61 +62 +63 +64 +65 +66 +67 +68 +69 +72 +73 +74 +75 +76 +85 +86 +87 +88 +91 +92 +93 +94 +95 +96 +97 +98 +100 +101 +102 +103 +104 +105 +108 +109 +110 +111 +112 +113 +114 +115 +116 +117 +118 +119 +120 +121 +122 +123 +124 +125 +126 +127 +128 +129 +130 +151 +152 +153 +154 +155 +156 +157 +158 +159 +160 +161 +162 +163 +165 +166 +167 +168 +169 +170 +171 +173 +174 +175 +176 +181 +182 +183 +184 +185 +186 +187 +188 +189 +190 +191 +192 +193 +194 +195 +196 +197 +198 +200 +201 +202 +203 +204 +205 +206 +207 +210 +211 +212 +216 +223 +224 +225 +226 +227 +228 +229 +230 +231 +232 +233 +234 +236 +237 +238 +239 +240 +241 +242 +243 +244 +245 +246 +247 +248 +249 +250 +252 +253 +258 +259 +260 +261 +262 +263 +264 +265 +266 +267 +268 +269 +277 +278 +279 +280 +281 +282 +283 +284 +285 @
>CP018847
-23 -22 -21 -20 -19 -18 -17 -16 -15 -14 -13 -12 -11 -9 -7 -6 -5 -4 -3 -2 -1 -285 -284 -283 -282 -281 -280 -279 -278 -277 -269 -268 -267 -266 -265 -264 -263 -262 -261 -260 -259 -258 -253 -252 -250 -249 -248 -247 -246 -245 -244 -243 -242 -241 -240 -239 -238 -237 -236 -234 -233 -232 -231 -230 -229 -228 -227 -226 -225 -224 -223 -216 -212 -211 -210 -207 -206 -205 -204 -203 -202 -201 -200 -198 -197 -196 -195 -194 -193 -192 -191 -190 -189 -188 -187 -186 -185 -184 -183 -182 -181 -176 -175 -174 -173 -171 -170 -169 -168 -167 -166 -165 -163 -162 -161 -160 -159 -158 -157 -156 -155 -154 -153 -152 -151 -130 -129 -128 -127 -126 -125 -124 -123 -122 -121 -120 -119 -118 -117 -116 -115 -114 -113 -112 -111 -110 -109 -108 -105 -104 -103 -102 -101 -100 -98 -97 -96 -95 -94 -93 -92 -91 -88 -87 -86 -85 -76 -75 -74 -73 -72 -69 -68 -67 -66 -65 -64 -63 -62 -61 -60 -59 -57 -56 -55 -54 -52 -51 -50 -49 -48 -47 -46 -45 -44 -43 -42 -41 -40 -39 -38 -37 -34 -33 -32 -31 -30 -29 -28 -27 -26 -25 -24 @
>AE008923
+1 +2 +3 +4 +5 +6 +7 +9 +11 +12 +13 +14 +15 +16 +17 +18 +19 +20 +21 +22 +23 +24 +25 +26 +27 +28 +29 +30 +31 +32 +33 +34 +37 +38 +39 +40 +41 +42 +43 +44 +45 +46 +47 +48 +49 +50 +51 +52 +54 +55 +56 +57 +59 +60 +61 +62 +63 +64 +65 +66 +67 +68 +69 +72 +73 +74 +75 +76 +85 +86 +87 +88 +91 +92 +93 +94 +95 +96 +97 +98 +100 +101 +102 +103 +104 +105 +108 +109 +110 +111 +112 +113 +114 +115 +116 +117 +118 +119 +120 +121 +122 +123 +124 +125 +126 +127 +128 +129 +130 +151 +152 +153 +154 +155 +156 +157 +158 +159 +160 +161 +162 +163 +165 +166 +167 +168 +169 +170 +171 +173 +174 +175 +176 +181 +182 +183 +184 +185 +186 +187 +188 +189 +190 +191 +192 +193 +194 +195 +196 +197 +198 +200 +201 +202 +203 +204 +205 +206 +207 +210 +211 +212 +216 +223 +224 +225 +226 +227 +228 +229 +230 +231 +232 +233 +234 +236 +237 +238 +239 +240 +241 +242 +243 +244 +245 +246 +247 +248 +249 +250 +252 +253 +258 +259 +260 +261 +262 +263 +264 +265 +266 +267 +268 +269 +277 +278 +279 +280 +281 +282 +283 +284 +285 @
>CP008995
+1 +2 +3 +4 +5 +6 +7 +9 +11 +12 +13 +14 +15 +16 +17 +18 +19 +20 +21 +22 +23 +24 +25 +26 +27 +28 +29 +30 +31 +32 +33 +34 +37 +38 +39 +40 +41 +42 +43 +44 +45 +46 +47 +48 +49 +50 +51 +52 +54 +55 +56 +57 +59 +60 +61 +62 +63 +64 +65 +66 +67 +68 +69 +72 +73 +74 +75 +76 +85 +86 +87 +88 +91 +92 +93 +94 +95 +96 +97 +98 +100 +101 +102 +103 +104 +105 +108 +109 +110 +111 +112 +113 +114 +115 +116 +117 +118 +119 +120 +121 +122 +123 +124 +125 +126 +127 +128 +129 +130 +151 +152 +153 +154 +155 +156 +157 +158 +159 +160 +161 +162 +163 +165 +166 +167 +168 +169 +170 +171 +173 +174 +175 +176 +181 +182 +183 +184 +185 +186 +187 +188 +189 +190 +191 +192 +193 +194 +195 +196 +197 +198 +200 +201 +202 +203 +204 +205 +206 +207 +210 +211 +212 +216 +223 +224 +225 +226 +227 +228 +229 +230 +231 +232 +233 +234 +236 +237 +238 +239 +240 +241 +242 +243 +244 +245 +246 +247 +248 +249 +250 +252 +253 +258 +259 +260 +261 +262 +263 +264 +265 +266 +267 +268 +269 +277 +278 +279 +280 +281 +282 +283 +284 +285 @
>CP009037
+1 +2 +3 +4 +5 -277 -269 -268 -267 -266 -265 -264 -263 -262 -261 -260 -259 -258 -253 -252 -281 -280 -279 -278 +6 +7 +9 +11 +12 +13 +14 +15 +16 +17 +18 +19 +20 +21 +22 +23 +24 +25 +26 +27 +28 +29 +30 +31 +32 +33 +34 -224 -223 -212 -211 -210 +59 +60 +61 +62 +63 +64 +65 +66 +67 +68 -185 -184 -183 -182 -181 -130 -129 -128 -127 -126 -125 -124 -123 -122 -121 +151 +152 +153 +154 +155 +156 +157 +158 +159 +160 +161 +162 +163 +165 +166 +167 +168 +169 +170 +171 -98 -97 -96 -95 -94 -93 -92 -91 -120 -119 -118 -117 -116 -115 -114 -113 -112 -111 -110 -109 -108 -105 -104 -103 -102 -101 -100 +173 +174 +175 +176 -88 -87 -86 -85 -76 -75 -74 -73 -72 -69 +186 +187 +188 +189 +190 +191 +192 +193 +194 +195 +196 +197 +198 +200 +201 +202 +203 +204 +205 +206 +207 -57 -56 -55 -54 -52 -51 -50 -49 -48 -47 -46 -45 -44 -43 -42 -41 -40 -39 -38 -37 +216 +225 +226 +227 +228 +229 +230 +231 +232 +233 +234 +236 +237 +238 +239 +240 +241 +242 +243 +244 +245 +246 +247 +248 +249 +250 +282 +283 +284 +285 @
>CP009040
+1 +2 +3 +4 +5 -277 -269 -268 -267 -266 -265 -264 -263 -262 -261 -260 -259 -258 -253 -252 -281 -280 -279 -278 +6 +7 +9 +11 +12 +13 +14 +15 +16 +17 +18 +19 +20 +21 +22 +23 +24 +25 +26 +27 +28 +29 +30 +31 +32 +33 +34 -224 -223 -212 -211 -210 +59 +60 +61 +62 +63 +64 +65 +66 +67 +68 -185 -184 -183 -182 -181 -130 -129 -128 -127 -126 -125 -124 -123 -122 -121 +151 +152 +153 +154 +155 +156 +157 +158 +159 +160 +161 +162 +163 +165 +166 +167 +168 +169 +170 +171 -98 -97 -96 -95 -94 -93 -92 -91 -120 -119 -118 -117 -116 -115 -114 -113 -112 -111 -110 -109 -108 -105 -104 -103 -102 -101 -100 +173 +174 +175 +176 -88 -87 -86 -85 -76 -75 -74 -73 -72 -69 +186 +187 +188 +189 +190 +191 +192 +193 +194 +195 +196 +197 +198 +200 +201 +202 +203 +204 +205 +206 +207 -57 -56 -55 -54 -52 -51 -50 -49 -48 -47 -46 -45 -44 -43 -42 -41 -40 -39 -38 -37 +216 +225 +226 +227 +228 +229 +230 +231 +232 +233 +234 +236 +237 +238 +239 +240 +241 +242 +243 +244 +245 +246 +247 +248 +249 +250 +282 +283 +284 +285 @
>CP018854
+266 +267 +268 +269 +277 +278 +279 +280 +281 +282 +283 +284 +285 +1 +2 +3 +4 +5 +6 +7 +9 +11 +12 +13 +14 +15 +16 +17 +18 +19 +20 +21 +22 +23 +24 +25 +26 +27 +28 +29 +30 +31 +32 +33 +34 +37 +38 +39 +40 +41 +42 +43 +44 +45 +46 +47 +48 +49 +50 +51 +52 +54 +55 +56 +57 +59 +60 +61 +62 +63 +64 +65 +66 +67 +68 +69 +72 +73 +74 +75 +76 +85 +86 +87 +88 +91 +92 +93 +94 +95 +96 +97 +98 +100 +101 +102 +103 +104 +105 +108 +109 +110 +111 +112 +113 +114 +115 +116 +117 +118 +119 +120 +121 +122 +123 +124 +125 +126 +127 +128 +129 +130 +151 +152 +153 +154 +155 +156 +157 +158 +159 +160 +161 +162 +163 +165 +166 +167 +168 +169 +170 +171 +173 +174 +175 +176 +181 +182 +183 +184 +185 +186 +187 +188 +189 +190 +191 +192 +193 +194 +195 +196 +197 +198 +200 +201 +202 +203 +204 +205 +206 +207 +210 +211 +212 +216 +223 +224 +225 +226 +227 +228 +229 +230 +231 +232 +233 +234 +236 +237 +238 +239 +240 +241 +242 +243 +244 +245 +246 +247 +248 +249 +250 +252 +253 +258 +259 +260 +261 +262 +263 +264 +265 @
>CP009013
+1 +2 +3 +4 +5 +6 +7 +9 +11 +12 +13 +14 +15 +16 +17 +18 +19 +20 +21 +22 +23 +24 +25 +26 +27 +28 +29 +30 +31 +32 +33 +34 +37 +38 +39 +40 +41 +42 +43 +44 +45 +46 +47 +48 +49 +50 +51 +52 +54 +55 +56 +57 +59 +60 +61 +62 +63 +64 +65 +66 +67 +68 +69 +72 +73 +74 +75 +76 +85 +86 +87 +88 +91 +92 +93 +94 +95 +96 +97 +98 +100 +101 +102 +103 +104 +105 +108 +109 +110 +111 +112 +113 +114 +115 +116 +117 +118 +119 +120 +121 +122 +123 +124 +125 +126 +127 +128 +129 +130 +151 +152 +153 +154 +155 +156 +157 +158 +159 +160 +161 +162 +163 +165 +166 +167 +168 +169 +170 +171 +173 +174 +175 +176 +181 +182 +183 +184 +185 +186 +187 +188 +189 +190 +191 +192 +193 +194 +195 +196 +197 +198 +200 +201 +202 +203 +204 +205 +206 +207 +210 +211 +212 +216 +223 +224 +225 +226 +227 +228 +229 +230 +231 +232 +233 +234 +236 +237 +238 +239 +240 +241 +242 +243 +244 +245 +246 +247 +248 +249 +250 +252 +253 +258 +259 +260 +261 +262 +263 +264 +265 +266 +267 +268 +269 +277 +278 +279 +280 +281 +282 +283 +284 +285 @
>CP020882
-6 +278 +279 +280 +281 +252 +253 +258 +259 +260 +261 +262 +263 +264 +265 +266 +267 +268 +269 +277 -5 -4 -3 -2 -1 -285 -284 -283 -282 -250 -249 -248 -247 -246 -245 -244 -243 -242 -241 -240 -239 -238 -237 -236 -234 -233 -232 -231 -230 -229 -228 -227 -226 -225 -216 -212 -211 -210 +59 +60 +61 +62 +63 +64 +65 +66 +67 +68 +69 +72 +73 +74 +75 +76 +85 +86 +87 +88 -176 -175 -174 -173 -171 -170 -169 -168 -167 -166 -165 -163 -162 -161 -160 -159 -158 -157 -156 -155 -154 -153 -152 -151 +121 +122 +123 +124 +125 +126 +127 +128 +129 +130 -120 -119 -118 -117 -116 -115 -114 -113 -112 -111 -110 -109 -108 -105 -104 -103 -102 -101 -100 -98 -97 -96 -95 -94 -93 -92 -91 +181 +182 +183 +184 +185 +186 +187 +188 +189 +190 +191 +192 +193 +194 +195 +196 +197 +198 +200 +201 +202 +203 +204 +205 +206 +207 -57 -56 -55 -54 -52 -51 -50 -49 -48 -47 -46 -45 -44 -43 -42 -41 -40 -39 -38 -37 +223 +224 -34 -33 -32 -31 -30 -29 -28 -27 -26 -25 -24 -23 -22 -21 -20 -19 -18 -17 -16 -15 -14 -13 -12 -11 -9 -7 @
>CP018858
-202 -201 -200 -198 -197 -196 -195 -194 -193 -192 -191 -190 -189 -188 -187 -186 -185 -184 -183 -182 -181 -176 -175 -174 -173 -171 -170 -169 -168 -167 -166 -165 -163 -162 -161 -160 -159 -158 -157 -156 -155 -154 -153 -152 -151 -130 -129 -128 -127 -126 -125 -124 -123 -122 -121 -120 -119 -118 -117 -116 -115 -114 -113 -112 -111 -110 -109 -108 -105 -104 -103 -102 -101 -100 -98 -97 -96 -95 -94 -93 -92 -91 -88 -87 -86 -85 -76 -75 -74 -73 -72 -69 -68 -67 -66 -65 -64 -63 -62 -61 -60 -59 -57 -56 -55 -54 -52 -51 -50 -49 -48 -47 -46 -45 -44 -43 -42 -41 -40 -39 -38 -37 -34 -33 -32 -31 -30 -29 -28 -27 -26 -25 -24 -23 -22 -21 -20 -19 -18 -17 -16 -15 -14 -13 -12 -11 -9 -7 -6 -5 -4 -3 -2 -1 -285 -284 -283 -282 -281 -280 -279 -278 -277 -269 -268 -267 -266 -265 -264 -263 -262 -261 -260 -259 -258 -253 -252 -250 -249 -248 -247 -246 -245 -244 -243 -242 -241 -240 -239 -238 -237 -236 -234 -233 -232 -231 -230 -229 -228 -227 -226 -225 -224 -223 -216 -212 -211 -210 -207 -206 -205 -204 -203 @
>CP009001
+1 +2 +3 +4 +5 +6 +7 +9 +11 +12 +13 +14 +15 +16 +17 +18 +19 +20 +21 +22 +23 +24 +25 +26 +27 +28 +29 +30 +31 +32 +33 +34 +37 +38 +39 +40 +41 +42 +43 +44 +45 +46 +47 +48 +49 +50 +51 +52 +54 +55 +56 +57 +59 +60 +61 +62 +63 +64 +65 +66 +67 +68 +69 +72 +73 +74 +75 +76 +85 +86 +87 +88 +91 +92 +93 +94 +95 +96 +97 +98 +100 +101 +102 +103 +104 +105 +108 +109 +110 +111 +112 +113 +114 +115 +116 +117 +118 +119 +120 +121 +122 +123 +124 +125 +126 +127 +128 +129 +130 +151 +152 +153 +154 +155 +156 +157 +158 +159 +160 +161 +162 +163 +165 +166 +167 +168 +169 +170 +171 +173 +174 +175 +176 +181 +182 +183 +184 +185 +186 +187 +188 +189 +190 +191 +192 +193 +194 +195 +196 +197 +198 +200 +201 +202 +203 +204 +205 +206 +207 +210 +211 +212 +216 +223 +224 +225 +226 +227 +228 +229 +230 +231 +232 +233 +234 +236 +237 +238 +239 +240 +241 +242 +243 +244 +245 +246 +247 +248 +249 +250 +252 +253 +258 +259 +260 +261 +262 +263 +264 +265 +266 +267 +268 +269 +277 +278 +279 +280 +281 +282 +283 +284 +285 @
>CM007622
+109 +110 +111 +112 +113 +114 +115 +116 +117 +118 +119 +120 +121 +122 +123 +124 +125 +126 +127 +128 +129 +130 +151 +152 +153 +154 +155 +156 +157 +158 +159 +160 +161 +162 +163 +165 +166 +167 +168 +169 +170 +171 +173 +174 +175 +176 +181 +182 +183 +184 +185 +186 +187 +188 +189 +190 +191 +192 +193 +194 +195 +196 +197 +198 +200 +201 +202 +203 +204 +205 +206 +207 +210 +211 +212 +216 +223 +224 +225 +226 +227 +228 +229 +230 +231 +232 +233 +234 +236 +237 +238 +239 +240 +241 +242 +243 +244 +245 +246 +247 +248 +249 +250 +252 +253 +258 +259 +260 +261 +262 +263 +264 +265 +266 +267 +268 +269 +277 +278 +279 +280 +281 +282 +283 +284 +285 +1 +2 +3 +4 +5 +6 +7 +9 +11 +12 +13 +14 +15 +16 +17 +18 +19 +20 +21 +22 +23 +24 +25 +26 +27 +28 +29 +30 +31 +32 +33 +34 +37 +38 +39 +40 +41 +42 +43 +44 +45 +46 +47 +48 +49 +50 +51 +52 +54 +55 +56 +57 +59 +60 +61 +62 +63 +64 +65 +66 +67 +68 +69 +72 +73 +74 +75 +76 +85 +86 +87 +88 +91 +92 +93 +94 +95 +96 +97 +98 +100 +101 +102 +103 +104 +105 +108 @
>CP008989
+1 +2 +3 +4 +5 +6 +7 +9 +11 +12 +13 +14 +15 +16 +17 +18 +19 +20 +21 +22 +23 +24 +25 +26 +27 +28 +29 +30 +31 +32 +33 +34 +37 +38 +39 +40 +41 +42 +43 +44 +45 +46 +47 +48 +49 +50 +51 +52 +54 +55 +56 +57 +59 +60 +61 +62 +63 +64 +65 +66 +67 +68 +69 +72 +73 +74 +75 +76 +85 +86 +87 +88 +91 +92 +93 +94 +95 +96 +97 +98 +100 +101 +102 +103 +104 +105 +108 +109 +110 +111 +112 +113 +114 +115 +116 +117 +118 +119 +120 +121 +122 +123 +124 +125 +126 +127 +128 +129 +130 +151 +152 +153 +154 +155 +156 +157 +158 +159 +160 +161 +162 +163 +165 +166 +167 +168 +169 +170 +171 +173 +174 +175 +176 +181 +182 +183 +184 +185 +186 +187 +188 +189 +190 +191 +192 +193 +194 +195 +196 +197 +198 +200 +201 +202 +203 +204 +205 +206 +207 +210 +211 +212 +216 +223 +224 +225 +226 +227 +228 +229 +230 +231 +232 +233 +234 +236 +237 +238 +239 +240 +241 +242 +243 +244 +245 +246 +247 +248 +249 +250 +252 +253 +258 +259 +260 +261 +262 +263 +264 +265 +266 +267 +268 +269 +277 +278 +279 +280 +281 +282 +283 +284 +285 @
>CP009019
+1 +2 +3 +4 +5 +6 +7 +9 +11 +12 +13 +14 +15 +16 +17 +18 +19 +20 +21 +22 +23 +24 +25 +26 +27 +28 +29 +30 +31 +32 +33 +34 +37 +38 +39 +40 +41 +42 +43 +44 +45 +46 +47 +48 +49 +50 +51 +52 +54 +55 +56 +57 +59 +60 +61 +62 +63 +64 +65 +66 +67 +68 +69 +72 +73 +74 +75 +76 +85 +86 +87 +88 +91 +92 +93 +94 +95 +96 +97 +98 +100 +101 +102 +103 +104 +105 +108 +109 +110 +111 +112 +113 +114 +115 +116 +117 +118 +119 +120 +121 +122 +123 +124 +125 +126 +127 +128 +129 +130 +151 +152 +153 +154 +155 +156 +157 +158 +159 +160 +161 +162 +163 +165 +166 +167 +168 +169 +170 +171 +173 +174 +175 +176 +181 +182 +183 +184 +185 +186 +187 +188 +189 +190 +191 +192 +193 +194 +195 +196 +197 +198 +200 +201 +202 +203 +204 +205 +206 +207 +210 +211 +212 +216 +223 +224 +225 +226 +227 +228 +229 +230 +231 +232 +233 +234 +236 +237 +238 +239 +240 +241 +242 +243 +244 +245 +246 +247 +248 +249 +250 +252 +253 +258 +259 +260 +261 +262 +263 +264 +265 +266 +267 +268 +269 +277 +278 +279 +280 +281 +282 +283 +284 +285 @
>CP008992
+1 +2 +3 +4 +5 +6 +7 +9 +11 +12 +13 +14 +15 +16 +17 +18 +19 +20 +21 +22 +23 +24 +25 +26 +27 +28 +29 +30 +31 +32 +33 +34 +37 +38 +39 +40 +41 +42 +43 +44 +45 +46 +47 +48 +49 +50 +51 +52 +54 +55 +56 +57 +59 +60 +61 +62 +63 +64 +65 +66 +67 +68 +69 +72 +73 +74 +75 +76 +85 +86 +87 +88 +91 +92 +93 +94 +95 +96 +97 +98 +100 +101 +102 +103 +104 +105 +108 +109 +110 +111 +112 +113 +114 +115 +116 +117 +118 +119 +120 +121 +122 +123 +124 +125 +126 +127 +128 +129 +130 +151 +152 +153 +154 +155 +156 +157 +158 +159 +160 +161 +162 +163 +165 +166 +167 +168 +169 +170 +171 +173 +174 +175 +176 +181 +182 +183 +184 +185 +186 +187 +188 +189 +190 +191 +192 +193 +194 +195 +196 +197 +198 +200 +201 +202 +203 +204 +205 +206 +207 +210 +211 +212 +216 +223 +224 +225 +226 +227 +228 +229 +230 +231 +232 +233 +234 +236 +237 +238 +239 +240 +241 +242 +243 +244 +245 +246 +247 +248 +249 +250 +252 +253 +258 +259 +260 +261 +262 +263 +264 +265 +266 +267 +268 +269 +277 +278 +279 +280 +281 +282 +283 +284 +285 @
>CP009031
+1 +2 +3 +4 +5 -277 -269 -268 -267 -266 -265 -264 -263 -262 -261 -260 -259 -258 -253 -252 -281 -280 -279 -278 +6 +7 +9 +11 +12 +13 +14 +15 +16 +17 +18 +19 +20 +21 +22 +23 +24 +25 +26 +27 +28 +29 +30 +31 +32 +33 +34 -224 -223 -212 -211 -210 +59 +60 +61 +62 +63 +64 +65 +66 +67 +68 -185 -184 -183 -182 -181 -130 -129 -128 -127 -126 -125 -124 -123 -122 -121 +151 +152 +153 +154 +155 +156 +157 +158 +159 +160 +161 +162 +163 +165 +166 +167 +168 +169 +170 +171 -98 -97 -96 -95 -94 -93 -92 -91 -120 -119 -118 -117 -116 -115 -114 -113 -112 -111 -110 -109 -108 -105 -104 -103 -102 -101 -100 +173 +174 +175 +176 -88 -87 -86 -85 -76 -75 -74 -73 -72 -69 +186 +187 +188 +189 +190 +191 +192 +193 +194 +195 +196 +197 +198 +200 +201 +202 +203 +204 +205 +206 +207 -57 -56 -55 -54 -52 -51 -50 -49 -48 -47 -46 -45 -44 -43 -42 -41 -40 -39 -38 -37 +216 +225 +226 +227 +228 +229 +230 +231 +232 +233 +234 +236 +237 +238 +239 +240 +241 +242 +243 +244 +245 +246 +247 +248 +249 +250 +282 +283 +284 +285 @
>CP018850
+108 +109 +110 +111 +112 +113 +114 +115 +116 +117 +118 +119 +120 +121 +122 +123 +124 +125 +126 +127 +128 +129 +130 +151 +152 +153 +154 +155 +156 +157 +158 +159 +160 +161 +162 +163 +165 +166 +167 +168 +169 +170 +171 +173 +174 +175 +176 +181 +182 +183 +184 +185 +186 +187 +188 +189 +190 +191 +192 +193 +194 +195 +196 +197 +198 +200 +201 +202 +203 +204 +205 +206 +207 +210 +211 +212 +216 +223 +224 +225 +226 +227 +228 +229 +230 +231 +232 +233 +234 +236 +237 +238 +239 +240 +241 +242 +243 +244 +245 +246 +247 +248 +249 +250 +252 +253 +258 +259 +260 +261 +262 +263 +264 +265 +266 +267 +268 +269 +277 +278 +279 +280 +281 +282 +283 +284 +285 +1 +2 +3 +4 +5 +6 +7 +9 +11 +12 +13 +14 +15 +16 +17 +18 +19 +20 +21 +22 +23 +24 +25 +26 +27 +28 +29 +30 +31 +32 +33 +34 +37 +38 +39 +40 +41 +42 +43 +44 +45 +46 +47 +48 +49 +50 +51 +52 +54 +55 +56 +57 +59 +60 +61 +62 +63 +64 +65 +66 +67 +68 +69 +72 +73 +74 +75 +76 +85 +86 +87 +88 +91 +92 +93 +94 +95 +96 +97 +98 +100 +101 +102 +103 +104 +105 @
>CP009016
+1 +2 +3 +4 +5 +6 +7 +9 +11 +12 +13 +14 +15 +16 +17 +18 +19 +20 +21 +22 +23 +24 +25 +26 +27 +28 +29 +30 +31 +32 +33 +34 +37 +38 +39 +40 +41 +42 +43 +44 +45 +46 +47 +48 +49 +50 +51 +52 +54 +55 +56 +57 +59 +60 +61 +62 +63 +64 +65 +66 +67 +68 +69 +72 +73 +74 +75 +76 +85 +86 +87 +88 +91 +92 +93 +94 +95 +96 +97 +98 +100 +101 +102 +103 +104 +105 +108 +109 +110 +111 +112 +113 +114 +115 +116 +117 +118 +119 +120 +121 +122 +123 +124 +125 +126 +127 +128 +129 +130 +151 +152 +153 +154 +155 +156 +157 +158 +159 +160 +161 +162 +163 +165 +166 +167 +168 +169 +170 +171 +173 +174 +175 +176 +181 +182 +183 +184 +185 +186 +187 +188 +189 +190 +191 +192 +193 +194 +195 +196 +197 +198 +200 +201 +202 +203 +204 +205 +206 +207 +210 +211 +212 +216 +223 +224 +225 +226 +227 +228 +229 +230 +231 +232 +233 +234 +236 +237 +238 +239 +240 +241 +242 +243 +244 +245 +246 +247 +248 +249 +250 +252 +253 +258 +259 +260 +261 +262 +263 +264 +265 +266 +267 +268 +269 +277 +278 +279 +280 +281 +282 +283 +284 +285 @
>CP006857
+1 +2 +3 +4 +5 +6 +7 +9 +11 +12 +13 +14 +15 +16 +17 +18 +19 +20 +21 +22 +23 +24 +25 +26 +27 +28 +29 +30 +31 +32 +33 +34 +37 +38 +39 +40 +41 +42 +43 +44 +45 +46 +47 +48 +49 +50 +51 +52 +54 +55 +56 +57 +59 +60 +61 +62 +63 +64 +65 +66 +67 +68 +69 +72 +73 +74 +75 +76 +85 +86 +87 +88 +91 +92 +93 +94 +95 +96 +97 +98 +100 +101 +102 +103 +104 +105 +108 +109 +110 +111 +112 +113 +114 +115 +116 +117 +118 +119 +120 +121 +122 +123 +124 +125 +126 +127 +128 +129 +130 +151 +152 +153 +154 +155 +156 +157 +158 +159 +160 +161 +162 +163 +165 +166 +167 +168 +169 +170 +171 +173 +174 +175 +176 +181 +182 +183 +184 +185 +186 +187 +188 +189 +190 +191 +192 +193 +194 +195 +196 +197 +198 +200 +201 +202 +203 +204 +205 +206 +207 +210 +211 +212 +216 +223 +224 +225 +226 +227 +228 +229 +230 +231 +232 +233 +234 +236 +237 +238 +239 +240 +241 +242 +243 +244 +245 +246 +247 +248 +249 +250 +252 +253 +258 +259 +260 +261 +262 +263 +264 +265 +266 +267 +268 +269 +277 +278 +279 +280 +281 +282 +283 +284 +285 @
>CP011827
+1 +2 +3 +4 +5 +6 +7 +9 +11 +12 +13 +14 +15 +16 +17 +18 +19 +20 +21 +22 +23 +24 +25 +26 +27 +28 +29 +30 +31 +32 +33 +34 +37 +38 +39 +40 +41 +42 +43 +44 +45 +46 +47 +48 +49 +50 +51 +52 +54 +55 +56 +57 +59 +60 +61 +62 +63 +64 +65 +66 +67 +68 +69 +72 +73 +74 +75 +76 +85 +86 +87 +88 +91 +92 +93 +94 +95 +96 +97 +98 +100 +101 +102 +103 +104 +105 +108 +109 +110 +111 +112 +113 +114 +115 +116 +117 +118 +119 +120 +121 +122 +123 +124 +125 +126 +127 +128 +129 +130 +151 +152 +153 +154 +155 +156 +157 +158 +159 +160 +161 +162 +163 +165 +166 +167 +168 +169 +170 +171 +173 +174 +175 +176 +181 +182 +183 +184 +185 +186 +187 +188 +189 +190 +191 +192 +193 +194 +195 +196 +197 +198 +200 +201 +202 +203 +204 +205 +206 +207 +210 +211 +212 +216 +223 +224 +225 +226 +227 +228 +229 +230 +231 +232 +233 +234 +236 +237 +238 +239 +240 +241 +242 +243 +244 +245 +246 +247 +248 +249 +250 +252 +253 +258 +259 +260 +261 +262 +263 +264 +265 +266 +267 +268 +269 +277 +278 +279 +280 +281 +282 +283 +284 +285 @
>CP009034
+1 +2 +3 +4 +5 -277 -269 -268 -267 -266 -265 -264 -263 -262 -261 -260 -259 -258 -253 -252 -281 -280 -279 -278 +6 +7 +9 +11 +12 +13 +14 +15 +16 +17 +18 +19 +20 +21 +22 +23 +24 +25 +26 +27 +28 +29 +30 +31 +32 +33 +34 -224 -223 -212 -211 -210 +59 +60 +61 +62 +63 +64 +65 +66 +67 +68 -185 -184 -183 -182 -181 -130 -129 -128 -127 -126 -125 -124 -123 -122 -121 +151 +152 +153 +154 +155 +156 +157 +158 +159 +160 +161 +162 +163 +165 +166 +167 +168 +169 +170 +171 -98 -97 -96 -95 -94 -93 -92 -91 -120 -119 -118 -117 -116 -115 -114 -113 -112 -111 -110 -109 -108 -105 -104 -103 -102 -101 -100 +173 +174 +175 +176 -88 -87 -86 -85 -76 -75 -74 -73 -72 -69 +186 +187 +188 +189 +190 +191 +192 +193 +194 +195 +196 +197 +198 +200 +201 +202 +203 +204 +205 +206 +207 -57 -56 -55 -54 -52 -51 -50 -49 -48 -47 -46 -45 -44 -43 -42 -41 -40 -39 -38 -37 +216 +225 +226 +227 +228 +229 +230 +231 +232 +233 +234 +236 +237 +238 +239 +240 +241 +242 +243 +244 +245 +246 +247 +248 +249 +250 +282 +283 +284 +285 @
>CP008998
+1 +2 +3 +4 +5 +6 +7 +9 +11 +12 +13 +14 +15 +16 +17 +18 +19 +20 +21 +22 +23 +24 +25 +26 +27 +28 +29 +30 +31 +32 +33 +34 +37 +38 +39 +40 +41 +42 +43 +44 +45 +46 +47 +48 +49 +50 +51 +52 +54 +55 +56 +57 +59 +60 +61 +62 +63 +64 +65 +66 +67 +68 +69 +72 +73 +74 +75 +76 +85 +86 +87 +88 +91 +92 +93 +94 +95 +96 +97 +98 +100 +101 +102 +103 +104 +105 +108 +109 +110 +111 +112 +113 +114 +115 +116 +117 +118 +119 +120 +121 +122 +123 +124 +125 +126 +127 +128 +129 +130 +151 +152 +153 +154 +155 +156 +157 +158 +159 +160 +161 +162 +163 +165 +166 +167 +168 +169 +170 +171 +173 +174 +175 +176 +181 +182 +183 +184 +185 +186 +187 +188 +189 +190 +191 +192 +193 +194 +195 +196 +197 +198 +200 +201 +202 +203 +204 +205 +206 +207 +210 +211 +212 +216 +223 +224 +225 +226 +227 +228 +229 +230 +231 +232 +233 +234 +236 +237 +238 +239 +240 +241 +242 +243 +244 +245 +246 +247 +248 +249 +250 +252 +253 +258 +259 +260 +261 +262 +263 +264 +265 +266 +267 +268 +269 +277 +278 +279 +280 +281 +282 +283 +284 +285 @
>CP009004
+1 +2 +3 +4 +5 +6 +7 +9 +11 +12 +13 +14 +15 +16 +17 +18 +19 +20 +21 +22 +23 +24 +25 +26 +27 +28 +29 +30 +31 +32 +33 +34 +37 +38 +39 +40 +41 +42 +43 +44 +45 +46 +47 +48 +49 +50 +51 +52 +54 +55 +56 +57 +59 +60 +61 +62 +63 +64 +65 +66 +67 +68 +69 +72 +73 +74 +75 +76 +85 +86 +87 +88 +91 +92 +93 +94 +95 +96 +97 +98 +100 +101 +102 +103 +104 +105 +108 +109 +110 +111 +112 +113 +114 +115 +116 +117 +118 +119 +120 +121 +122 +123 +124 +125 +126 +127 +128 +129 +130 +151 +152 +153 +154 +155 +156 +157 +158 +159 +160 +161 +162 +163 +165 +166 +167 +168 +169 +170 +171 +173 +174 +175 +176 +181 +182 +183 +184 +185 +186 +187 +188 +189 +190 +191 +192 +193 +194 +195 +196 +197 +198 +200 +201 +202 +203 +204 +205 +206 +207 +210 +211 +212 +216 +223 +224 +225 +226 +227 +228 +229 +230 +231 +232 +233 +234 +236 +237 +238 +239 +240 +241 +242 +243 +244 +245 +246 +247 +248 +249 +250 +252 +253 +258 +259 +260 +261 +262 +263 +264 +265 +266 +267 +268 +269 +277 +278 +279 +280 +281 +282 +283 +284 +285 @
>CM007619
-101 -100 -98 -97 -96 -95 -94 -93 -92 -91 -88 -87 -86 -85 -76 -75 -74 -73 -72 -69 -68 -67 -66 -65 -64 -63 -62 -61 -60 -59 -57 -56 -55 -54 -52 -51 -50 -49 -48 -47 -46 -45 -44 -43 -42 -41 -40 -39 -38 -37 -34 -33 -32 -31 -30 -29 -28 -27 -26 -25 -24 -23 -22 -21 -20 -19 -18 -17 -16 -15 -14 -13 -12 -11 -9 -7 -6 -5 -4 -3 -2 -1 -285 -284 -283 -282 -281 -280 -279 -278 -277 -269 -268 -267 -266 -265 -264 -263 -262 -261 -260 -259 -258 -253 -252 -250 -249 -248 -247 -246 -245 -244 -243 -242 -241 -240 -239 -238 -237 -236 -234 -233 -232 -231 -230 -229 -228 -227 -226 -225 -224 -223 -216 -212 -211 -210 -207 -206 -205 -204 -203 -202 -201 -200 -198 -197 -196 -195 -194 -193 -192 -191 -190 -189 -188 -187 -186 -185 -184 -183 -182 -181 -176 -175 -174 -173 -171 -170 -169 -168 -167 -166 -165 -163 -162 -161 -160 -159 -158 -157 -156 -155 -154 -153 -152 -151 -130 -129 -128 -127 -126 -125 -124 -123 -122 -121 -120 -119 -118 -117 -116 -115 -114 -113 -112 -111 -110 -109 -108 -105 -104 -103 -102 @
>CP003778
+1 +2 +3 +4 +5 -277 -269 -268 -267 -266 -265 -264 -263 -262 -261 -260 -259 -258 -253 -252 -281 -280 -279 -278 +6 +7 +9 +11 +12 +13 +14 +15 +16 +17 +18 +19 +20 +21 +22 +23 +24 +25 +26 +27 +28 +29 +30 +31 +32 +33 +34 -224 -223 -212 -211 -210 +59 +60 +61 +62 +63 +64 +65 +66 +67 +68 -185 -184 -183 -182 -181 -130 -129 -128 -127 -126 -125 -124 -123 -122 -121 +151 +152 +153 +154 +155 +156 +157 +158 +159 +160 +161 +162 +163 +165 +166 +167 +168 +169 +170 +171 -98 -97 -96 -95 -94 -93 -92 -91 -120 -119 -118 -117 -116 -115 -114 -113 -112 -111 -110 -109 -108 -105 -104 -103 -102 -101 -100 +173 +174 +175 +176 -88 -87 -86 -85 -76 -75 -74 -73 -72 -69 +186 +187 +188 +189 +190 +191 +192 +193 +194 +195 +196 +197 +198 +200 +201 +202 +203 +204 +205 +206 +207 -57 -56 -55 -54 -52 -51 -50 -49 -48 -47 -46 -45 -44 -43 -42 -41 -40 -39 -38 -37 +216 +225 +226 +227 +228 +229 +230 +231 +232 +233 +234 +236 +237 +238 +239 +240 +241 +242 +243 +244 +245 +246 +247 +248 +249 +250 +282 +283 +284 +285 @
