>CP017501_1
+1 +2 +3 +4 +5 +6 +7 +8 +9 +10 +11 +12 +13 +14 +15 +16 +17 +18 +19 +20 +21 +22 +23 +24 +25 +26 +27 +28 +29 +30 +31 +32 +33 +34 +35 +36 +37 +38 +39 +40 +41 +42 +43 +44 +45 +46 +47 +48 +49 +50 +51 +52 +53 +54 +55 +56 +57 +58 +59 +60 +61 +62 +63 +64 +65 +66 +67 +68 +69 +70 +71 +72 +73 +74 +75 -20 +76 +77 +78 +79 +80 +81 +82 +83 +84 +85 +86 +87 +88 +89 +90 +91 -20 +92 +93 -20 +94 +95 +96 -20 +97 +98 +99 +100 -20 +101 +102
>CP026857_1
+1 +2 +3 +109 +108 +107 +106 +4 +12 +5 +6 +7 +8 +9 +10 +11 +13 +14 +15 +16 +17 +18 +19 +21 +22 +23 +24 +25 +26 +27 +28 +29 +30 +31 +32 +33 +34 +36 +37 +38 +39 +40 +41 +42 +105 +43 +104 +103 +35 +44 +45 +46 +47 +48 +49 +50 +51 +63 +66 +65 +64 +62 +61 +60 +59 +58 +57 +56 +55 +54 +53 +52 +67 +68 +69 +70 +71 +72 +73 +74 +75 +76 +77 +78 +79 +80 +81 +82 +83 +84 +85 +86 +87 +88 +89 +90 +91 +92 +93 +94 +20 +96 +95 +97 +98 +99 +100 +101 +102
>CP017504_1
+1 +2 +3 +4 +5 +6 +7 +8 +9 +10 +11 +12 +13 +14 +15 +16 +17 +18 +19 +20 +21 +22 +23 +24 +25 +26 +27 +28 +29 +30 +31 +32 +33 +34 +35 +36 +37 +38 +39 +40 -64 -63 -62 -60 -59 -58 -57 -56 -55 -54 -53 -52 -51 -50 -49 -48 -47 -46 -45 -44 +104 +103 -43 +105 -42 -41 +65 +66 +67 +107 +108 -106 +68 +69 +70 +71 +72 +73 +74 +75 -20 +76 +77 +78 +79 +80 +81 +82 +83 +84 +85 +86 +87 +88 +89 +90 +91 -20 +92 +93 -20 +94 +95 +96 -20 +97 +98 +99 +100 -20 +101 +102
>CP017524_1
+1 +2 +3 +4 +5 +6 +7 +8 +9 +10 +11 +12 +13 +14 +15 +16 +17 +18 +19 +20 +21 +22 +23 +24 +25 +26 +27 +28 +29 +30 +31 +32 +33 +34 +35 +36 +37 +38 +39 +40 +41 +42 -105 +43 -103 -104 +44 +45 +46 +47 +48 +49 +50 +51 +52 +53 +54 +55 +56 +57 +58 +59 +60 +61 +62 -64 +109 +65 +66 +67 +107 +108 -106 +68 +69 +70 +71 +72 +73 +74 +75 -20 +76 +77 +78 +79 +80 +81 +82 +83 +84 +85 +86 +87 +88 +89 +90 +91 -20 +92 +93 -20 +94 +95 +96 -20 +97 +98 +99 +100 -20 +101 +102
>CP017520_1
+1 +2 +3 +4 +5 +6 +7 +8 +9 +10 +11 +12 +13 +14 +15 +16 +17 +18 +19 +20 +21 +22 +23 +24 +25 +26 +27 +28 +29 +30 +31 +32 +33 +34 +35 -43 +105 -42 -41 -40 -39 -38 -37 -36 +44 +45 +46 +47 +48 +49 +50 +51 +109 -62 -61 -60 -59 -58 -57 -56 -55 -54 -53 -52 +63 +64 +65 +66 +67 +107 +108 -106 +68 +69 +70 +71 +72 +73 +74 +75 -20 +76 +77 +78 +79 +80 +81 +82 +83 +84 +85 +86 +87 +88 +89 +90 +91 -20 +92 +93 -20 +94 +95 +96 -20 +97 +98 +99 +100 -20 +101 +102
>CP017523_1
+1 +2 +3 +4 +5 +6 +7 +8 +9 +10 +11 +12 +13 +14 +15 +16 +17 +18 +19 +20 +21 +22 +24 +25 +26 +27 +28 +29 +30 +31 +32 +33 +34 +35 +37 +38 +39 +40 +41 +42 +43 -36 +44 +45 +46 +47 +48 +49 +50 +51 -63 +52 -55 -54 -53 +56 +57 +58 +59 +60 +61 +62 -109 +64 +65 +66 +67 +68 +69 +70 +71 +72 +73 +74 +75 -20 +76 +77 +78 +79 +80 +81 +82 +83 +84 +85 +86 +87 +88 +89 +90 +91 -20 +92 +93 -20 +94 +95 +96 -20 +97 +98 +99 +100 -20 +101 +102
>CP004753_2
+1 +2 +3 +4 +5 +6 +7 +8 +9 +10 +11 +12 +13 +14 +15 +16 +17 +18 +19 +20 +21 +22 +24 +25 +26 +27 +28 +29 +30 +31 +32 +33 +34 +35 +36 +37 +38 +39 +40 +41 +42 +43 +44 +45 +46 +47 +48 +50 +51 +52 +53 +54 +55 +56 +57 +58 +59 +60 +61 +62 +64 +65 +66 +67 +68 +69 +70 +71 +72 +73 +74 +75 +20 +76 +77 +78 +79 +80 +81 +82 +83 +84 +85 +86 +87 +88 +89 +90 +91 +20 +92 +93 +20 +94 +95 +96 +20 +97 +98 +99 +100 +20 +101 +102
>CP023043_1
+1 +2 +3 +4 +5 +6 +7 +8 +9 +10 +11 +12 +13 +14 +15 +16 +17 +18 +19 +20 +21 +22 +23 +24 +25 +26 +27 +28 +29 +30 +31 +32 +33 +34 +35 +36 +37 +38 +39 +40 +41 +42 +105 +43 +44 +45 +46 +47 +48 +49 +50 +51 +63 +52 +53 +54 +55 +56 +57 +58 +59 +60 +61 +62 +64 +109 +65 +66 +67 +107 +108 +106 +68 +69 +70 +71 +72 +73 +74 +75 +20 +76 +77 +78 +79 +80 +81 +82 +83 +84 +85 +86 +87 +88 +89 +90 +91 +20 +92 +93 +20 +94 +95 +96 +20 +97 +98 +99 +100 +20 +101 +102
>CP005972_1
+1 +2 +3 +4 +5 +6 +7 +8 +9 +10 +11 +93 +92 +20 +91 +90 +89 +88 +87 +86 +85 +84 +83 +82 +81 +80 +79 +78 +77 +76 +20 +75 +74 +73 +72 +71 +70 +69 +68 +67 +66 +65 +64 +62 +61 +60 +59 +58 +57 +56 +55 +54 +53 +52 +63 +51 +50 +49 +48 +47 +46 +45 +44 +43 +42 +41 +40 +39 +38 +37 +36 +35 +34 +33 +32 +31 +30 +29 +28 +27 +26 +25 +24 +23 +22 +21 +20 +19 +18 +17 +16 +15 +14 +13 +12 +20 +94 +95 +107 +108 +106 +96 +20 +97 +98 +99 +100 +20 +101 +102
>CP017543_1
+1 +2 +3 +4 +5 +6 +7 +8 +9 +10 +11 +12 +13 +14 +15 +16 +17 +18 +19 +20 +21 +22 +23 +24 +25 +26 +27 +28 +29 +30 +31 +32 +33 +34 +35 -36 +37 +38 +39 +40 -64 -62 -61 -60 -59 -58 -57 -56 -55 -54 -53 -52 +63 -51 -50 -49 -48 -47 -46 -45 -44 -43 -42 -41 +65 +66 +67 +107 +108 -106 +68 +69 +70 +71 +72 +73 +74 +75 -20 +76 +77 +78 +79 +80 +81 +82 +83 +84 +85 +86 +87 +88 +89 +90 +91 -20 +92 +93 -20 +94 +95 +96 -20 +97 +98 +99 +100 -20 +101 +102
>CP006573_1
+1 +2 +3 +4 +12 +5 +6 +7 +8 +9 +13 +14 +15 +16 +17 +18 +19 +20 +21 +22 +24 +25 +26 +27 +28 +29 +30 +31 +32 +107 +108 -106 +33 +34 +35 +39 +40 +41 +42 -36 +44 +45 +46 +47 +48 +50 +51 +52 +53 +54 +55 +56 +57 +58 +59 +60 +62 +110 +111 +64 +65 +66 +67 +68 +69 +70 +71 +72 +73 +74 +75 -20 +76 +77 +78 +79 +80 +81 +82 +87 -88 +83 +84 +85 +86 +89 +90 +91 -20 +94 +95 +96 -20 +97 +98 +100 -20 +92 +93 -20 +101 +102
>CP017531_1
+1 +2 +3 +4 +5 +6 +7 +8 +9 +10 +11 +12 +13 +14 +15 +16 +17 +18 +19 +20 +21 +22 +23 +24 +25 +26 +27 +28 +29 +30 +31 +32 +33 +34 +35 +36 +37 +38 +39 +106 -108 -107 +40 +41 +42 +43 +44 +45 +46 +47 +48 +49 +50 +51 +52 -55 -54 -53 +56 +57 +58 +59 +60 +61 +62 -109 +64 +65 +66 +67 +68 +69 +70 +71 +107 +108 -106 +72 +73 +74 +75 -20 +76 +77 +78 +79 +80 +81 +82 +83 +84 +85 +86 +87 +88 +89 +90 +91 -20 +94 +95 +96 -20 +97 +98 +99 +100 -20 +92 +93 -20 +101 +102
>CP017537_1
+1 +2 +3 +4 +5 +6 +7 +8 +9 +10 +11 +12 +13 +14 +15 +16 +17 +18 +19 +20 +21 +22 +23 +24 +25 +26 +27 +28 +29 +30 +31 +32 +33 +34 +35 +36 +37 +38 +39 +40 -64 -62 -61 -60 -59 -58 -57 -56 -55 -54 -53 -52 +63 -51 -50 -49 -48 -47 -46 -45 -44 -43 -42 -41 +65 +66 +67 +107 +108 -106 +68 +69 +70 +71 +72 +73 +74 +75 -20 +76 +77 +78 +79 +80 +81 +82 +83 +84 +85 +86 +87 +88 +89 +90 +91 -20 +92 +93 -20 +94 +95 +96 -20 +97 +98 +99 +100 -20 +101 +102
>CP006957_2
+1 +2 +3 +4 +12 +5 +6 +7 +8 +9 +13 +14 +15 +16 +17 +18 +19 +20 +21 +22 +24 +61 +80 +79 +78 +77 +76 +20 +75 +74 +73 +72 +71 +70 +69 +68 +67 +66 +65 +64 +111 +38 +44 +45 +46 +47 +48 +50 +51 +52 +53 +54 +36 +55 +56 +58 +59 +60 +62 +110 +42 +41 +40 +39 +35 +23 +34 +33 +32 +29 +30 +31 +28 +27 +26 +81 +82 +87 +89 +86 +85 +84 +83 +88 +90 +91 +20 +94 +95 +96 +20 +92 +93 +20 +97 +98 +100 +20 +101 +102
>CP017533_1
+1 +2 +3 +4 +5 +6 +7 +8 +9 +10 +11 +12 +13 +14 +15 +16 +17 +18 +19 +20 +21 +22 +24 +25 +26 +27 +28 +29 +30 +31 +32 +33 +34 +35 +36 +37 +38 +39 +40 +41 +42 +43 +44 +45 +46 +47 +48 +49 +50 +51 +52 -55 -54 -53 +56 +57 +58 +59 +60 +61 +62 +63 +64 +65 +66 +67 +68 +69 +70 +71 +72 +73 +74 +75 -20 +76 +77 +78 +79 +80 +81 +82 +83 +84 +85 +86 +87 +88 +89 +90 +91 -20 +92 +93 -20 +94 +95 +96 -20 +97 +98 +99 +100 -20 +101 +102
>CP017539_1
+1 +2 +3 +4 +5 +6 +7 +8 +9 +10 +11 +12 +13 +14 +15 +16 +17 +18 +19 +20 +91 +90 +89 +88 +87 +86 +85 +84 +83 +82 +81 +80 +79 +78 +77 +76 +20 +75 +74 +73 +72 +106 +108 +107 +71 +70 +69 +68 +67 +66 +65 +64 +109 +62 +61 +60 +59 +58 +57 +56 +53 +54 +55 +52 +63 +51 +50 +49 +48 +47 +46 +45 +44 +43 +42 +41 +40 +107 +106 +39 +38 +37 +36 +35 +34 +33 +32 +31 +30 +29 +28 +27 +26 +25 +24 +23 +22 +21 +20 +92 +93 +20 +94 +95 +96 +20 +97 +98 +99 +100 +20 +101 +102
>CP017530_1
+1 +2 +3 +4 +5 +6 +7 +8 +9 +10 +11 +12 +13 +14 +15 +16 +17 +18 +19 +20 -91 -90 -89 -88 -87 -86 -85 -84 -83 -82 -81 -80 -79 -78 -77 -76 +20 -75 -74 -73 -72 -71 -70 -69 -68 -67 -66 -65 -64 -63 +52 +53 +54 +55 +56 +57 +58 +59 +60 +61 +62 -109 -51 -50 -49 -48 -47 -46 -45 -44 -43 -42 -41 -40 -39 +36 +37 +38 -35 -34 -33 -32 -31 -30 -29 -28 -27 -26 -25 -24 -23 -22 -21 -20 +92 +93 -20 +94 +95 +96 -20 +97 +98 +99 +100 -20 +101 +102
>CP017505_1
+1 +2 +3 +4 +5 +6 +7 +8 +9 +10 +11 +12 +13 +14 +15 +16 +17 +18 +19 +20 +21 +22 +23 +24 +25 +26 +27 +28 +29 +30 +31 +32 +33 +34 +35 +36 +37 +38 +39 +106 -108 -107 +40 +41 +42 +43 +44 +45 +46 +47 +48 +49 +50 +51 +52 +53 +54 +55 +56 +57 +58 +59 +60 +61 +62 -109 +64 +65 +66 +67 +68 +69 +70 +71 +107 +108 -106 +72 +73 +74 +75 -20 +76 +77 +78 +79 +80 +81 +82 +83 +84 +85 +86 +87 +88 +89 +90 +91 -20 +92 +93 -20 +94 +95 +96 -20 +97 +98 +99 +100 -20 +101 +102
>CP023046_1
+1 +2 +3 +4 +5 +6 +7 +8 +9 +10 +11 +12 +13 +14 +15 +16 +17 +18 +19 +20 +21 +22 +23 +24 +25 +26 +27 +28 +29 +30 +31 +32 +33 +34 +35 +36 +37 +38 +39 +106 +108 +107 +71 +70 +69 +68 +67 +64 +65 +66 +109 +62 +60 +59 +58 +57 +56 +55 +54 +53 +52 +63 +51 +50 +49 +48 +47 +46 +45 +44 +43 +42 +41 +40 +107 +108 +106 +72 +73 +74 +75 +20 +76 +77 +78 +79 +80 +81 +82 +83 +84 +85 +86 +87 +88 +89 +90 +91 +20 +92 +93 +20 +94 +95 +96 +20 +97 +98 +99 +100 +20 +101 +102
>CP011099_1
+1 +2 +3 +4 +5 +6 +7 +8 +9 +10 +11 +106 +108 +107 +12 +13 +14 +15 +16 +17 +18 +19 +20 +21 +22 +23 +24 +25 +26 +27 +28 +29 +30 +31 +32 +33 +34 +35 +36 +37 +38 +39 +40 +41 +42 +112 +105 +43 +44 +45 +46 +47 +48 +49 +50 +51 +52 +53 +54 +55 +56 +57 +58 +59 +60 +61 +62 +109 +64 +65 +66 +67 +68 +69 +70 +71 +72 +73 +74 +75 +20 +76 +77 +78 +79 +80 +81 +82 +83 +84 +85 +86 +87 +88 +89 +90 +91 +20 +92 +93 +20 +94 +95 +96 +20 +97 +98 +99 +100 +20 +101 +102
>CP017550_1
+1 +2 +3 +4 +5 +6 +7 +8 +9 +10 +11 +12 +13 +14 +15 +16 +17 +18 +19 +20 -91 -90 -89 -88 -87 -86 -85 -84 -83 -82 -81 -80 -79 -78 -77 -76 +20 -75 -74 -73 -72 -71 -70 -69 -68 +106 -108 -107 -67 -66 -65 +41 +42 -105 +43 +44 +45 +46 +47 +48 +49 +50 +51 -63 -62 -61 -60 -59 -58 -57 -56 -55 -54 -53 -52 -64 +109 -40 -39 -38 -37 -36 -35 -34 -33 -32 -31 -30 -29 -28 -27 -26 -25 -24 -23 -22 -21 -20 +92 +93 -20 +94 +95 +96 -20 +97 +98 +99 +100 -20 +101 +102
>CP017528_1
+1 +2 +3 +4 +5 +6 +7 +8 +9 +10 +11 +12 +13 +14 +15 +16 +17 +18 +19 +20 +21 +22 +23 +24 +25 +26 +27 +28 +29 +30 +31 +32 +33 +34 +35 +36 +37 +38 +39 +40 +41 +42 +43 +44 +45 +46 +47 +48 +49 +50 +51 -63 +52 +53 +54 +55 +56 +57 +58 +59 +60 +61 +62 -109 +64 +65 +66 +67 +68 +69 +70 +71 +72 +73 +74 +75 -20 +76 +77 +78 +79 +80 +81 +82 +83 +84 +85 +86 +87 +88 +89 +106 -108 -107 +90 +91 -20 +92 +93 -20 +94 +95 +96 -20 +97 +98 +99 +100 -20 +101 +102
>CP017540_1
+1 +2 +3 +4 +5 +6 +7 +8 +9 +10 +11 +12 +13 +14 +15 +16 +17 +18 +19 +20 +21 +22 +23 +24 +25 +26 +27 +28 +29 +30 +31 +32 +33 +34 +35 -43 -42 -41 -40 -39 -38 -37 -36 +44 +45 +46 +47 +48 +49 +50 +51 -63 +52 +53 +54 +55 +56 +57 +58 +59 +60 +61 +62 +64 +65 +66 +67 +68 +69 +70 +71 +72 +73 +74 +75 -20 +76 +77 +78 +79 +80 +81 +82 +83 +84 +85 +86 +87 +88 +89 +90 +91 -20 +92 +93 -20 +94 +95 +96 -20 +97 +98 +99 +100 -20 +101 +102
>CP017538_1
+1 +2 +3 +4 +5 +6 +7 +8 +9 +10 +11 +12 +13 +14 +15 +16 +17 +18 +19 +20 +21 +22 +23 +24 +25 +26 +27 +28 +29 +30 +31 +32 +33 +23 +34 +35 +36 +37 +38 +39 +40 +64 +109 +52 +53 +54 +55 +56 +57 +58 +59 +60 +61 +62 +63 +51 +50 +49 +48 +47 +46 +45 +44 +104 +103 +43 +105 +113 +42 +41 +65 +66 +67 +107 +108 +106 +68 +69 +70 +71 +72 +73 +74 +75 +20 +76 +77 +78 +79 +80 +81 +82 +83 +84 +85 +86 +87 +88 +89 +90 +91 +20 +92 +93 +20 +94 +95 +96 +20 +97 +98 +99 +100 +20 +101 +102
>CP017535_1
+1 +2 +3 +4 +5 +6 +7 +8 +9 +10 +11 +12 +13 +14 +15 +16 +17 +18 +19 +20 +21 +22 +23 +24 +25 +26 +27 +28 +29 +30 +31 +32 +33 +34 +35 -43 -42 -41 -40 -39 -38 -37 -36 +44 +45 +46 +47 +48 +49 +50 +51 -63 +52 +53 +54 +55 +56 +57 +58 +59 +60 +61 +62 +64 +65 +66 +67 +107 +108 -106 +68 +69 +70 +71 +72 +73 +74 +75 -20 +76 +77 +78 +79 +80 +81 +82 +83 +84 +85 +86 +87 +88 +89 +90 +91 -20 +92 +93 -20 +94 +95 +96 -20 +97 +98 +99 +100 -20 +101 +102
>CP017536_1
+1 +2 +3 +4 +5 +6 +7 +8 +9 +10 +11 +12 +13 +14 +15 +16 +17 +18 +19 +20 +21 +22 +23 +24 +25 +26 +27 +28 +29 +30 +31 +32 +33 +34 +35 -36 +37 +38 +39 +40 -64 -63 +52 +53 +54 +55 +56 +57 +58 +59 +60 +62 -109 -51 -50 -49 -48 -47 -46 -45 -44 +104 +103 -43 +105 -42 -41 +65 +66 +67 +107 +108 -106 +68 +69 +70 +71 +72 +73 +74 +75 -20 +76 +77 +78 +79 +80 +81 +82 +83 +84 +85 +86 +87 +88 +89 +90 +91 -20 +92 +93 -20 +94 +95 +96 -20 +97 +98 +99 +100 -20 +101 +102
>CP017551_1
+1 +2 +3 +4 +5 +6 +7 +8 +9 +10 +11 +12 +13 +14 +15 +16 +17 +18 +19 +20 +21 +22 +23 +24 +25 +26 +27 +28 +29 +30 +31 +32 +33 +34 +35 +36 +37 +38 +39 +40 -64 +109 -62 -61 -60 -59 -58 -57 -56 -55 -54 -53 -52 +63 -51 -50 -48 -47 -46 -45 -44 +104 +103 -43 +105 -113 -42 -41 +65 +66 +67 +107 +108 -106 +68 +69 +70 +71 +72 +73 +74 +75 -20 +76 +77 +78 +79 +80 +81 +82 +83 +84 +85 +86 +87 +88 +89 +90 +91 -20 +92 +93 -20 +94 +95 +96 -20 +97 +98 +99 +100 -20 +101 +102
>CP023044_1
+1 +2 +3 +4 +5 +6 +7 +8 +9 +10 +11 +12 +13 +14 +15 +16 +17 +18 +19 +20 +21 +22 +23 +24 +25 +26 +27 +28 +29 +30 +31 +32 +33 +34 +35 +36 +37 +38 +39 +40 +41 +42 +105 +43 +44 +45 +46 +47 +48 +49 +50 +51 +63 +52 +53 +54 +55 +56 +57 +58 +59 +60 +61 +62 +64 +109 +65 +66 +67 +107 +108 +106 +68 +69 +70 +71 +72 +73 +74 +75 +20 +76 +77 +78 +79 +80 +81 +82 +83 +84 +85 +86 +87 +88 +89 +90 +91 +20 +92 +93 +20 +94 +95 +96 +20 +97 +98 +99 +100 +20 +101 +102
>CP017549_1
+1 +2 +3 +4 +5 +6 +7 +8 +9 +10 +11 +12 +13 +14 +15 +16 +17 +18 +19 +20 +21 +22 +23 +24 +25 +26 +27 +28 +29 +30 +31 +32 +33 +34 +35 +36 +37 +38 +39 +106 -108 -107 +40 +41 +42 +43 +44 +45 +46 +47 +48 +49 +50 +51 +52 -55 -54 -53 +56 +57 +58 +59 +60 +62 +63 +64 +65 +66 +67 +68 +69 +70 +71 +107 +108 -106 +72 +73 +74 +75 -20 +76 +77 +78 +79 +80 +81 +82 +83 +84 +85 +86 +87 +88 +89 +90 +91 -20 +92 +93 -20 +94 +95 +96 -20 +97 +98 +99 +100 -20 +101 +102
>CP023047_1
+1 +2 +3 +4 +5 +6 +7 +8 +9 +10 +11 +12 +13 +14 +15 +16 +17 +18 +19 +20 +21 +22 +23 +24 +25 +26 +27 +28 +29 +30 +31 +32 +33 +34 +35 +36 +37 +38 +39 +40 +41 +42 +105 +43 +44 +45 +46 +47 +48 +49 +50 +51 +63 +52 +53 +54 +55 +56 +57 +58 +59 +60 +61 +62 +64 +109 +65 +66 +67 +107 +108 +106 +68 +69 +70 +71 +72 +73 +74 +75 +20 +76 +77 +78 +79 +80 +81 +82 +83 +84 +85 +86 +87 +88 +89 +90 +91 +20 +92 +93 +20 +94 +95 +96 +20 +97 +98 +99 +100 +20 +101 +102
>CP004752_2
+1 +2 +3 +4 +5 +6 +7 +8 +9 +10 +11 +12 +13 +14 +15 +16 +17 +18 +19 +20 +21 +22 +23 +24 +25 +26 +27 +28 +29 +30 +31 +32 +33 +34 +35 +36 +37 +38 +39 +40 +41 +42 +43 +44 +45 +46 +47 +48 +49 +50 +51 +63 +52 +53 +54 +55 +56 +57 +58 +59 +60 +61 +62 +64 +65 +66 +67 +68 +69 +70 +71 +72 +73 +74 +75 +20 +76 +77 +78 +79 +80 +81 +82 +83 +84 +85 +86 +87 +88 +89 +90 +91 +20 +92 +93 +20 +94 +95 +96 +20 +97 +98 +99 +100 +20 +101 +102
>CP026858_1
+1 +2 +3 +106 +107 +108 +4 +5 +6 +7 +8 +9 +10 +11 +98 +99 +100 +12 +13 +14 +15 +16 +17 +18 +19 +21 +44 +22 +23 +24 +25 +26 +27 +28 +29 +30 +31 +32 +33 +34 +35 +36 +37 +38 +39 +40 +41 +42 +43 +45 +46 +47 +48 +63 +66 +65 +64 +62 +61 +60 +59 +58 +57 +56 +55 +54 +53 +52 +51 +50 +49 +67 +68 +69 +70 +71 +72 +73 +74 +75 +76 +77 +78 +79 +80 +81 +82 +83 +84 +85 +86 +87 +88 +89 +90 +91 +92 +93 +20 +94 +95 +96 +97 +101 +102
>CP017532_1
+1 +2 +3 +4 +5 +6 +7 +8 +9 +10 +11 +12 +13 +14 +15 +16 +17 +18 +19 +20 +21 +22 +23 +24 +25 +26 +27 +28 +29 +30 +31 +32 +33 +34 +35 +36 +37 +38 +39 +40 +41 +42 -105 +43 -103 -104 +44 +45 +46 +47 +48 +49 +50 +51 -63 -62 -61 -60 -59 -58 -57 -56 -55 -54 -53 -52 -64 +65 +66 +67 +107 +108 -106 +68 +69 +70 +71 +72 +73 +74 +75 -20 +76 +77 +78 +79 +80 +81 +82 +83 +84 +85 +86 +87 +88 +89 +90 +91 -20 +92 +93 -20 +97 +98 +99 +100 -20 +94 +95 +96 -20 +101 +102
>CP017548_1
+1 +2 +3 +4 +5 +6 +7 +8 +9 +10 +11 +12 +13 +14 +15 +16 +17 +18 +19 +20 +21 +22 +23 +24 +25 +26 +27 +28 +29 +30 +31 +32 +33 +34 +35 +36 +37 +38 +39 +40 -64 -63 +52 +53 +54 +55 +56 +57 +58 +59 +60 +61 +62 -109 -51 -50 -49 -48 -47 -46 -45 -44 +104 +103 -43 +105 -113 -42 -41 +65 +66 +67 +107 +108 -106 +68 +69 +70 +71 +72 +73 +74 +75 -20 +76 +77 +78 +79 +80 +81 +82 +83 +84 +85 +86 +87 +88 +89 +90 +91 -20 +92 +93 -20 +94 +95 +96 -20 +97 +98 +99 +100 -20 +101 +102
>CP017544_1
+1 +2 +3 +4 +5 +6 +7 +8 +9 +10 +11 +12 +13 +14 +15 +16 +17 +18 +19 +20 +21 +22 +23 +24 +25 +26 +27 +28 +29 +30 +31 +32 +33 +34 +35 +36 +37 +38 +39 +40 -64 +109 +52 +53 +54 +55 +56 +57 +58 +59 +60 +61 +62 +63 -51 -50 -49 -48 -47 -46 -45 -44 +104 +103 -43 +105 -42 -41 +65 +66 +67 +107 +108 -106 +68 +69 +70 +71 +72 +73 +74 +75 -20 +76 +77 +78 +79 +80 +81 +82 +83 +84 +85 +86 +87 +88 +89 +90 +91 -20 +92 +93 -20 +94 +95 +96 -20 +97 +98 +99 +100 -20 +101 +102
>CP006619_1
+1 +2 +3 +4 +5 +6 +7 +8 +9 +10 +11 +12 +13 +14 +15 +16 +17 +18 +19 +20 +21 +22 +23 +24 +25 +26 +27 +28 +29 +30 +31 +32 +33 +34 +35 +36 +37 +38 +39 +40 +109 -62 -61 -60 -59 -58 -57 -56 -55 -54 -53 -52 +63 -51 -50 -49 -48 -47 -46 -45 -44 -43 -42 -41 +65 +66 +67 +107 +108 -106 +68 +69 +70 +71 +72 +73 +74 +75 -20 +76 +77 +78 +79 +80 +81 +82 +83 +84 +85 +86 +87 +88 +89 +90 +91 -20 +92 +93 -20 +94 +95 +96 -20 +97 +98 +99 +100 -20 +101 +102
>CP017519_1
+1 +2 +3 +4 +5 +6 +7 +8 +9 +10 +11 +12 +13 +14 +15 +16 +17 +18 +19 +20 +21 +22 +23 +24 +25 +26 +27 +28 +29 +30 +31 +32 +33 +34 +35 +36 +37 +38 +39 +40 -64 -62 -61 -60 -59 -58 -57 -56 -55 -54 -53 -52 +63 -51 -50 -49 -48 -47 -46 -45 -44 -43 -42 -41 +65 +66 +67 +107 +108 -106 +68 +69 +70 +71 +72 +73 +74 +75 -20 +76 +77 +78 +79 +80 +81 +82 +83 +84 +85 +86 +87 +88 +89 +90 +91 -20 +92 +93 -20 +94 +95 +96 -20 +97 +98 +99 +100 -20 +101 +102
>CP006574_1
+1 +2 +3 +4 +5 +6 +7 +8 +107 +108 -106 +9 +10 +11 +12 +13 +14 +15 +16 +17 +18 +19 +20 +21 +22 +24 +25 +26 +27 +28 +29 +30 +31 +32 +33 +34 +35 +37 +38 +39 +40 +41 +42 +43 +44 +45 +46 +47 +48 +49 +50 +51 +109 -62 -61 -60 -59 -58 -57 -56 -55 -54 -53 -52 +63 +64 +65 +66 +67 +68 +69 +70 +71 +72 +73 +74 +75 -20 +76 +77 +78 +79 +80 +81 +82 +83 +84 +85 +86 +87 +88 +89 +90 +91 -20 +92 +93 -20 +94 +95 +96 -20 +97 +98 +99 +100 -20 +101 +102
>CP011098_1
+1 +2 +3 +4 +5 +6 +7 +8 +9 +10 +11 +106 +108 +107 +12 +13 +14 +15 +16 +17 +18 +19 +20 +21 +22 +23 +24 +25 +26 +27 +28 +29 +30 +31 +32 +33 +34 +35 +36 +37 +38 +39 +40 +41 +42 +112 +105 +43 +44 +45 +46 +47 +48 +49 +50 +51 +52 +53 +54 +55 +56 +57 +58 +59 +60 +61 +62 +64 +109 +65 +66 +67 +68 +69 +70 +71 +72 +73 +74 +75 +20 +76 +77 +78 +79 +80 +81 +82 +83 +84 +85 +86 +87 +88 +89 +90 +91 +20 +92 +93 +20 +94 +95 +96 +20 +97 +98 +99 +100 +20 +101 +102
>CP017491_1
+1 +2 +3 +4 +5 +6 +7 +8 +9 +10 +11 +12 +13 +14 +15 +16 +17 +18 +19 +20 +21 +22 +23 +24 +25 +26 +27 +28 +29 +30 +31 +32 +33 +34 +35 +36 +37 +38 +39 +40 +41 +42 +43 +44 +45 +46 +47 +48 +49 +50 +51 +52 +53 +54 +55 +56 +57 +58 +59 +60 +61 +62 +63 +64 +65 +66 +67 +68 +69 +70 +71 +72 +73 +74 +75 -20 +76 +77 +78 +79 +80 +81 +82 +83 +84 +85 +86 +87 +88 +89 +90 +91 -20 +92 +93 -20 +94 +95 +96 -20 +97 +98 +99 +100 -20 +101 +102
>CP017506_1
+1 +2 +3 +4 +5 +6 +7 +8 +9 +10 +11 +12 +13 +14 +15 +16 +17 +18 +19 +20 +21 +22 +23 +24 +25 +26 +27 +28 +29 +30 +31 +32 +33 +34 +35 +36 +37 +38 +39 +106 -108 -107 +40 +41 +42 +43 +44 +45 +46 +47 +48 +49 +50 +51 +52 +53 +54 +55 +56 +57 +58 +59 +60 +61 +62 -109 +64 +65 +66 +67 +68 +69 +70 +71 +107 +108 -106 +72 +73 +74 +75 -20 +76 +77 +78 +79 +80 +81 +82 +83 +84 +85 +86 +87 +88 +89 +90 +91 -20 +92 +93 -20 +94 +95 +96 -20 +97 +98 +99 +100 -20 +101 +102
>CP017534_1
+1 +2 +3 +4 +5 +6 +7 +8 +9 +10 +11 +13 +14 +15 +16 +17 +18 +19 +20 +21 +22 +23 +24 +25 +26 +27 +28 +29 +30 +31 +32 +33 +34 +35 +36 +37 +38 +39 +40 +63 +64 +52 +53 +54 +55 +56 +57 +58 +59 +60 +61 +62 -109 -51 -50 -49 -48 -47 -46 -45 -44 +104 +103 -43 +105 -113 -42 -41 +65 +66 +67 +107 +108 -106 +68 +69 +70 +71 +72 +73 +74 +106 -108 -107 +75 -20 +76 +77 +78 +79 +80 +81 +82 +83 +84 +85 +86 +87 +88 +89 +90 +91 -20 +92 +93 -20 +94 +95 +96 -20 +97 +98 +99 +100 -20 +101 +102
>CP005383_1
+1 +2 +3 +4 +5 +6 +7 +8 +9 +10 +11 +12 +13 +14 +15 +16 +17 +18 +19 +20 +21 +22 +23 +24 +25 +26 +27 +28 +29 +30 +31 +32 +33 +34 +35 +36 +37 +38 +39 +40 -64 -63 -62 -61 -60 -59 -58 -57 -56 -55 -54 -53 -52 -51 -50 -49 -48 -47 -46 -45 -44 +104 +103 -43 +105 -42 -41 +65 +66 +67 +107 +108 -106 +68 +69 +70 +71 +72 +73 +74 +75 -20 +76 +77 +78 +79 +80 +81 +82 +83 +84 +85 +86 +87 +88 +89 +90 +91 -20 +92 +93 -20 +94 +95 +96 -20 +97 +98 +99 +100 -20 +101 +102
