20	1
17	2
16	2
12	3
29	3
14	10
76	1
18	12
42	1
13	4
32	1
3	11
2	8
15	4
33	1
4	9
8	8
35	1
6	8
19	297
5	23
7	2
38	1
9	10
10	2
11	4
24	2
--------------------------------------------------------------------------------
CP012392.1	84.4853
CP016660.1	83.9009
FR774048.1	84.1352
CP007524.1	85.7109
AL157959.1	85.6024
CP020401.2	79.8765
CP016647.1	83.6132
CP016646.1	83.7903
CP016654.1	83.4675
CP020402.2	82.9887
CP016680.1	83.7918
CP000381.1	84.0718
CP016672.1	83.8404
CP016883.1	83.965
CP016682.1	83.7526
FM999788.1	83.4673
CP012694.1	85.399
CP020422.2	82.9893
CP002422.1	83.3482
