>CP018854
+1 +2 +3 +4 +5 +6 +7 +8 +9 +10 +11 +12 +13 +14 +15 +16 +17 +18 +19 +20 +21 +22 +23 +24 +25 +26 +27 +28 +29 +31 +32 +33 +34 +35 +36 +37 +38 +39 +40 +42 +43 +44 +47 +48 +49 +50 +51 +52 +53 +56 +57 +58 +59 +60 +61 +62 +63 +64 +77 +78 +79 +80 +81 +82 +83 +84 +85 +86 +87 +88 +89 +90 +91 +92 +93 +94 +95 +96 +97 +98 +99 +100 +101 +102 +103 +105 +106 +107 +108 +109 +110 +111 +113 +114 +115 +116 +117 +118 +120 +121 +125 +126 +127 +128 +134 +135 +136 +137 +138 +139 $
>CP009001
+1 +2 +3 +4 +5 +6 +7 +8 +9 +10 +11 +12 +13 +14 +15 +16 +17 +18 +19 +20 +21 +22 +23 +24 +25 +26 +27 +28 +29 +31 +32 +33 +34 +35 +36 +37 +38 +39 +40 +42 +43 +44 +47 +48 +49 +50 +51 +52 +53 +56 +57 +58 +59 +60 +61 +62 +63 +64 +77 +78 +79 +80 +81 +82 +83 +84 +85 +86 +87 +88 +89 +90 +91 +92 +93 +94 +95 +96 +97 +98 +99 +100 +101 +102 +103 +105 +106 +107 +108 +109 +110 +111 +113 +114 +115 +116 +117 +118 +120 +121 +125 +126 +127 +128 +134 +135 +136 +137 +138 +139 $
>CP009031
+1 +2 +3 -134 -128 -127 -126 -125 -121 -120 -136 -135 +4 +5 +6 +7 +8 +9 +10 +11 +12 +13 +14 +15 +16 +17 +18 +19 -106 -103 -102 +31 +32 +33 +34 +35 +36 +37 +38 -89 -88 -64 -63 -62 -61 -60 -59 +77 +78 +79 +80 +81 +82 +83 +84 +85 +86 -49 -48 -47 -58 -57 -56 -53 -52 -51 -50 +87 -44 -43 -42 -40 -39 +90 +91 +92 +93 +94 +95 +96 +97 +98 +99 +100 +101 -29 -28 -27 -26 -25 -24 -23 -22 -21 -20 +105 +107 +108 +109 +110 +111 +113 +114 +115 +116 +117 +118 +137 +138 +139 $
>CP023285
+1 +2 +3 +4 +5 +6 +7 +8 +9 +10 +11 +12 +13 +14 +15 +16 +17 +18 +19 +20 +21 +22 +23 +24 +25 +26 +27 +28 +29 +31 +32 +33 +34 +35 +36 +37 +38 +39 +40 +42 +43 +44 +47 +48 +49 +50 +51 +52 +53 +56 +57 +58 +59 +60 +61 +62 +63 +64 +77 +78 +79 +80 +81 +82 +83 +84 +85 +86 +87 +88 +89 +90 +91 +92 +93 +94 +95 +96 +97 +98 +99 +100 +101 +102 +103 +105 +106 +107 +108 +109 +110 +111 +113 +114 +115 +116 +117 +118 +120 +121 +125 +126 +127 +128 +134 +135 +136 +137 +138 +139 $
>CP020885
+1 +2 +3 +4 +5 +6 +7 +8 +9 +10 +11 +12 +13 +14 +15 +16 +17 +18 +19 +20 +21 +22 +23 +24 +25 +26 +27 +28 +29 +31 +32 +33 +34 +35 +36 +37 +38 +39 +40 -102 -101 -100 -99 -98 -97 -96 -95 -94 -93 -92 -91 -90 -89 -88 -87 -86 -85 -84 -83 -82 -81 -80 -79 -78 -77 -64 -63 -62 -61 -60 -59 +103 +105 -58 -57 -56 -53 -52 -51 -50 -49 -48 -47 -44 -43 -42 +106 +107 +108 +109 +110 +111 +113 +114 +115 +116 +117 +118 +120 -121 +125 +126 +127 +128 +134 +135 +136 +137 +138 +139 $
>CP020889
+1 +2 +3 -134 -128 -127 -126 -125 -121 -120 -136 -135 +4 +5 +6 +7 +8 +9 +10 +11 -105 -103 -102 +31 +32 +33 +34 +35 +36 +37 +38 +39 +40 +42 +43 +44 -87 -86 -85 -84 -83 -82 -81 -80 -79 -78 -77 +59 +60 +61 +62 +63 +64 -58 -57 -56 -53 -52 -51 -50 -49 -48 -47 +88 +89 +90 +91 +92 +93 +94 +95 +96 +97 +98 +99 +100 +101 -29 -28 -27 -26 -25 -24 -23 -22 -21 -20 +106 -19 -18 -17 -16 -15 -14 -13 -12 +107 +108 +109 +110 +111 +113 +114 +115 +116 +117 +118 +137 +138 +139 $
>CP009010
+1 +2 +3 +4 +5 +6 +7 +8 +9 +10 +11 +12 +13 +14 +15 +16 +17 +18 +19 +20 +21 +22 +23 +24 +25 +26 +27 +28 +29 +31 +32 +33 +34 +35 +36 +37 +38 +39 +40 +42 +43 +44 +47 +48 +49 +50 +51 +52 +53 +56 +57 +58 +59 +60 +61 +62 +63 +64 +77 +78 +79 +80 +81 +82 +83 +84 +85 +86 +87 +88 +89 +90 +91 +92 +93 +94 +95 +96 +97 +98 +99 +100 +101 +102 +103 +105 +106 +107 +108 +109 +110 +111 +113 +114 +115 +116 +117 +118 +120 +121 +125 +126 +127 +128 +134 +135 +136 +137 +138 +139 $
>CP018847
+1 +2 +3 +4 +5 +6 +7 +8 +9 +10 +11 +12 +13 +14 +15 +16 +17 +18 +19 +20 +21 +22 +23 +24 +25 +26 +27 +28 +29 +31 +32 +33 +34 +35 +36 +37 +38 +39 +40 +42 +43 +44 +47 +48 +49 +50 +51 +52 +53 +56 +57 +58 +59 +60 +61 +62 +63 +64 +77 +78 +79 +80 +81 +82 +83 +84 +85 +86 +87 +88 +89 +90 +91 +92 +93 +94 +95 +96 +97 +98 +99 +100 +101 +102 +103 +105 +106 +107 +108 +109 +110 +111 +113 +114 +115 +116 +117 +118 +120 +121 +125 +126 +127 +128 +134 +135 +136 +137 +138 +139 $
>CP009034
+1 +2 +3 -134 -128 -127 -126 -125 -121 -120 -136 -135 +4 +5 +6 +7 +8 +9 +10 +11 +12 +13 +14 +15 +16 +17 +18 +19 -106 -103 -102 +31 +32 +33 +34 +35 +36 +37 +38 -89 -88 -64 -63 -62 -61 -60 -59 +77 +78 +79 +80 +81 +82 +83 +84 +85 +86 -49 -48 -47 -58 -57 -56 -53 -52 -51 -50 +87 -44 -43 -42 -40 -39 +90 +91 +92 +93 +94 +95 +96 +97 +98 +99 +100 +101 -29 -28 -27 -26 -25 -24 -23 -22 -21 -20 +105 +107 +108 +109 +110 +111 +113 +114 +115 +116 +117 +118 +137 +138 +139 $
>CP008998
+1 +2 +3 +4 +5 +6 +7 +8 +9 +10 +11 +12 +13 +14 +15 +16 +17 +18 +19 +20 +21 +22 +23 +24 +25 +26 +27 +28 +29 +31 +32 +33 +34 +35 +36 +37 +38 +39 +40 +42 +43 +44 +47 +48 +49 +50 +51 +52 +53 +56 +57 +58 +59 +60 +61 +62 +63 +64 +77 +78 +79 +80 +81 +82 +83 +84 +85 +86 +87 +88 +89 +90 +91 +92 +93 +94 +95 +96 +97 +98 +99 +100 +101 +102 +103 +105 +106 +107 +108 +109 +110 +111 +113 +114 +115 +116 +117 +118 +120 +121 +125 +126 +127 +128 +134 +135 +136 +137 +138 +139 $
>CP018858
+1 +2 +3 +4 +5 +6 +7 +8 +9 +10 +11 +12 +13 +14 +15 +16 +17 +18 +19 +20 +21 +22 +23 +24 +25 +26 +27 +28 +29 +31 +32 +33 +34 +35 +36 +37 +38 +39 +40 +42 +43 +44 +47 +48 +49 +50 +51 +52 +53 +56 +57 +58 +59 +60 +61 +62 +63 +64 +77 +78 +79 +80 +81 +82 +83 +84 +85 +86 +87 +88 +89 +90 +91 +92 +93 +94 +95 +96 +97 +98 +99 +100 +101 +102 +103 +105 +106 +107 +108 +109 +110 +111 +113 +114 +115 +116 +117 +118 +120 +121 +125 +126 +127 +128 +134 +135 +136 +137 +138 +139 $
>CP009037
+1 +2 +3 -134 -128 -127 -126 -125 -121 -120 -136 -135 +4 +5 +6 +7 +8 +9 +10 +11 +12 +13 +14 +15 +16 +17 +18 +19 -106 -103 -102 +31 +32 +33 +34 +35 +36 +37 +38 -89 -88 -64 -63 -62 -61 -60 -59 +77 +78 +79 +80 +81 +82 +83 +84 +85 +86 -49 -48 -47 -58 -57 -56 -53 -52 -51 -50 +87 -44 -43 -42 -40 -39 +90 +91 +92 +93 +94 +95 +96 +97 +98 +99 +100 +101 -29 -28 -27 -26 -25 -24 -23 -22 -21 -20 +105 +107 +108 +109 +110 +111 +113 +114 +115 +116 +117 +118 +137 +138 +139 $
>CP009025
+1 +2 +3 +4 +5 +6 +7 +8 +9 +10 +11 +12 +13 +14 +15 +16 +17 +18 +19 +20 +21 +22 +23 +24 +25 +26 +27 +28 +29 +31 +32 +33 +34 +35 +36 +37 +38 +39 +40 +42 +43 +44 +47 +48 +49 +50 +51 +52 +53 +56 +57 +58 +59 +60 +61 +62 +63 +64 +77 +78 +79 +80 +81 +82 +83 +84 +85 +86 +87 +88 +89 +90 +91 +92 +93 +94 +95 +96 +97 +98 +99 +100 +101 +102 +103 +105 +106 +107 +108 +109 +110 +111 +113 +114 +115 +116 +117 +118 +120 +121 +125 +126 +127 +128 +134 +135 +136 +137 +138 +139 $
>CP009004
+1 +2 +3 +4 +5 +6 +7 +8 +9 +10 +11 +12 +13 +14 +15 +16 +17 +18 +19 +20 +21 +22 +23 +24 +25 +26 +27 +28 +29 +31 +32 +33 +34 +35 +36 +37 +38 +39 +40 +42 +43 +44 +47 +48 +49 +50 +51 +52 +53 +56 +57 +58 +59 +60 +61 +62 +63 +64 +77 +78 +79 +80 +81 +82 +83 +84 +85 +86 +87 +88 +89 +90 +91 +92 +93 +94 +95 +96 +97 +98 +99 +100 +101 +102 +103 +105 +106 +107 +108 +109 +110 +111 +113 +114 +115 +116 +117 +118 +120 +121 +125 +126 +127 +128 +134 +135 +136 +137 +138 +139 $
>CP009016
+1 +2 +3 +4 +5 +6 +7 +8 +9 +10 +11 +12 +13 +14 +15 +16 +17 +18 +19 +20 +21 +22 +23 +24 +25 +26 +27 +28 +29 +31 +32 +33 +34 +35 +36 +37 +38 +39 +40 +42 +43 +44 +47 +48 +49 +50 +51 +52 +53 +56 +57 +58 +59 +60 +61 +62 +63 +64 +77 +78 +79 +80 +81 +82 +83 +84 +85 +86 +87 +88 +89 +90 +91 +92 +93 +94 +95 +96 +97 +98 +99 +100 +101 +102 +103 +105 +106 +107 +108 +109 +110 +111 +113 +114 +115 +116 +117 +118 +120 +121 +125 +126 +127 +128 +134 +135 +136 +137 +138 +139 $
>CP009007
+1 +2 +3 +4 +5 +6 +7 +8 +9 +10 +11 +12 +13 +14 +15 +16 +17 +18 +19 +20 +21 +22 +23 +24 +25 +26 +27 +28 +29 +31 +32 +33 +34 +35 +36 +37 +38 +39 +40 +42 +43 +44 +47 +48 +49 +50 +51 +52 +53 +56 +57 +58 +59 +60 +61 +62 +63 +64 +77 +78 +79 +80 +81 +82 +83 +84 +85 +86 +87 +88 +89 +90 +91 +92 +93 +94 +95 +96 +97 +98 +99 +100 +101 +102 +103 +105 +106 +107 +108 +109 +110 +111 +113 +114 +115 +116 +117 +118 +120 +121 +125 +126 +127 +128 +134 +135 +136 +137 +138 +139 $
>AE008923
+1 +2 +3 +4 +5 +6 +7 +8 +9 +10 +11 +12 +13 +14 +15 +16 +17 +18 +19 +20 +21 +22 +23 +24 +25 +26 +27 +28 +29 +31 +32 +33 +34 +35 +36 +37 +38 +39 +40 +42 +43 +44 +47 +48 +49 +50 +51 +52 +53 +56 +57 +58 +59 +60 +61 +62 +63 +64 +77 +78 +79 +80 +81 +82 +83 +84 +85 +86 +87 +88 +89 +90 +91 +92 +93 +94 +95 +96 +97 +98 +99 +100 +101 +102 +103 +105 +106 +107 +108 +109 +110 +111 +113 +114 +115 +116 +117 +118 +120 +121 +125 +126 +127 +128 +134 +135 +136 +137 +138 +139 $
>CP006857
+1 +2 +3 +4 +5 +6 +7 +8 +9 +10 +11 +12 +13 +14 +15 +16 +17 +18 +19 +20 +21 +22 +23 +24 +25 +26 +27 +28 +29 +31 +32 +33 +34 +35 +36 +37 +38 +39 +40 +42 +43 +44 +47 +48 +49 +50 +51 +52 +53 +56 +57 +58 +59 +60 +61 +62 +63 +64 +77 +78 +79 +80 +81 +82 +83 +84 +85 +86 +87 +88 +89 +90 +91 +92 +93 +94 +95 +96 +97 +98 +99 +100 +101 +102 +103 +105 +106 +107 +108 +109 +110 +111 +113 +114 +115 +116 +117 +118 +120 +121 +125 +126 +127 +128 +134 +135 +136 +137 +138 +139 $
>CP009028
+1 +2 +3 +4 +5 +6 +7 +8 +9 +10 +11 +12 +13 +14 +15 +16 +17 +18 +19 +20 +21 +22 +23 +24 +25 +26 +27 +28 +29 +31 +32 +33 +34 +35 +36 +37 +38 +39 +40 +42 +43 +44 +47 +48 +49 +50 +51 +52 +53 +56 +57 +58 +59 +60 +61 +62 +63 +64 +77 +78 +79 +80 +81 +82 +83 +84 +85 +86 +87 +88 +89 +90 +91 +92 +93 +94 +95 +96 +97 +98 +99 +100 +101 +102 +103 +105 +106 +107 +108 +109 +110 +111 +113 +114 +115 +116 +117 +118 +120 +121 +125 +126 +127 +128 +134 +135 +136 +137 +138 +139 $
>CP008989
+1 +2 +3 +4 +5 +6 +7 +8 +9 +10 +11 +12 +13 +14 +15 +16 +17 +18 +19 +20 +21 +22 +23 +24 +25 +26 +27 +28 +29 +31 +32 +33 +34 +35 +36 +37 +38 +39 +40 +42 +43 +44 +47 +48 +49 +50 +51 +52 +53 +56 +57 +58 +59 +60 +61 +62 +63 +64 +77 +78 +79 +80 +81 +82 +83 +84 +85 +86 +87 +88 +89 +90 +91 +92 +93 +94 +95 +96 +97 +98 +99 +100 +101 +102 +103 +105 +106 +107 +108 +109 +110 +111 +113 +114 +115 +116 +117 +118 +120 +121 +125 +126 +127 +128 +134 +135 +136 +137 +138 +139 $
>CP018850
+1 +2 +3 +4 +5 +6 +7 +8 +9 +10 +11 +12 +13 +14 +15 +16 +17 +18 +19 +20 +21 +22 +23 +24 +25 +26 +27 +28 +29 +31 +32 +33 +34 +35 +36 +37 +38 +39 +40 +42 +43 +44 +47 +48 +49 +50 +51 +52 +53 +56 +57 +58 +59 +60 +61 +62 +63 +64 +77 +78 +79 +80 +81 +82 +83 +84 +85 +86 +87 +88 +89 +90 +91 +92 +93 +94 +95 +96 +97 +98 +99 +100 +101 +102 +103 +105 +106 +107 +108 +109 +110 +111 +113 +114 +115 +116 +117 +118 +120 +121 +125 +126 +127 +128 +134 +135 +136 +137 +138 +139 $
>CP009040
+1 +2 +3 -134 -128 -127 -126 -125 -121 -120 -136 -135 +4 +5 +6 +7 +8 +9 +10 +11 +12 +13 +14 +15 +16 +17 +18 +19 -106 -103 -102 +31 +32 +33 +34 +35 +36 +37 +38 -89 -88 -64 -63 -62 -61 -60 -59 +77 +78 +79 +80 +81 +82 +83 +84 +85 +86 -49 -48 -47 -58 -57 -56 -53 -52 -51 -50 +87 -44 -43 -42 -40 -39 +90 +91 +92 +93 +94 +95 +96 +97 +98 +99 +100 +101 -29 -28 -27 -26 -25 -24 -23 -22 -21 -20 +105 +107 +108 +109 +110 +111 +113 +114 +115 +116 +117 +118 +137 +138 +139 $
>LN590509
+1 +2 +3 +4 +5 +6 +7 -138 +10 +11 +12 +13 +14 +15 +16 +17 +18 +19 +20 +21 +22 +23 +24 +25 +26 +27 +28 +29 +31 +32 +33 +34 +35 +36 +37 +38 +39 +40 +42 +43 +44 +47 +48 +49 +50 +51 +52 +53 +56 +58 +59 +60 +61 +62 +63 +77 +78 +79 -64 +80 +81 +82 +83 +84 +85 +86 +87 +88 +89 +90 +91 +92 +93 +94 +95 +96 +97 +98 +99 +100 +101 +102 +103 +105 +106 +107 +108 +109 +110 +111 +113 +114 +115 +116 +117 +118 +120 +121 +125 +126 -9 -8 +127 +128 +134 +135 +136 +137 +139 +57 $
>CP020882
+1 +2 +3 +134 +128 +127 +126 +125 +121 +120 +136 +135 +4 +5 +6 +7 +8 +9 +10 +11 +12 +13 +14 +15 +16 +17 +18 +19 +106 +20 +21 +22 +23 +24 +25 +26 +27 +28 +29 +101 +100 +99 +98 +97 +96 +95 +94 +93 +92 +91 +90 +89 +88 +47 +48 +49 +50 +51 +52 +53 +56 +57 +58 +64 +63 +62 +61 +60 +59 +77 +78 +79 +80 +81 +82 +83 +84 +85 +86 +87 +44 +43 +42 +40 +39 +38 +37 +36 +35 +34 +33 +32 +31 +102 +103 +105 +107 +108 +109 +110 +111 +113 +114 +115 +116 +117 +118 +137 +138 +139 $
>CM007622
+1 +2 +3 +4 +5 +6 +7 +8 +9 +10 +11 +12 +13 +14 +15 +16 +17 +18 +19 +20 +21 +22 +23 +24 +25 +26 +27 +28 +29 +31 +32 +33 +34 +35 +36 +37 +38 +39 +40 +42 +43 +44 +47 +48 +49 +50 +51 +52 +53 +56 +57 +58 +59 +60 +61 +62 +63 +64 +77 +78 +79 +80 +81 +82 +83 +84 +85 +86 +87 +88 +89 +90 +91 +92 +93 +94 +95 +96 +97 +98 +99 +100 +101 +102 +103 +105 +106 +107 +108 +109 +110 +111 +113 +114 +115 +116 +117 +118 +120 +121 +125 +126 +127 +128 +134 +135 +136 +137 +138 +139 $
>CP008992
+1 +2 +3 +4 +5 +6 +7 +8 +9 +10 +11 +12 +13 +14 +15 +16 +17 +18 +19 +20 +21 +22 +23 +24 +25 +26 +27 +28 +29 +31 +32 +33 +34 +35 +36 +37 +38 +39 +40 +42 +43 +44 +47 +48 +49 +50 +51 +52 +53 +56 +57 +58 +59 +60 +61 +62 +63 +64 +77 +78 +79 +80 +81 +82 +83 +84 +85 +86 +87 +88 +89 +90 +91 +92 +93 +94 +95 +96 +97 +98 +99 +100 +101 +102 +103 +105 +106 +107 +108 +109 +110 +111 +113 +114 +115 +116 +117 +118 +120 +121 +125 +126 +127 +128 +134 +135 +136 +137 +138 +139 $
>CP003778
+1 +2 +3 -134 -128 -127 -126 -125 -121 -120 -136 -135 +4 +5 +6 +7 +8 +9 +10 +11 +12 +13 +14 +15 +16 +17 +18 +19 -106 -103 -102 +31 +32 +33 +34 +35 +36 +37 +38 -89 -88 -64 -63 -62 -61 -60 -59 +77 +78 +79 +80 +81 +82 +83 +84 +85 +86 -49 -48 -47 -58 -57 -56 -53 -52 -51 -50 +87 -44 -43 -42 -40 -39 +90 +91 +92 +93 +94 +95 +96 +97 +98 +99 +100 +101 -29 -28 -27 -26 -25 -24 -23 -22 -21 -20 +105 +107 +108 +109 +110 +111 +113 +114 +115 +116 +117 +118 +137 +138 +139 $
>LN606820
+1 +2 +3 +4 +5 +6 +7 +10 +11 +12 +13 +14 +15 -9 -8 +16 +17 +18 +19 +20 +21 +22 +23 +24 +25 +26 +27 +28 +29 +31 +32 +33 +34 +35 +36 +37 +38 +39 +40 +42 +43 +44 +47 +48 +49 +50 +51 +52 +53 +56 +57 +58 +59 +60 +61 +62 +63 +64 +77 +78 +79 +80 +81 +82 +83 +84 +85 +86 +87 +88 +89 +90 +91 +92 +93 +94 +95 +96 +97 +98 +99 +100 +101 +102 +103 +105 +106 +107 +108 +109 +110 +111 +113 +114 +115 +116 +117 +118 +120 +121 +125 +126 +127 +128 +134 +135 +136 +137 +138 +139 $
>CP009022
+1 +2 +3 +4 +5 +6 +7 +8 +9 +10 +11 +12 +13 +14 +15 +16 +17 +18 +19 +20 +21 +22 +23 +24 +25 +26 +27 +28 +29 +31 +32 +33 +34 +35 +36 +37 +38 +39 +40 +42 +43 +44 +47 +48 +49 +50 +51 +52 +53 +56 +57 +58 +59 +60 +61 +62 +63 +64 +77 +78 +79 +80 +81 +82 +83 +84 +85 +86 +87 +88 +89 +90 +91 +92 +93 +94 +95 +96 +97 +98 +99 +100 +101 +102 +103 +105 +106 +107 +108 +109 +110 +111 +113 +114 +115 +116 +117 +118 +120 +121 +125 +126 +127 +128 +134 +135 +136 +137 +138 +139 $
>CP009019
+1 +2 +3 +4 +5 +6 +7 +8 +9 +10 +11 +12 +13 +14 +15 +16 +17 +18 +19 +20 +21 +22 +23 +24 +25 +26 +27 +28 +29 +31 +32 +33 +34 +35 +36 +37 +38 +39 +40 +42 +43 +44 +47 +48 +49 +50 +51 +52 +53 +56 +57 +58 +59 +60 +61 +62 +63 +64 +77 +78 +79 +80 +81 +82 +83 +84 +85 +86 +87 +88 +89 +90 +91 +92 +93 +94 +95 +96 +97 +98 +99 +100 +101 +102 +103 +105 +106 +107 +108 +109 +110 +111 +113 +114 +115 +116 +117 +118 +120 +121 +125 +126 +127 +128 +134 +135 +136 +137 +138 +139 $
>CP008995
+1 +2 +3 +4 +5 +6 +7 +8 +9 +10 +11 +12 +13 +14 +15 +16 +17 +18 +19 +20 +21 +22 +23 +24 +25 +26 +27 +28 +29 +31 +32 +33 +34 +35 +36 +37 +38 +39 +40 +42 +43 +44 +47 +48 +49 +50 +51 +52 +53 +56 +57 +58 +59 +60 +61 +62 +63 +64 +77 +78 +79 +80 +81 +82 +83 +84 +85 +86 +87 +88 +89 +90 +91 +92 +93 +94 +95 +96 +97 +98 +99 +100 +101 +102 +103 +105 +106 +107 +108 +109 +110 +111 +113 +114 +115 +116 +117 +118 +120 +121 +125 +126 +127 +128 +134 +135 +136 +137 +138 +139 $
>CP009013
+1 +2 +3 +4 +5 +6 +7 +8 +9 +10 +11 +12 +13 +14 +15 +16 +17 +18 +19 +20 +21 +22 +23 +24 +25 +26 +27 +28 +29 +31 +32 +33 +34 +35 +36 +37 +38 +39 +40 +42 +43 +44 +47 +48 +49 +50 +51 +52 +53 +56 +57 +58 +59 +60 +61 +62 +63 +64 +77 +78 +79 +80 +81 +82 +83 +84 +85 +86 +87 +88 +89 +90 +91 +92 +93 +94 +95 +96 +97 +98 +99 +100 +101 +102 +103 +105 +106 +107 +108 +109 +110 +111 +113 +114 +115 +116 +117 +118 +120 +121 +125 +126 +127 +128 +134 +135 +136 +137 +138 +139 $
>CM007619
+1 +2 +3 +4 +5 +6 +7 +8 +9 +10 +11 +12 +13 +14 +15 +16 +17 +18 +19 +20 +21 +22 +23 +24 +25 +26 +27 +28 +29 +31 +32 +33 +34 +35 +36 +37 +38 +39 +40 +42 +43 +44 +47 +48 +49 +50 +51 +52 +53 +56 +57 +58 +59 +60 +61 +62 +63 +64 +77 +78 +79 +80 +81 +82 +83 +84 +85 +86 +87 +88 +89 +90 +91 +92 +93 +94 +95 +96 +97 +98 +99 +100 +101 +102 +103 +105 +106 +107 +108 +109 +110 +111 +113 +114 +115 +116 +117 +118 +120 +121 +125 +126 +127 +128 +134 +135 +136 +137 +138 +139 $
>CP011827
+1 +2 +3 +4 +5 +6 +7 +8 +9 +10 +11 +12 +13 +14 +15 +16 +17 +18 +19 +20 +21 +22 +23 +24 +25 +26 +27 +28 +29 +31 +32 +33 +34 +35 +36 +37 +38 +39 +40 +42 +43 +44 +47 +48 +49 +50 +51 +52 +53 +56 +57 +58 +59 +60 +61 +62 +63 +64 +77 +78 +79 +80 +81 +82 +83 +84 +85 +86 +87 +88 +89 +90 +91 +92 +93 +94 +95 +96 +97 +98 +99 +100 +101 +102 +103 +105 +106 +107 +108 +109 +110 +111 +113 +114 +115 +116 +117 +118 +120 +121 +125 +126 +127 +128 +134 +135 +136 +137 +138 +139 $
