>CP017501.1
+1 +2 +3 +6 +7 +8 +9 +10 +11 +12 +13 +14 +15 +16 +17 +18 +19 +20 +22 +23 +24 +25 +26 +27 +28 +29 +30 +31 +32 +33 +34 +35 +36 +37 +38 +39 +40 +41 +43 +44 +45 +46 +47 +48 +49 +50 +51 +53 +54 +55 +60 +61 +65 +66 +67 +68 +69 +70 +71 +72 +73 +74 +75 +76 +77 +78 +79 +80 +81 +82 +83 +84 +85 +86 +87 +88 +89 +91 +92 +93 +94 +95 +96 +97 +98 +99 +100 +101 +102 +103 +104 +105 +106 +107 +108 +109 +111 +112 +115 +116 +117 +118 +119 +120 +121 +122 +123 +124 +125 +126 +127 +128 +129 +130 +131 +132 +133 +134 +135 +136 +139 +140 +141 +142 +143 +144 +145 +146 +147 +148 +149 +150 +151 +152 +153 +154 +155 +156 +157 +170 +171 +173 +174 +175 +176 +177 +179 +180 +181 +182 +183 +184 +185 +188 +189 +190 +191 +192 +193 +194 +195 +196 +197 +198 +199 +200 +201 +202 +204 +205 +206 +207 +208 +209 +210 +211 +212 +213 +214 +215 +216 +217 +218 +219 +220 +221 +222 +223 +224 +225 +226 +227 +228 +229 +230 +231 +232 +233 +234 +235 +236 +237 +238 +239 +240 +241 +242 +243 +244 +245 +246 +247 +248 +249 +250 +251 +252 +253 +254 +255 +256 +257 +258 +259 +260 +261 +262 +263 +264 +265 +266 +267 +268 +269 +270 +271 +272 +273 +274 +277 +278 @
>CP026857.1
-3 -2 -1 -278 -277 -274 -273 -272 -271 -270 -269 -268 -267 -266 -265 +260 +261 +262 +263 +264 +259 -258 -256 -255 -254 -253 -252 -251 -250 -249 -248 -247 -246 -245 -244 -243 -242 -241 -240 +239 -238 -237 -236 -235 -234 -233 -232 -231 -230 -229 -228 -227 -226 -225 -224 -223 -222 -221 -220 -219 -218 -217 -216 -215 -214 -213 -212 -211 -210 -209 -208 -207 -206 -205 -204 -202 -201 -200 -199 -198 -197 -196 -195 -194 -193 -192 -191 -182 -190 -189 -188 -185 -184 -183 +130 +131 +132 +133 +134 +135 +136 +139 +140 +141 +142 +143 +144 +145 +146 +147 +148 +149 +150 +151 +152 +153 +154 +155 +156 +157 +170 +171 +173 +174 +175 +176 +177 +179 +180 +181 -129 -128 -127 -126 -125 -124 -123 -122 -121 -120 -119 -118 -117 -89 -116 -115 -112 -111 -109 -108 -107 -106 -105 -104 -103 -102 -101 -100 -99 -98 -97 +290 +291 -96 -95 -94 -93 -92 -91 -88 -87 -86 -85 -84 -83 -82 -81 -80 -79 -78 -77 -76 -75 -74 -73 -72 -71 -70 -69 -68 -67 -66 -65 -61 -60 -55 -54 -53 -51 -50 -49 -48 -47 -46 -45 -44 -43 -41 -40 -39 -38 -37 -36 -35 -34 -33 -31 -30 -29 -28 -27 -26 -25 -24 -23 -22 -20 -19 -18 -17 -16 -15 -14 -13 -12 -11 -32 -10 -9 -8 -7 -6 @
>CP017504.1
+1 +2 +3 +6 +7 +8 +9 +10 +11 +12 +13 +14 +15 +16 +17 +18 +19 +20 +22 +23 +24 +25 +26 +27 +28 +29 +30 +31 +32 +33 +34 +35 +36 +37 +38 +39 +40 +41 +43 +44 +45 +46 +47 +48 +49 +50 +51 +53 +54 +55 +60 +61 +65 +66 +67 +68 +69 +70 +71 +72 +73 +74 +75 +76 +77 +78 +79 +80 +81 +82 +83 +84 +85 +86 +87 +88 +89 +91 +92 +93 +94 +95 +96 -291 -290 +97 +98 +99 +100 -177 -176 -175 -174 +183 +184 +185 +188 +189 +190 -173 -171 -170 -157 -156 -148 -147 -146 -145 -144 -143 -142 -141 -140 -139 -136 -135 -134 -133 -132 -131 -130 -129 -128 -127 -126 -125 -124 -123 -122 -121 -120 -119 -118 -117 -116 -115 -112 -111 -109 -108 -107 -106 -105 -104 -103 -102 -101 +179 +180 +181 +182 +191 +192 +193 +194 +195 +196 +197 +198 +199 +200 +201 +202 +204 +205 +206 +207 +208 +209 +210 +211 +212 +213 +214 +215 +216 +217 +218 +219 +220 +221 +222 +223 +224 +225 +226 +227 +228 +229 +230 +231 +232 +233 +234 +235 +236 +237 +238 -239 +240 +241 +242 +243 +244 +245 +246 +247 +248 +249 +250 +251 +252 +253 +254 +255 +256 +257 +258 +259 +260 +261 +262 +263 +264 +265 +266 +267 +268 +269 +270 +271 +272 +273 +274 +277 +278 @
>CP017524.1
+1 +2 +3 +6 +7 +8 +9 +10 +11 +12 +13 +14 +15 +16 +17 +18 +19 +20 +22 +23 +24 +25 +26 +27 +28 +29 +30 +31 +32 +33 +34 +35 +36 +37 +38 +39 +40 +41 +43 +44 +45 +46 +47 +48 +49 +50 +51 +53 +54 +55 +60 +61 +65 +66 +67 +68 +69 +70 +71 +72 +73 +74 +75 +76 +77 +78 +79 +80 +81 +82 +83 +84 +85 +86 +87 +88 +89 +91 +92 +93 +94 +95 +96 -291 -290 +97 +98 +99 +100 +101 +102 +103 +104 +105 +106 +107 +108 +109 +111 +112 +115 +116 +117 +118 +119 +120 +121 +122 +123 +124 +125 +126 +127 +128 +129 +130 +131 +132 +133 +134 +135 +136 +139 +140 +141 +142 +143 +144 +145 +146 +147 +148 +149 +150 +151 +152 +153 +154 +155 +156 +157 +183 +184 +185 +188 +189 +190 -173 -171 -170 +174 +175 +176 +177 +179 +180 +181 +182 +191 +192 +193 +194 +195 +196 +197 +198 +199 +200 +201 +202 +204 +205 +206 +207 +208 +209 +210 +211 +212 +213 +214 +215 +216 +217 +218 +219 +220 +221 +222 +223 +224 +225 +226 +227 +228 +229 +230 +231 +232 +233 +234 +235 +236 +237 +238 -239 +240 +241 +242 +243 +244 +245 +246 +247 +248 +249 +250 +251 +252 +253 +254 +255 +256 +257 +258 +259 +260 +261 +262 +263 +264 +265 +266 +267 +268 +269 +270 +271 +272 +273 +274 +277 +278 @
>CP017520.1
+1 +2 +3 +6 +7 +8 +9 +10 +11 +12 +13 +14 +15 +16 +17 +18 +19 +20 +22 +23 +24 +25 +26 +27 +28 +29 +30 +31 +32 +33 +34 +35 +36 +37 +38 +39 +40 +41 +43 +44 +45 +46 +47 +48 +49 +50 +51 +53 +54 +55 +60 +61 +65 +66 +67 +68 +69 +70 +71 +72 +73 +74 +75 +76 +77 +78 +79 +80 +81 +82 +83 +84 +85 +86 +87 +88 +89 -116 -115 -112 -111 -109 -108 -107 -106 -105 -104 -103 -102 -101 -100 -99 -98 -97 +290 +291 -96 -95 -94 -93 -92 -91 +117 +118 +119 +120 +121 +122 +123 +124 +125 +126 +127 +128 +129 -157 -156 -155 -154 -153 -152 -151 -150 -149 -148 -147 -146 -145 -144 -143 -142 -141 -140 -139 -136 -135 -134 -133 -132 -131 -130 +170 +171 +173 -190 -189 -188 -185 -184 -183 +174 +175 +176 +177 +179 +180 +181 +182 +191 +192 +193 +194 +195 +196 +197 +198 +199 +200 +201 +202 +204 +205 +206 +207 +208 +209 +210 +211 +212 +213 +214 +215 +216 +217 +218 +219 +220 +221 +222 +223 +224 +225 +226 +227 +228 +229 +230 +231 +232 +233 +234 +235 +236 +237 +238 -239 +240 +241 +242 +243 +244 +245 +246 +247 +248 +249 +250 +251 +252 +253 +254 +255 +256 +257 +258 +259 +260 +261 +262 +263 +264 +265 +266 +267 +268 +269 +270 +271 +272 +273 +274 +277 +278 @
>CP017523.1
+1 +2 +3 +6 +7 +8 +9 +10 +11 +12 +13 +14 +15 +16 +17 +18 +19 +20 +22 +23 +24 +25 +26 +27 +28 +29 +30 +31 +32 +33 +34 +35 +36 +37 +38 +39 +40 +41 +43 +44 +45 +46 +47 +48 +49 +50 +51 +53 +54 +55 +65 +66 +67 +68 +69 +70 +71 +72 +73 +74 +75 +76 +77 +78 +79 +80 +81 +82 +83 +84 +85 +86 +87 +88 +89 +92 +93 +94 +95 +96 -291 -290 +97 +98 +99 +100 +101 +102 +103 +104 +105 +106 +107 +108 +109 +111 +112 +115 +116 -91 +117 +118 +119 +120 +121 +122 +123 +124 +125 +126 +127 +128 +129 +130 +131 -136 -135 -134 -133 -132 +139 +140 +141 +142 +143 +144 +145 +146 +147 +148 +149 +150 +151 +152 +153 +154 +155 +156 +157 -171 -170 +173 +174 +175 +176 +177 +179 +180 +181 +182 +191 +192 +193 +194 +195 +196 +197 +198 +199 +200 +201 +202 +204 +205 +206 +207 +208 +209 +210 +211 +212 +213 +214 +215 +216 +217 +218 +219 +220 +221 +222 +223 +224 +225 +226 +227 +228 +229 +230 +231 +232 +233 +234 +235 +236 +237 +238 -239 +240 +241 +242 +243 +244 +245 +246 +247 +248 +249 +250 +251 +252 +253 +254 +255 +256 +257 +258 +259 +260 +261 +262 +263 +264 +265 +266 +267 +268 +269 +270 +271 +272 +273 +274 +277 +278 @
>CP004753.2
-274 -273 -272 -271 -270 -269 -268 -267 -266 -265 -264 -263 -262 -261 -260 -259 -258 -257 -256 -255 -254 -253 -252 -251 -250 -249 -248 -247 -246 -245 -244 -243 -242 -241 -240 -239 -238 -237 -236 -235 -234 -233 -232 -231 -230 -229 -228 -227 -226 -225 -224 -223 -222 -221 -220 -219 -218 -217 -216 -215 -214 -213 -212 -211 -210 -209 -208 -207 +183 +184 +185 +188 +189 -204 -200 -199 -198 -197 -196 -195 -194 -193 -192 -191 -182 -181 -180 -179 -177 -176 -175 -174 -173 -171 -170 -157 -156 -155 -149 -148 -147 -146 -145 -144 -143 -142 -141 -140 -139 -136 -135 -134 -133 -132 -131 -130 -129 -128 -126 -125 -124 -123 -122 -121 -120 -119 -118 -117 -116 -115 -112 -111 -109 -108 -107 -106 -105 -104 -103 -102 -101 -100 -99 -98 -97 +290 +291 -96 -95 -94 -93 -92 -91 -89 -88 -87 -86 -85 -84 -83 -82 -81 -80 -79 -78 -77 -76 -75 -74 -73 -72 -71 -70 -69 -68 -67 -66 -65 -55 -54 -53 -51 -50 -49 -48 -47 -46 -45 -44 -43 -41 -40 -39 -38 -37 -36 -35 -34 -33 -32 -31 -30 -29 -28 -27 -26 -25 -24 -23 -22 -20 -19 -18 -17 -16 -15 -14 -13 -12 -11 -10 -9 -8 -7 -6 -3 -2 -1 -278 -277 @
>CP023043.1
-274 -273 -272 -271 -270 -269 -268 -267 -266 -265 -264 -263 -262 -261 -260 -259 -258 -257 -256 -255 -254 -253 -252 -251 -250 -249 -248 -247 -246 -245 -244 -243 -242 -241 -240 +239 -238 -237 -236 -235 -234 -233 -232 -231 -230 -229 -228 -227 -226 -225 -224 -223 -222 -221 -220 -219 -218 -217 -216 -215 -214 -213 -212 -211 -210 -209 -208 -207 -206 -205 -204 -202 -201 -200 -199 -198 -197 -196 -195 -194 -193 -192 -191 -182 -181 -180 -179 -177 -176 -175 -174 +170 +171 +173 -190 -189 -188 -185 -184 -183 -157 -156 -155 -154 -153 -152 -151 -150 -149 -148 -147 -146 -145 -144 -143 -142 -141 -140 -139 -136 -135 -134 -133 -132 -131 -130 -129 -128 -127 -126 -125 -124 -123 -122 -121 -120 -119 -118 -117 -116 -115 -112 -111 -109 -108 -107 -106 -105 -104 -103 -102 -101 -100 -99 -98 -97 +290 +291 -96 -95 -94 -93 -92 -91 -89 -88 -87 -86 -85 -84 -83 -82 -81 -80 -79 -78 -77 -76 -75 -74 -73 -72 -71 -70 -69 -68 -67 -66 -65 -61 -60 -55 -54 -53 -51 -50 -49 -48 -47 -46 -45 -44 -43 -41 -40 -39 -38 -37 -36 -35 -34 -33 -32 -31 -30 -29 -28 -27 -26 -25 -24 -23 -22 -20 -19 -18 -17 -16 -15 -14 -13 -12 -11 -10 -9 -8 -7 -6 -3 -2 -1 -278 -277 @
>CP005972.1
+115 +116 +117 +118 +119 +120 +121 +122 +123 +124 +125 +126 +127 +128 +129 +130 +131 +132 +133 +134 +135 +136 +139 +140 +141 +142 +143 +144 +145 +146 +147 +148 +149 +150 +151 +152 +153 +154 +155 +156 +157 +170 +171 +173 +174 +175 +176 +177 +179 +180 +181 +182 +183 +184 +185 +188 +189 +190 +191 +192 +193 +194 +195 +196 +197 +198 +199 +200 +201 +202 +204 +205 +206 +207 +208 +209 +210 +211 +212 +213 +214 +215 +216 +217 +218 +219 +220 +221 +222 +223 +224 +225 +226 +227 +228 +229 +230 +231 +232 +233 +234 +235 +236 +237 +238 -239 +240 +241 +242 +243 +244 +245 +246 +247 +248 +249 +250 +251 +252 +253 +254 +255 +256 -26 -25 -24 -23 -22 -20 -19 -18 -17 -16 -15 -14 -13 -12 -11 -10 -9 -8 -7 -6 -3 -2 -1 -278 -277 -274 -273 -272 -271 -270 -269 -268 -267 -266 -265 -264 -263 -262 -261 -260 -259 +27 +28 +29 +30 +31 +32 +33 +34 +35 +36 +37 +38 +39 +40 +41 +43 +44 +45 +46 +47 +48 +49 +50 +51 +53 +54 +55 +60 +61 +65 +66 +67 +68 +69 +70 +71 +72 +73 +74 +75 +76 +77 +78 +79 +80 +81 +82 +83 +84 +85 +86 +87 +88 +89 +91 +92 +93 +94 +95 +96 -291 -290 +97 +98 +99 +100 +101 +102 +103 +104 +105 +106 +107 +108 +109 +111 +112 @
>CP017543.1
+1 +2 +3 +6 +7 +8 +9 +10 +11 +12 +13 +14 +15 +16 +17 +18 +19 +20 +22 +23 +24 +25 +26 +27 +28 +29 +30 +31 +32 +33 +34 +35 +36 +37 +38 +39 +40 +41 +43 +44 +45 +46 +47 +48 +49 +50 +51 +53 +54 +55 +60 +61 +65 +66 +67 +68 +69 +70 +71 +72 +73 +74 +75 +76 +77 +78 +79 +80 +81 +82 +83 +84 +85 +86 +87 +88 +89 -91 +92 +93 +94 +95 +96 -291 -290 +97 +98 +99 +100 -177 -176 -175 -174 +183 +184 +185 +188 +189 +190 -173 -171 -170 -157 -156 -155 -154 -153 -152 -151 -150 -149 -148 -147 -146 -145 -144 -143 -142 -141 -140 -139 -136 -135 -134 -133 -132 -131 -130 -129 -128 -127 -126 -125 -124 -123 -122 -121 -120 -119 -118 -117 -116 -115 -112 -111 -109 -108 -107 -106 -105 -104 -103 -102 -101 +179 +180 +181 +182 +191 +192 +193 +194 +195 +196 +197 +198 +199 +200 +201 +202 +204 +205 +206 +207 +208 +209 +210 +211 +212 +213 +214 +215 +216 +217 +218 +219 +220 +221 +222 +223 +224 +225 +226 +227 +228 +229 +230 +231 +232 +233 +234 +235 +236 +237 +238 +239 +240 +241 +242 +243 +244 +245 +246 +247 +248 +249 +250 +251 +252 +253 +254 +255 +256 +257 +258 +259 +260 +261 +262 +263 +264 +265 +266 +267 +268 +269 +270 +271 +272 +273 +274 +277 +278 @
>CP006573.1
-91 +117 +118 +119 +120 +121 +122 +123 +124 +125 +128 +129 +130 +131 +132 +134 +136 +139 +140 +141 +142 +143 +144 +146 +147 +148 +156 +157 +170 +171 +173 +174 +175 +176 +177 +179 +180 +181 +182 +191 +192 +193 +194 +195 +196 +197 +198 +199 +200 +207 +208 +209 +211 +213 +214 +215 +216 +217 +218 +219 +220 +221 +222 +223 +183 +184 +185 +189 +190 +224 +225 +226 +227 +228 +229 +230 +231 +232 +242 -243 +233 +234 +235 +236 +237 +238 +239 +240 +241 +246 +247 +248 +249 +250 +251 +253 +254 +259 +260 +261 +262 +263 +264 +265 +266 +267 +269 +270 +255 +256 +271 +272 +273 +278 +1 +2 +3 +7 +8 +9 +10 +32 +11 +13 +14 +15 +16 +17 +18 +19 +20 +22 +23 +29 +30 +31 +33 +34 +35 +36 +37 +38 +39 +40 +41 +44 +45 +48 +49 +50 +51 +53 +54 +55 +65 +66 +67 +68 +69 +70 +71 +72 +73 +74 +75 +76 +77 +78 +79 +80 -6 +81 +82 +83 +84 +85 +86 +87 +88 +89 +97 +98 +99 +100 +102 +103 +104 +105 @
>CP017531.1
+98 +99 +100 +101 +102 +103 +104 +105 +106 +107 +108 +109 +111 +112 +115 +116 +117 +118 +119 +120 +121 +122 +123 +124 +125 +126 +127 +128 +129 +130 +131 -136 -135 -134 -133 -132 +139 +140 +141 +142 +143 +144 +145 +146 +147 +148 +149 +150 +151 +152 +153 +154 +155 +156 +157 +170 +171 +173 +174 +175 +176 +177 +179 +180 +181 +182 +191 +192 +193 +194 +195 +196 +197 +198 +199 +200 +201 +202 +204 +205 +206 +207 +208 +209 +210 +211 +212 +213 +214 +215 +216 +217 +218 +219 +220 +221 +222 +223 +224 +225 +226 +227 +228 +229 +230 +231 +232 +233 +234 +235 +236 +237 +238 -239 +240 +241 +242 +243 +244 +245 +246 +247 +248 +249 +250 +251 +252 +253 +254 +259 +260 +261 +262 +263 +264 +265 +266 +267 +268 +269 +270 +255 +256 +257 +258 +271 +272 +273 +274 +277 +278 +1 +2 +3 +6 +7 +8 +9 +10 +11 +12 +13 +14 +15 +16 +17 +18 +19 +20 +22 +23 +24 +25 +26 +27 +28 +29 +30 +31 +32 +33 +34 +35 +36 +37 +38 +39 +40 +41 +43 +44 +45 +46 +47 +48 +49 +50 +51 +53 +54 +55 +60 +61 +65 +66 +67 +68 +69 +70 +71 +72 +73 +74 +75 +76 +77 +78 +79 +80 +81 +82 +83 +84 +85 +86 +87 +88 +89 +91 +92 +93 +94 +95 +96 -291 -290 +97 @
>CP017537.1
+1 +2 +3 +6 +7 +8 +9 +10 +11 +12 +13 +14 +15 +16 +17 +18 +19 +20 +22 +23 +24 +25 +26 +27 +28 +29 +30 +31 +32 +33 +34 +35 +36 +37 +38 +39 +40 +41 +43 +44 +45 +46 +47 +48 +49 +50 +51 +53 +54 +55 +60 +61 +65 +66 +67 +68 +69 +70 +71 +72 +73 +74 +75 +76 +77 +78 +79 +80 +81 +82 +83 +84 +85 +86 +87 +88 +89 +91 +92 +93 +94 +95 +96 -291 -290 +97 +98 +99 +100 -177 -176 -175 -174 +183 +184 +185 +188 +189 +190 -173 -171 -170 -157 -156 -155 -154 -153 -152 -151 -150 -149 -148 -147 -146 -145 -144 -143 -142 -141 -140 -139 -136 -135 -134 -133 -132 -131 -130 -129 -128 -127 -126 -125 -124 -123 -122 -121 -120 -119 -118 -117 -116 -115 -112 -111 -109 -108 -107 -106 -105 -104 -103 -102 -101 +179 +180 +181 +182 +191 +192 +193 +194 +195 +196 +197 +198 +199 +200 +201 +202 +204 +205 +206 +207 +208 +209 +210 +211 +212 +213 +214 +215 +216 +217 +218 +219 +220 +221 +222 +223 +224 +225 +226 +227 +228 +229 +230 +231 +232 +233 +234 +235 +236 +237 +238 +239 +240 +241 +242 +243 +244 +245 +246 +247 +248 +249 +250 +251 +252 +253 +254 +255 +256 +257 +258 +259 +260 +261 +262 +263 +264 +265 +266 +267 +268 +269 +270 +271 +272 +273 +274 +277 +278 @
>CP006957.2
-2 -1 -278 -273 -272 -271 -270 -269 -267 -266 -265 -258 -257 -256 -255 -264 -263 -262 -261 -260 -259 -254 -253 +243 +233 +234 +235 +236 +237 +238 +239 +240 +241 +246 +247 +248 +249 +250 +251 -242 -232 -231 -230 -229 -228 +68 +69 +70 +71 +72 +73 +74 -79 -78 -77 -76 -75 +80 +81 +82 +83 +84 +85 +86 +87 -61 -60 +88 +89 +97 +98 +99 +100 +102 +103 -171 -170 -157 -156 -148 -147 -146 -144 -143 -142 -140 -139 -136 -91 +115 -134 -132 -131 -130 -129 -128 -125 -124 -123 -122 -121 -120 -119 -118 -117 +94 +108 +173 +174 +175 +176 +177 +179 +180 +181 +182 +191 +192 +193 +194 +195 +196 +197 +200 +207 +208 +209 -212 -211 +213 +214 +215 +216 +217 +218 +219 +220 +221 +222 +223 +224 +225 +226 +227 +152 +154 +155 -66 -65 -55 -54 -53 -51 -50 -49 -48 -45 -44 -43 -41 -40 -38 -37 -36 -35 -34 -33 -31 -30 -29 -23 -22 -20 -19 -18 -17 -16 -15 -14 -13 -11 -32 -10 -9 -8 -7 -3 @
>CP017533.1
+1 +2 +3 +6 +7 +8 +9 +10 +11 +12 +13 +14 +15 +16 +17 +18 +19 +20 +22 +23 +24 +25 +26 +27 +28 +29 +30 +31 +32 +33 +34 +35 +36 +37 +38 +39 +40 +41 +43 +44 +45 +46 +47 +48 +49 +50 +51 +53 +54 +55 +61 +65 +66 +67 +68 +69 +70 +71 +72 +73 +74 +75 +76 +77 +78 +79 +80 +81 +82 +83 +84 +85 +86 +87 +88 +89 +91 +92 +93 +94 +95 +96 +97 +98 +99 +100 +101 +102 +103 +104 +105 +106 +107 +108 +109 +111 +112 +115 +116 +117 +118 +119 +120 +121 +122 +123 +124 +125 +126 +127 +128 +129 +130 +131 -136 -135 -134 -133 -132 +139 +140 +141 +142 +143 +144 +145 +146 +147 +148 +149 +150 +151 +152 +153 +154 +155 +156 +157 +170 +171 +173 +174 +175 +176 -177 +179 +180 +181 +182 +183 +184 +185 +188 +189 +190 +191 +192 +193 +194 +195 +196 +197 +198 +199 +200 +201 +202 +204 +205 +206 +207 +208 +209 +210 +211 +212 +213 +214 +215 +216 +217 +218 +219 +220 +221 +222 +223 +224 +225 +226 +227 +228 +229 +230 +231 +232 +233 +234 +235 +236 +237 +238 +239 +240 +241 +242 +243 +244 +245 +246 +247 +248 +249 +250 +251 +252 +253 +254 +255 +256 +257 +258 +259 +260 +261 +262 +263 +264 +265 +266 +267 +268 +269 +270 +271 +272 +273 +274 +277 +278 @
>CP017539.1
+98 +99 +100 +101 +102 +103 +104 +105 +106 +107 +108 +109 +111 +112 +115 +116 +117 +118 +119 +120 +121 +122 +123 +124 +125 +126 +127 +128 +129 +130 +131 -136 -135 -134 -133 -132 +139 +140 +141 +142 +143 +144 +145 +146 +147 +148 +149 +150 +151 +152 +153 +154 +155 +156 +157 +170 +171 +173 +174 +175 +176 +177 +179 +180 +181 +182 +183 +184 +185 +188 +189 +190 +191 +192 +193 +194 +195 +196 +197 +198 +199 +200 +201 +202 +204 +205 +206 +207 +208 +209 +210 +211 +212 +213 +214 +215 +216 +217 +218 +219 +220 +221 +222 +223 +224 +225 +226 +227 +228 +229 +230 +231 +232 +233 +234 +235 +236 +237 +238 +239 +240 +241 +242 +243 +244 +245 +246 +247 +248 +249 +250 +251 +252 +253 +254 -51 -50 -49 -48 -47 -46 -45 -44 -43 -41 -40 -39 -38 -37 -36 -35 -34 -33 -32 -31 -30 -29 -28 -27 -26 -25 -24 -23 -22 -20 -19 -18 -17 -16 -15 -14 -13 -12 -11 -10 -9 -8 -7 -6 -3 -2 -1 -278 -277 -274 -273 -272 -271 -270 -269 -268 -267 -266 -265 -264 -263 -262 -261 -260 -259 -258 -257 -256 -255 +53 +54 +55 +60 +61 +65 +66 +67 +68 +69 +70 +71 +72 +73 +74 +75 +76 +77 +78 +79 +80 +81 +82 +83 +84 +85 +86 +87 +88 +89 +91 +92 +93 +94 +95 +96 -291 -290 +97 @
>CP017530.1
+1 +2 +3 +6 +7 +8 +9 +10 +11 +12 +13 +14 +15 +16 +17 +18 +19 +20 +22 +23 +24 +25 +26 +27 +28 +29 +30 +31 +32 +33 +34 +35 +36 +37 +38 +39 +40 +41 +43 +44 +45 +46 +47 +48 +49 +50 +51 -254 -253 -252 -251 -250 -249 -248 -247 -246 -245 -244 -243 -242 -241 -240 -239 -238 -237 -236 -235 -234 -233 -232 -231 -230 -229 -228 -227 -226 -225 -224 -223 -222 -221 -220 -219 -218 -217 -216 -215 -214 -213 -212 -211 -210 -209 -208 -207 -206 -205 -204 -202 -201 -200 -199 -198 -197 -196 -195 -194 -193 -192 -191 -182 -181 -180 -179 -177 -176 -175 -174 -173 -171 -170 +130 +131 +132 +133 +134 +135 +136 +139 +140 +141 +142 +143 +144 +145 +146 +147 +148 +151 +152 +153 +154 +155 +156 +157 -129 -128 -127 -126 -125 -124 -123 -122 -121 -120 -119 -118 -117 -115 -112 -111 -109 -108 -107 -106 -105 -104 -103 -102 -101 -100 -99 -98 -97 +290 +291 -96 -95 +91 +92 +93 +94 -89 -88 -87 -86 -85 -84 -83 -82 -81 -80 -79 -78 -77 -76 -75 -74 -73 -72 -71 -70 -69 -68 -67 -66 -65 -61 -60 -55 -54 -53 +255 +256 +257 +258 +259 +260 +261 +262 +263 +264 +265 +266 +267 +268 +269 +270 +271 +272 +273 +274 +277 +278 @
>CP017505.1
+1 +2 +3 +6 +7 +8 +9 +10 +11 +12 +13 +14 +15 +16 +17 +18 +19 +20 +22 +23 +24 +25 +26 +27 +28 +29 +30 +31 +32 +33 +34 +35 +36 +37 +38 +39 +40 +41 +43 +44 +45 +46 +47 +48 +49 +50 +51 +53 +54 +55 +60 +61 +65 +66 +67 +68 +69 +70 +71 +72 +73 +74 +75 +76 +77 +78 +79 +80 +81 +82 +83 +84 +85 +86 +87 +88 +89 +91 +92 +93 +94 +95 +96 -291 -290 +97 +98 +99 +100 +101 +102 +103 +104 +105 +106 +107 +108 +109 +111 +112 +115 +116 +117 +118 +119 +120 +121 +122 +123 +124 +125 +126 +127 +128 +129 +130 +131 +132 +133 +134 +135 +136 +139 +140 +141 +142 +143 +144 +145 +146 +147 +148 +149 +150 +151 +152 +153 +154 +155 +156 +157 +170 +171 +173 +174 +175 +176 +177 +179 +180 +181 +182 +183 +184 +185 +188 +189 +190 +191 +192 +193 +194 +195 +196 +197 +198 +199 +200 +201 +202 +204 +205 +206 +207 +208 +209 +210 +211 +212 +213 +214 +215 +216 +217 +218 +219 +220 +221 +222 +223 +224 +225 +226 +227 +228 +229 +230 +231 +232 +233 +234 +235 +236 +237 +238 -239 +240 +241 +242 +243 +244 +245 +246 +247 +248 +249 +250 +251 +252 +253 +254 +255 +256 +257 +258 +259 +260 +261 +262 +263 +264 +265 +266 +267 +268 +269 +270 +271 +272 +273 +274 +277 +278 @
>CP023046.1
-274 -273 -272 -271 -270 -269 -268 -267 -266 -265 -264 -263 -262 -261 -260 -259 -258 -257 -256 -255 -254 -253 -252 -251 -250 -249 -248 -247 -246 -245 -244 -243 -242 -241 -240 -239 -238 -237 -236 -235 -234 -233 -232 -231 -230 -229 -228 -227 -226 -225 -224 -223 -222 -221 -220 -219 -218 -217 -216 -215 -214 -213 -212 -211 -210 -209 +98 +99 +100 +101 +102 +103 +104 +105 +106 +107 +108 +109 +111 +112 +115 +116 +117 +118 +119 +120 +121 +122 +123 +124 +125 +126 +127 +128 +129 +130 +131 +132 +133 +134 +135 +136 +139 +140 +141 +142 +143 +144 +145 +146 +147 +148 +156 +157 +170 +171 -181 -180 -179 -177 -176 -175 -174 -173 +182 +183 +184 +185 +188 +189 +190 +191 +192 +193 +194 +195 +196 +197 +198 +199 +200 +201 +202 +204 +205 +206 +207 +208 -97 +290 +291 -96 -95 -94 -93 -92 -91 -89 -88 -87 -86 -85 -84 -83 -82 -81 -80 -79 -78 -77 -76 -75 -74 -73 -72 -71 -70 -69 -68 -67 -66 -65 -61 -60 -55 -54 -53 -51 -50 -49 -48 -47 -46 -45 -44 -43 -41 -40 -39 -38 -37 -36 -35 -34 -33 -32 -31 -30 -29 -28 -27 -26 -25 -24 -23 -22 -20 -19 -18 -17 -16 -15 -14 -13 -12 -11 -10 -9 -8 -7 -6 -3 -2 -1 -278 -277 @
>CP011099.1
-8 -7 -6 -3 -2 -1 -278 -277 -274 -273 -272 -271 -270 -269 -268 -267 -266 -265 -264 -263 -262 -261 -260 -259 -258 -257 -256 -255 -254 -253 -252 -251 -250 -249 -248 -247 -246 -245 -244 -243 -242 -241 -240 -239 -238 -237 -236 -235 -234 -233 -232 -231 -230 -229 -228 -227 -226 -225 -224 -223 -222 -221 -220 -219 -218 -217 -216 -215 -214 -213 -212 -211 -210 -209 -208 -207 -206 -205 -204 -202 -201 -200 -199 -198 -197 -196 -195 -194 -193 -192 -191 -182 -181 -180 -179 -177 -176 -175 -174 +183 +184 +185 +188 +189 +190 -173 -171 -170 -157 -156 -155 -154 -153 -152 -151 -150 -149 -148 -147 -146 -145 -144 -143 -142 -141 -140 -139 -136 -135 -134 -133 -132 -131 -130 -129 -128 -127 -126 -125 -124 -123 -122 -121 -120 -119 -118 -117 -116 -115 -112 -111 -109 -108 -107 -106 -105 -104 -103 -102 -101 -100 -99 -98 -97 +290 +291 -96 -95 -94 -93 -92 -91 -89 -88 -87 -86 -85 -84 -83 -82 -81 -80 -79 -78 -77 -76 -75 -74 -73 -72 -71 -70 -69 -68 -67 -66 -65 -61 -60 -55 -54 -53 -51 -50 -49 -48 -47 -46 -45 -44 -43 -41 -40 -39 -38 -37 -36 -35 -34 -33 -32 -31 -30 -29 -28 -27 -26 -25 -24 -23 -22 -20 -19 -18 -17 -16 -14 -13 -12 -11 -10 -9 @
>CP017550.1
+1 +2 +3 +6 +7 +8 +9 +10 +11 +12 +13 +14 +15 +16 +17 +18 +19 +20 +22 +23 +24 +25 +26 +27 +28 +29 +30 +31 +32 +33 +34 +35 +36 +37 +38 +39 +40 +41 +43 +44 +45 +46 +47 +48 +49 +50 +51 -254 -253 -252 -251 -250 -249 -248 -247 -246 -245 -244 -243 -242 -241 -240 +239 -238 -237 -236 -235 -234 -233 -232 -231 -230 -229 -228 -227 -226 -225 -224 -223 -222 -221 -220 -219 -218 -217 -216 -215 -214 -213 -212 -211 -210 -209 -208 -207 -206 -205 -204 -202 -201 -200 -199 -198 -197 -196 -195 -194 -193 -192 -191 -182 -181 -180 -179 +101 +102 +103 +104 +105 +106 +107 +108 +109 +111 +112 +115 +117 +118 +119 +120 +121 +122 +123 +124 +125 +126 +127 +128 +129 -157 -156 -155 -154 -153 -152 -151 -150 -149 -148 -147 -146 -145 -144 -143 -142 -141 -140 -139 -136 -135 -134 -133 -132 -131 -130 +183 +184 +185 +188 +189 +190 -173 -171 -170 +174 +175 +176 +177 -100 -99 -98 -97 +290 +291 -96 -95 -94 -93 -92 -91 -89 -88 -87 -86 -85 -84 -83 -82 -81 -80 -79 -78 -77 -76 -75 -74 -73 -72 -71 -70 -69 -68 -67 -66 -65 -61 -60 -55 -54 -53 +255 +256 +257 +258 +259 +260 +261 +262 +263 +264 +265 +266 +267 +268 +269 +270 +271 +272 +273 +274 +277 +278 @
>CP017528.1
+1 +2 +3 +6 +7 +8 +9 +10 +11 +12 +13 +14 +15 +16 +17 +18 +19 +20 +22 +23 +24 +25 +26 +27 +28 +29 +30 +31 +32 +33 +34 +35 +36 +37 +38 +39 +40 +41 +43 +44 +45 +46 +47 +48 +49 +50 +51 +53 +54 +55 +60 +61 +65 +66 +67 +68 +69 +70 +71 +72 +73 +74 +75 +76 +77 +78 +79 +80 +81 +82 +83 +84 +85 +86 +87 +88 +89 +91 +92 +93 +94 +95 +96 +97 +98 +99 +100 +101 +102 +103 +104 +105 +106 +107 +108 +109 +111 +112 +115 +116 +117 +118 +119 +120 +121 +122 +123 +124 +125 +126 +127 +128 +129 +130 +131 +132 +133 +134 +135 +136 +139 +140 +141 +142 +143 +144 +145 +146 +147 +148 +149 +150 +151 +152 +153 +154 +155 +156 +157 +170 +171 +173 +174 +175 +176 +177 +179 +180 +181 +182 +191 +192 +193 +194 +195 +196 +197 +198 +199 +200 +201 +202 +204 +205 +206 +207 +208 +209 +210 +211 +212 +213 +214 +215 +216 +217 +218 +219 +220 +221 +222 +223 +224 +225 +226 +227 +228 +229 +230 +231 +232 +233 +234 +235 +236 +237 +238 -239 +240 +241 +242 +243 +244 +245 +246 +247 +248 +249 +250 +251 +252 +253 +254 +255 +256 +257 +258 +259 +260 +261 +262 +263 +264 +265 +266 +267 +268 +269 +270 +271 +272 +273 +274 +277 +278 @
>CP017540.1
+1 +2 +3 +6 +7 +8 +9 +10 +11 +12 +13 +14 +15 +16 +17 +18 +19 +20 +22 +23 +24 +25 +26 +27 +28 +29 +30 +31 +32 +33 +34 +35 +36 +37 +38 +39 +40 +41 +43 +44 +45 +46 +47 +48 +49 +50 +51 +53 +54 +55 +60 +61 +65 +66 +67 +68 +69 +70 +71 +72 +73 +74 +75 +76 +77 +78 +79 +80 +81 +82 +83 +84 +85 +86 +87 +88 +89 -116 -115 -112 -111 -109 -108 -107 -106 -105 -104 -103 -102 -101 -100 -99 -98 -97 -96 -95 -94 -93 -92 -91 +117 +118 +119 +120 +121 +122 +123 +124 +125 +126 +127 +128 +129 +130 +131 +132 +133 +134 +135 +136 +139 +140 +141 +142 +143 +144 +145 +146 +147 +148 +149 +150 +151 +152 +153 +154 +155 +156 +157 +170 +171 +173 +174 +175 +176 +177 +179 +180 +181 +182 +183 +184 +185 +188 +189 +190 +191 +192 +193 +194 +195 +196 +197 +198 +199 +200 +201 +202 +204 +205 +206 +207 +208 +209 +210 +211 +212 +213 +214 +215 +216 +217 +218 +219 +220 +221 +222 +223 +224 +225 +226 +227 +228 +229 +230 +231 +232 +233 +234 +235 +236 +237 +238 +239 +240 +241 +242 +243 +244 +245 +246 +247 +248 +249 +250 +251 +252 +253 +254 +255 +256 +257 +258 +259 +260 +261 +262 +263 +264 +265 +266 +267 +268 +269 +270 +271 +272 +273 +274 +277 +278 @
>CP017538.1
-86 -85 -84 -83 -82 -81 -80 -79 -78 -77 -76 -75 -74 -73 -72 -71 -70 -69 -68 -67 -66 -65 -61 -60 -55 -54 -53 -51 -50 -49 -48 -47 -46 -45 -44 -43 -41 -40 -39 -38 -37 -36 -35 -34 -33 -32 -31 -30 -29 -28 -27 -26 -25 -24 -23 -22 -20 -19 -18 -17 -16 -15 -14 -13 -12 -11 -10 -9 -8 -7 -6 -3 -2 -1 -278 -277 -274 -273 -272 -271 -270 -269 -268 -267 -266 -265 -264 -263 -262 -261 -260 -259 -258 -257 -256 -255 -254 -253 -252 -251 -185 -184 -183 -250 -249 -248 -247 -246 -245 -244 -243 -242 -241 -240 +239 -238 -237 -236 -235 -234 -233 -232 -231 -230 -229 -228 -227 -226 -225 -224 -223 -222 -221 -220 -219 -218 -217 -216 -215 -214 -213 -212 -211 -210 -209 -208 -207 -206 -205 -204 -202 -201 -200 -199 -198 -197 -196 -195 -194 -193 -192 -191 -182 -181 -180 -179 +101 +102 +103 +104 +105 +106 +107 +108 +109 +111 +112 +115 +116 +117 +118 +119 +120 +121 +122 +123 +124 +125 +126 +127 +128 +129 -157 -156 -155 -154 -153 -152 -151 -150 -149 -148 -147 -146 -145 -144 -143 -142 -141 -140 -139 -136 -135 -134 -133 -132 -131 -130 +170 +171 +173 +174 +175 +176 +177 -100 -99 -98 -97 +290 +291 -96 -95 -94 -93 -92 -91 -89 -88 -87 @
>CP017535.1
+1 +2 +3 +6 +7 +8 +9 +10 +11 +12 +13 +14 +15 +16 +17 +18 +19 +20 +22 +23 +24 +25 +26 +27 +28 +29 +30 +31 +32 +33 +34 +35 +36 +37 +38 +39 +40 +41 +43 +44 +45 +46 +47 +48 +49 +50 +51 +53 +54 +55 +60 +61 +65 +66 +67 +68 +69 +70 +71 +72 +73 +74 +75 +76 +77 +78 +79 +80 +81 +82 +83 +84 +85 +86 +87 +88 +89 -116 -115 -112 -111 -109 -108 -107 -106 -105 -104 -103 -102 -101 -100 -99 -98 -97 +290 +291 -96 -95 -94 -93 -92 -91 +117 +118 +119 +120 +121 +122 +123 +124 +125 +126 +127 +128 +129 +130 +131 +132 +133 +134 +135 +136 +139 +140 +141 +142 +143 +144 +145 +146 +147 +148 +149 +150 +151 +152 +153 +154 +155 +156 +157 +170 +171 +173 -190 -189 -188 -185 -184 -183 +174 +175 +176 +177 +179 +180 +181 +182 +191 +192 +193 +194 +195 +196 +197 +198 +199 +200 +201 +202 +204 +205 +206 +207 +208 +209 +210 +211 +212 +213 +214 +215 +216 +217 +218 +219 +220 +221 +222 +223 +224 +225 +226 +227 +228 +229 +230 +231 +232 +233 +234 +235 +236 +237 +238 +239 +240 +241 +242 +243 +244 +245 +246 +247 +248 +249 +250 +251 +252 +253 +254 +255 +256 +257 +258 +259 +260 +261 +262 +263 +264 +265 +266 +267 +268 +269 +270 +271 +272 +273 +274 +277 +278 @
>CP017536.1
+1 +2 +3 +6 +7 +8 +9 +10 +11 +12 +13 +14 +15 +16 +17 +18 +19 +20 +22 +23 +24 +25 +26 +27 +28 +29 +30 +31 +32 +33 +34 +35 +36 +37 +38 +39 +40 +41 +43 +44 +45 +46 +47 +48 +49 +50 +51 +53 +54 +55 +60 +61 +65 +66 +67 +68 +69 +70 +71 +72 +73 +74 +75 +76 +77 +78 +79 +80 +81 +82 +83 +84 +85 +86 +87 +88 +89 -91 +92 +93 +94 +95 +96 -291 -290 +97 +98 +99 +100 -177 -176 -175 -174 +183 +184 +185 +188 +189 +190 -173 -171 -170 +130 +131 +132 +134 +135 +136 +139 +140 +141 +142 +143 +144 +145 +146 +147 +148 +156 +157 -129 -128 -127 -126 -125 -124 -123 -122 -121 -120 -119 -118 -117 -116 -115 -112 -111 -109 -108 -107 -106 -105 -104 -103 -102 -101 +179 +180 +181 +182 +191 +192 +193 +194 +195 +196 +197 +198 +199 +200 +201 +202 +204 +205 +206 +207 +208 +209 +210 +211 +212 +213 +214 +215 +216 +217 +218 +219 +220 +221 +222 +223 +224 +225 +226 +227 +228 +229 +230 +231 +232 +233 +234 +235 +236 +237 +238 +239 +240 +241 +242 +243 +244 +245 +246 +247 +248 +249 +250 +251 +252 +253 +254 +255 +256 +257 +258 +259 +260 +261 +262 +263 +264 +265 +266 +267 +268 +269 +270 +271 +272 +273 +274 +277 +278 @
>CP017551.1
+1 +2 +3 +6 +7 +8 +9 +10 +11 +12 +13 +14 +15 +16 +17 +18 +19 +20 +22 +23 +24 +25 +26 +27 +28 +29 +30 +31 +32 +33 +34 +35 +36 +37 +38 +39 +40 +41 +43 +44 +45 +46 +47 +48 +49 +50 +51 +53 +54 +55 +60 +61 +65 +66 +67 +68 +69 +70 +71 +72 +73 +74 +75 +76 +77 +78 +79 +80 +81 +82 +83 +84 +85 +86 +87 +88 +89 +91 +92 +93 +94 +95 +96 -291 -290 +97 +98 +99 +100 -177 -176 -175 -174 +183 +184 +185 +188 +189 +190 -173 -157 -156 -155 -154 -153 -152 -151 -150 -149 -148 -147 -146 -145 -144 -143 -142 -141 -140 -139 -136 -135 -134 -133 -132 -131 -130 -129 -128 -125 -124 -123 -122 -121 -120 -119 -118 -117 -116 -115 -112 -111 -109 -108 -107 -106 -105 -104 -103 -102 -101 +179 +180 +181 +182 +191 +192 +193 +194 +195 +196 +197 +198 +199 +200 +201 +202 +204 +205 +206 +207 +208 +209 +210 +211 +212 +213 +214 +215 +216 +217 +218 +219 +220 +221 +222 +223 +224 +225 +226 +227 +228 +229 +230 +231 +232 +233 +234 +235 +236 +237 +238 +239 +240 +241 +242 +243 +244 +245 +246 +247 +248 +249 +250 +251 +252 +253 +254 +255 +256 +257 +258 +259 +260 +261 +262 +263 +264 +265 +266 +267 +268 +269 +270 +271 +272 +273 +274 +277 +278 @
>CP023044.1
-8 -7 -6 -3 -2 -1 -278 -277 -274 -273 -272 -271 -270 -269 -268 -267 -266 -265 -264 -263 -262 -261 -260 -259 -258 -257 -256 -255 -254 -253 -252 -251 -250 -249 -248 -247 -246 -245 -244 -243 -242 -241 -240 -239 -238 -237 -236 -235 -234 -233 -232 -231 -230 -229 -228 -227 -226 -225 -224 -223 -222 -221 -220 -219 -218 -217 -216 -215 -214 -213 -212 -211 -210 -209 -208 -207 -206 -205 -204 -202 -201 -200 -199 -198 -197 -196 -195 -194 -193 -192 -191 -182 -181 -180 -179 -177 -176 -175 -174 +170 +171 +173 -190 -189 -188 -185 -184 -183 -157 -156 -155 -154 -153 -152 -151 -150 -149 -148 -147 -146 -145 -144 -143 -142 -141 -140 -139 -136 -135 -134 -133 -132 -131 -130 -129 -128 -127 -126 -125 -124 -123 -122 -121 -120 -119 -118 -117 -116 -115 -112 -111 -109 -108 -107 -106 -105 -104 -103 -102 -101 -100 -99 -98 -97 +290 +291 -96 -95 -94 -93 -92 -91 -89 -88 -87 -86 -85 -84 -83 -82 -81 -80 -79 -78 -77 -76 -75 -74 -73 -72 -71 -70 -69 -68 -67 -66 -65 -61 -60 -55 -54 -53 -51 -50 -49 -48 -47 -46 -45 -44 -43 -41 -40 -39 -38 -37 -36 -35 -34 -33 -32 -31 -30 -29 -28 -27 -26 -25 -24 -23 -22 -20 -19 -18 -17 -16 -15 -14 -13 -12 -11 -10 -9 @
>CP017549.1
+1 +2 +3 +6 +7 +8 +9 +10 +11 +12 +13 +14 +15 +16 +17 +18 +19 +20 +22 +23 +24 +25 +26 +27 +28 +29 +30 +31 +32 +33 +34 +35 +36 +37 +38 +39 +40 +41 +43 +44 +45 +46 +47 +48 +49 +50 +51 +53 +54 +55 +60 +61 +65 +66 +67 +68 +69 +70 +71 +72 +73 +74 +75 +76 +77 +78 +79 +80 +81 +82 +83 +84 +85 +86 +87 +88 +89 +91 +92 +93 +94 +95 +96 -291 -290 +97 +98 +99 +100 +101 +102 +103 +104 +105 +106 +107 +108 +109 +111 +112 +115 +116 +117 +118 +119 +120 +121 +122 +123 +124 +125 +126 +127 +128 +129 +130 +131 -136 -135 -134 -133 -132 +139 +140 +141 +142 +143 +144 +145 +146 +147 +148 +156 +157 +170 +171 +173 +174 +175 +176 +177 +179 +180 +181 +182 +191 +192 +193 +194 +195 +196 +197 +198 +199 +200 +201 +202 +204 +205 +206 +207 +208 +209 +210 +211 +212 +213 +214 +215 +216 +217 +218 +219 +220 +221 +222 +223 +224 +225 +226 +227 +228 +229 +230 +231 +232 +233 +234 +235 +236 +237 +238 +239 +240 +241 +242 +243 +244 +245 +246 +247 +248 +249 +250 -190 -189 -188 -185 -184 -183 +251 +252 +253 +254 +255 +256 +257 +258 +259 +260 +261 +262 +263 +264 +265 +266 +267 +268 +269 +270 +271 +272 +273 +274 +277 +278 @
>CP023047.1
-7 -6 -3 -2 -1 -278 -277 -274 -273 -272 -271 -270 -269 -268 -267 -266 -265 -264 -263 -262 -261 -260 -259 -258 -257 -256 -255 -254 -253 -252 -251 -250 -249 -248 -247 -246 -245 -244 -243 -242 -241 -240 -239 -238 -237 -236 -235 -234 -233 -232 -231 -230 -229 -228 -227 -226 -225 -224 -223 -222 -221 -220 -219 -218 -217 -216 -215 -214 -213 -212 -211 -210 -209 -208 -207 -206 -205 -204 -202 -201 -200 -199 -198 -197 -196 -195 -194 -193 -192 -191 -182 -181 -180 -179 -177 -176 -175 -174 +170 +171 +173 -190 -189 -188 -185 -184 -183 -157 -156 -155 -154 -153 -152 -151 -150 -149 -148 -147 -146 -145 -144 -143 -142 -141 -140 -139 -136 -135 -134 -133 -132 -131 -130 -129 -128 -127 -126 -125 -124 -123 -122 -121 -120 -119 -118 -117 -116 -115 -112 -111 -109 -108 -107 -106 -105 -104 -103 -102 -101 -100 -99 -98 -97 +290 +291 -96 -95 -94 -93 -92 -91 -89 -88 -87 -86 -85 -84 -83 -82 -81 -80 -79 -78 -77 -76 -75 -74 -73 -72 -71 -70 -69 -68 -67 -66 -65 -61 -60 -55 -54 -53 -51 -50 -49 -48 -47 -46 -45 -44 -43 -41 -40 -39 -38 -37 -36 -35 -34 -33 -32 -31 -30 -29 -28 -27 -26 -25 -24 -23 -22 -20 -19 -18 -17 -16 -15 -14 -13 -12 -11 -10 -9 -8 @
>CP004752.2
-8 -7 -6 -3 -2 -1 -278 -277 -274 -273 -272 -271 -270 -269 -268 -267 -266 -265 -264 -263 -262 -261 -260 -259 -258 -257 -256 -255 -254 -253 -252 -251 -250 -249 -248 -247 -246 -245 -244 -243 -242 -241 -240 +239 -238 -237 -236 -235 -234 -233 -232 -231 -230 -229 -228 -227 -226 -225 -224 -223 -222 -221 -220 -219 -218 -217 -216 -215 -214 -213 -212 -211 -210 -209 -208 -207 -206 -205 -204 -202 -201 -200 -199 -198 -197 -196 -195 -194 -193 -192 -191 -190 -189 -188 -185 -184 -183 -182 -181 -180 -179 -177 -176 -175 -174 -173 -171 -170 -157 -156 -155 -154 -153 -152 -151 -150 -149 -148 -147 -146 -145 -144 -143 -142 -141 -140 -139 -136 -135 -134 -133 -132 -131 -130 -129 -128 -127 -126 -125 -124 -123 -122 -121 -120 -119 -118 -117 -116 -115 -112 -111 -109 -108 -107 -106 -105 -104 -103 -102 -101 -100 -99 -98 -97 +290 +291 -96 -95 -94 -93 -92 -91 -89 -88 -87 -86 -85 -84 -83 -82 -81 -80 -79 -78 -77 -76 -75 -74 -73 -72 -71 -70 -69 -68 -67 -66 -65 -61 -60 -55 -54 -53 -51 -50 -49 -48 -47 -46 -45 -44 -43 -41 -40 -39 -38 -37 -36 -35 -34 -33 -32 -31 -30 -29 -28 -27 -26 -25 -24 -23 -22 -20 -19 -18 -17 -16 -15 -14 -13 -12 -11 -10 -9 @
>CP026858.1
-3 -2 -1 -278 -277 -274 -273 -272 +19 -271 -270 -266 -265 -264 -263 -262 -261 -260 -259 -258 -257 -256 -255 -254 -253 -252 -251 -249 -248 -247 -246 -245 -244 -243 -242 -241 -240 +239 -238 -237 -236 -235 -234 -233 -232 -231 -230 -229 -228 -227 -226 -225 -224 -223 -222 -221 -220 -219 -218 -217 -216 -215 -214 -213 -212 -211 -210 -209 -208 -207 -206 -205 -204 -202 -201 -200 -199 -198 -197 -196 -195 -194 -193 -192 -191 -182 +250 -190 -189 -188 -185 -184 -183 +127 +128 +129 +130 +131 +132 +133 +134 +135 +136 +139 +140 +141 +142 +143 +144 +145 +146 +147 +148 +149 +150 +151 +152 +153 +154 +155 +156 +157 +170 +171 +173 +174 +175 +176 +177 +179 +180 +181 -126 -125 -124 -123 -122 -121 -120 -116 -115 -112 -111 -109 -108 -107 -106 -105 -104 -103 -102 -101 -100 -99 -98 -97 +290 +291 -96 -95 -94 -93 -92 -91 -89 -88 -87 -86 -85 -84 -83 -82 -81 -80 -79 -78 -77 -76 -75 -74 -73 -72 -71 -70 -69 -68 -67 -66 -65 -61 -60 -55 -54 -118 -117 -119 -53 -51 -50 -49 -48 -47 -46 -45 -44 -43 -41 -40 -39 -38 -37 -36 -35 -34 -33 -32 -269 -268 -267 -31 -30 -29 -28 -27 -26 -25 -24 -23 -22 -20 -18 -17 -16 -15 -14 -13 -12 -11 -10 -9 -8 -7 -6 @
>CP017532.1
+1 +2 +3 +6 +7 +8 +9 +10 +11 +12 +13 +14 +15 +16 +17 +18 +19 +20 +22 +23 +24 +25 +26 +27 +28 +29 +30 +31 +32 +33 +34 +35 +36 +37 +38 +39 +40 +41 +43 +44 +45 +46 +47 +48 +49 +50 +51 +53 +54 +55 +60 +61 +65 +66 +67 +68 +69 +70 +71 +72 +73 +74 +75 +76 +77 +78 +79 +80 +81 +82 +83 +84 +85 +86 +87 +88 +89 +91 +92 +93 +94 +95 +96 -291 -290 +97 +98 +99 +100 +101 +102 +103 +104 +105 +106 +107 +108 +109 +111 +112 +115 +116 +117 +118 +119 +120 +121 +122 +123 +124 +125 +126 +127 +128 +129 -157 -156 -155 -154 -153 -152 -151 -150 -149 -148 -147 -146 -145 -144 -143 -142 -141 -140 -139 -136 -135 -134 -133 -132 -131 -130 +183 +184 +185 +188 +189 +190 -173 -171 -170 +174 +175 +176 +177 +179 +180 +181 +182 +191 +192 +193 +194 +195 +196 +197 +198 +199 +200 +201 +202 +204 +205 +206 +207 +208 +209 +210 +211 +212 +213 +214 +215 +216 +217 +218 +219 +220 +221 +222 +223 +224 +225 +226 +227 +228 +229 +230 +231 +232 +233 +234 +235 +236 +237 +238 -239 +240 +241 +242 +243 +244 +245 +246 +247 +248 +249 +250 +251 +252 +253 +254 +255 +256 +257 +258 +265 +266 +267 +268 +269 +270 +259 +260 +261 +262 +263 +264 +271 +272 +273 +274 +277 +278 @
>CP017548.1
+1 +2 +3 +6 +7 +8 +9 +10 +11 +12 +13 +14 +15 +16 +17 +18 +19 +20 +22 +23 +24 +25 +26 +27 +28 +29 +30 +31 +32 +33 +34 +35 +36 +37 +38 +39 +40 +41 +43 +44 +45 +46 +47 +48 +49 +50 +51 +53 +54 +55 +60 +61 +65 +66 +67 +68 +69 +70 +71 +72 +73 +74 +75 +76 +77 +78 +79 +80 +81 +82 +83 +84 +85 +86 +87 +88 +89 +91 +92 +93 +94 +95 +96 -291 -290 +97 +98 +99 +100 -177 -176 -175 -174 +183 +184 +185 +188 +189 +190 -173 -171 -170 +130 +131 +132 +133 +134 +135 +136 +139 +140 +141 +142 +143 +144 +145 +146 +147 +148 +149 +150 +151 +152 +153 +154 +155 +156 +157 -129 -128 -127 -126 -125 -124 -123 -122 -121 -120 -119 -118 -117 -116 -115 -112 -111 -109 -108 -107 -106 -105 -104 -103 -102 -101 +179 +180 +181 +182 +191 +192 +193 +194 +195 +196 +197 +198 +199 +200 +201 +202 +204 +205 +206 +207 +208 +209 +210 +211 +212 +213 +214 +215 +216 +217 +218 +219 +220 +221 +222 +223 +224 +225 +226 +227 +228 +229 +230 +231 +232 +233 +234 +235 +236 +237 +238 -239 +240 +241 +242 +243 +244 +245 +246 +247 +248 +249 +250 +251 +252 +253 +254 +255 +256 +257 +258 +259 +260 +261 +262 +263 +264 +265 +266 +267 +268 +269 +270 +271 +272 +273 +274 +277 +278 @
>CP017544.1
+1 +2 +3 +6 +7 +8 +9 +10 +11 +12 +13 +14 +15 +16 +17 +18 +19 +20 +22 +23 +24 +25 +26 +27 +28 +29 +30 +31 +32 +33 +34 +35 +36 +37 +38 +39 +40 +41 +43 +44 +45 +46 +47 +48 +49 +50 +51 +53 +54 +55 +60 +61 +65 +66 +67 +68 +69 +70 +71 +72 +73 +74 +75 +76 +77 +78 +79 +80 +81 +82 +83 +84 +85 +86 +87 +88 +89 +91 +92 +93 +94 +95 +96 -291 -290 +97 +98 +99 +100 -177 -176 -175 -174 +183 +184 +185 +188 +189 +190 -173 -171 -170 +130 +131 +132 +133 +134 +135 +136 +139 +140 +141 +142 +143 +144 +145 +146 +147 +148 +149 +150 +151 +152 +153 +154 +155 +156 +157 -129 -128 -127 -126 -125 -124 -123 -122 -121 -120 -119 -118 -117 -116 -115 -112 -111 -109 -108 -107 -106 -105 -104 -103 -102 -101 +179 +180 +181 +182 +191 +192 +193 +194 +195 +196 +197 +198 +199 +200 +201 +202 +204 +205 +206 +207 +208 +209 +210 +211 +212 +213 +214 +215 +216 +217 +218 +219 +220 +221 +222 +223 +224 +225 +226 +227 +228 +229 +230 +231 +232 +233 +234 +235 +236 +237 +238 -239 +240 +241 +242 +243 +244 +245 +246 +247 +248 +249 +250 +251 +252 +253 +254 +255 +256 +257 +258 +259 +260 +261 +262 +263 +264 +265 +266 +267 +268 +269 +270 +271 +272 +273 +274 +277 +278 @
>CP006619.1
+1 +2 +3 +6 +7 +8 +9 +10 +11 +12 +13 +14 +15 +16 +17 +18 +19 +20 +22 +23 +24 +25 +26 +27 +28 +29 +30 +31 +32 +33 +34 +35 +36 +37 +38 +39 +40 +41 +43 +44 +45 +46 +47 +48 +49 +50 +51 +53 +54 +55 +60 +61 +65 +66 +67 +68 +69 +70 +71 +72 +73 +74 +75 +76 +77 +78 +79 +80 +81 +82 +83 +84 +85 +86 +87 +88 +89 +91 +92 +93 +94 +95 +96 -291 -290 +97 +98 +99 +100 -177 -176 -175 -174 -157 -156 -155 -154 -153 -152 -151 -150 -149 -148 -147 -146 -145 -144 -143 -142 -141 -140 -139 -136 -135 -134 -133 -132 -131 -130 -129 -128 -127 -126 -125 -124 -123 -122 -121 -120 -119 -118 -117 -115 -112 -111 -109 -108 -107 -106 -105 -104 -103 -102 -101 +179 +180 +181 +182 +191 +192 +193 +194 +195 +196 +197 +198 +199 +200 +201 +202 +204 +205 +206 +207 +208 +209 +210 +211 +212 +213 +214 +215 +216 +217 +218 +219 +220 +221 +222 +223 +224 +225 +226 +227 +228 +229 +230 +231 +232 +233 +234 +235 +236 +237 +238 +239 +240 +241 +242 +243 +244 +245 +246 +247 +248 +249 +250 +251 +252 +253 +254 +255 +256 +257 +258 +259 +260 +261 +262 +263 +264 +265 +266 +267 +268 +269 +270 +271 +272 +273 +274 +277 +278 @
>CP017519.1
+1 +2 +3 +6 +7 +8 +9 +10 +11 +12 +13 +14 +15 +16 +17 +18 +19 +20 +22 +23 +24 +25 +26 +27 +28 +29 +30 +31 +32 +33 +34 +35 +36 +37 +38 +39 +40 +41 +43 +44 +45 +46 +47 +48 +49 +50 +51 +53 +54 +55 +60 +61 +65 +66 +67 +68 +69 +70 +71 +72 +73 +74 +75 +76 +77 +78 +79 +80 +81 +82 +83 +84 +85 +86 +87 +88 +89 +91 +92 +93 +94 +95 +96 -291 -290 +97 +98 +99 +100 -177 -176 -175 -174 +183 +184 +185 +188 +189 +190 -173 -171 -170 -157 -156 -155 -154 -153 -152 -151 -150 -149 -148 -147 -146 -145 -144 -143 -142 -141 -140 -139 -136 -135 -134 -132 -131 -130 -129 -128 -127 -126 -125 -124 -123 -122 -121 -120 -119 -118 -117 -116 -115 -112 -111 -109 -108 -107 -106 -105 -104 -103 -102 -101 +179 +180 +181 +182 +191 +192 +193 +194 +195 +196 +197 +198 +199 +200 +201 +202 +204 +205 +206 +207 +208 +209 +210 +211 +212 +213 +214 +215 +216 +217 +218 +219 +220 +221 +222 +223 +224 +225 +226 +227 +228 +229 +230 +231 +232 +233 +234 +235 +236 +237 +238 +239 +240 +241 +242 +243 +244 +245 +246 +247 +248 +249 +250 +251 +252 +253 +254 +255 +256 +257 +258 +259 +260 +261 +262 +263 +264 +265 +266 +267 +268 +269 +270 +271 +272 +273 +274 +277 +278 @
>CP006574.1
+115 +117 +118 +119 +120 +121 +122 +123 +124 +125 +126 +127 +128 +129 -157 -156 -155 -154 -153 -152 -151 -150 -149 -148 -147 -146 -145 -144 -143 -142 -141 -140 -139 -136 -135 -134 -133 -132 -131 -130 +170 +171 +173 +174 +175 +176 +177 +179 +180 +181 +182 +183 +184 +185 +188 +189 +190 +191 +192 +193 +194 +195 +196 +197 +198 +199 +200 +201 +202 +207 +208 +209 +210 +211 +212 +213 +214 +215 +216 +217 +218 +219 +220 +221 +222 +223 +224 +225 +226 +227 +228 +229 +230 +231 +232 +233 +234 +235 +236 +237 +238 -239 +240 +241 +242 +243 +244 +245 +246 +247 +248 +249 +250 +251 +252 +253 +254 +255 +256 +259 +260 +261 +262 +263 +264 +265 +266 +267 +268 +269 +270 +271 +272 +273 +274 +277 +278 +1 +2 +3 +6 +7 +8 +9 +10 +11 +12 +13 +14 +15 +16 +17 +18 +19 +20 +22 +23 +24 +25 +26 +27 +28 +29 +30 +31 +32 +33 +34 +35 +36 +37 +38 +39 +40 +41 +43 +44 +45 +46 +47 +48 +49 +50 +51 +53 +54 +55 +65 +66 +67 +68 +69 +70 +71 +72 +73 +74 +75 +76 +77 +78 +79 +80 +81 +82 +83 +84 +85 +86 +87 +88 +89 +92 +93 +94 +95 -291 -290 +97 +98 +99 +100 +101 +102 +103 +104 +105 +106 +107 +108 +109 +111 +112 @
>CP011098.1
-8 -7 -6 -3 -2 -1 -278 -277 -274 -273 -272 -271 -270 -269 -268 -267 -266 -265 -264 -263 -262 -261 -260 -259 -258 -257 -256 -255 -254 -253 -252 -251 -250 -249 -248 -247 -246 -245 -244 -243 -242 -241 -240 +239 -238 -237 -236 -235 -234 -233 -232 -231 -230 -229 -228 -227 -226 -225 -224 -223 -222 -221 -220 -219 -218 -217 -216 -215 -214 -213 -212 -211 -210 -209 -208 -207 -206 -205 -204 -202 -201 -200 -199 -198 -197 -196 -195 -194 -193 -192 -191 -182 -181 -180 -179 -177 -176 -175 -174 +170 +171 +173 -190 -189 -188 -185 -184 -183 -157 -156 -155 -154 -153 -152 -151 -150 -149 -148 -147 -146 -145 -144 -143 -142 -141 -140 -139 -136 -135 -134 -133 -132 -131 -130 -129 -128 -127 -126 -125 -124 -123 -122 -121 -120 -119 -118 -117 -116 -115 -112 -111 -109 -108 -107 -106 -105 -104 -103 -102 -101 -100 -99 -98 -97 +290 +291 -96 -95 -94 -93 -92 -91 -89 -88 -87 -86 -85 -84 -83 -82 -81 -80 -79 -78 -77 -76 -75 -74 -73 -72 -71 -70 -69 -68 -67 -66 -65 -61 -60 -55 -54 -53 -51 -50 -49 -48 -47 -46 -45 -44 -43 -41 -40 -39 -38 -37 -36 -35 -34 -33 -32 -31 -30 -29 -28 -27 -26 -25 -24 -23 -22 -20 -19 -18 -17 -16 -15 -14 -13 -12 -11 -10 -9 @
>CP017491.1
+1 +2 +3 +6 +7 +8 +9 +10 +11 +12 +13 +14 +15 +16 +17 +18 +19 +20 +22 +23 +24 +25 +26 +27 +28 +29 +30 +31 +32 +33 +34 +35 +36 +37 +38 +39 +40 +41 +43 +44 +45 +46 +47 +48 +49 +50 +51 +53 +54 +55 +60 +61 +65 +66 +67 +68 +69 +70 +71 +72 +73 +74 +75 +76 +77 +78 +79 +80 +81 +82 +83 +84 +85 +86 +87 +88 +89 +91 +92 +93 +94 +95 +96 +97 +98 +99 +100 +101 +102 +103 +104 +105 +106 +107 +108 +109 +111 +112 +115 +116 +117 +118 +119 +120 +121 +122 +123 +124 +125 +126 +127 +128 +129 +130 +131 +132 +133 +134 +135 +136 +139 +140 +141 +142 +143 +144 +145 +146 +147 +148 +149 +150 +151 +152 +153 +154 +155 +156 +157 +170 +171 +173 +174 +175 +176 +177 +179 +180 +181 +182 +183 +184 +185 +188 +189 +190 +191 +192 +193 +194 +195 +196 +197 +198 +199 +200 +201 +202 +204 +205 +206 +207 +208 +209 +210 +211 +212 +213 +214 +215 +216 +217 +218 +219 +220 +221 +222 +223 +224 +225 +226 +227 +228 +229 +230 +231 +232 +233 +234 +235 +236 +237 +238 +239 +240 +241 +242 +243 +244 +245 +246 +247 +248 +249 +250 +251 +252 +253 +254 +255 +256 +257 +258 +259 +260 +261 +262 +263 +264 +265 +266 +267 +268 +269 +270 +271 +272 +273 +274 +277 +278 @
>CP017506.1
+1 +2 +3 +6 +7 +8 +9 +10 +11 +12 +13 +14 +15 +16 +17 +18 +19 +20 +22 +23 +24 +25 +26 +27 +28 +29 +30 +31 +32 +33 +34 +35 +36 +37 +38 +39 +40 +41 +43 +44 +45 +46 +47 +48 +49 +50 +51 +53 +54 +55 +60 +61 +65 +66 +67 +68 +69 +70 +71 +72 +73 +74 +75 +76 +77 +78 +79 +80 +81 +82 +83 +84 +85 +86 +87 +88 +89 +91 +92 +93 +94 +95 +96 -291 -290 +97 +98 +99 +100 +101 +102 +103 +104 +105 +106 +107 +108 +109 +111 +112 +115 +116 +117 +118 +119 +120 +121 +122 +123 +124 +125 +126 +127 +128 +129 +130 +131 +132 +133 +134 +135 +136 +139 +140 +141 +142 +143 +144 +145 +146 +147 +148 +149 +150 +151 +152 +153 +154 +155 +156 +157 +170 +171 +173 +174 +175 +176 +177 +179 +180 +181 +182 +183 +184 +185 +188 +189 +190 +191 +192 +193 +194 +195 +196 +197 +198 +199 +200 +201 +202 +204 +205 +206 +207 +208 +209 +210 +211 +212 +213 +214 +215 +216 +217 +218 +219 +220 +221 +222 +223 +224 +225 +226 +227 +228 +229 +230 +231 +232 +233 +234 +235 +236 +237 +238 +239 +240 +241 +242 +243 +244 +245 +246 +247 +248 +249 +250 +251 +252 +253 +254 +255 +256 +257 +258 +259 +260 +261 +262 +263 +264 +265 +266 +267 +268 +269 +270 +271 +272 +273 +274 +277 +278 @
>CP017534.1
+1 +2 +3 +6 +7 +8 +9 +10 +11 +12 +13 +14 +15 +16 +17 +18 +19 +20 +22 +23 +24 +25 +26 +27 +28 +29 +30 +31 +33 +34 +35 +36 +37 +38 +39 +40 +41 +43 +44 +45 +46 +47 +48 +49 +50 +51 +53 +54 +55 +60 +61 +65 +66 +67 +68 +69 +70 +71 +72 +73 +74 +75 +76 +77 +78 +79 +80 +81 +82 +83 +84 +85 +86 +87 +88 +89 +91 +92 +93 +94 +95 +96 -291 -290 +97 +98 +99 +100 -177 -176 -175 -174 +170 +171 +173 -190 -189 -188 -185 -184 -183 +130 +131 +132 +133 +134 +135 +136 +139 +140 +141 +142 +143 +144 +145 +146 +147 +148 +149 +150 +151 +152 +153 +154 +155 +156 +157 -129 -128 -127 -126 -125 -124 -123 -122 -121 -120 -119 -118 -117 -116 -115 -112 -111 -109 -108 -107 -106 -105 -104 -103 -102 -101 +179 +180 +181 +182 +191 +192 +193 +194 +195 +196 +197 +198 +199 +200 +201 +202 +204 +205 +206 +207 +208 +209 +210 +211 +212 +213 +214 +215 +216 +217 +218 +219 +220 +221 +222 +223 +224 +225 +226 +227 +228 +229 +230 +231 +232 +233 +234 +235 +236 +237 +238 +239 +240 +241 +242 +243 +244 +245 +246 +247 +248 +249 +250 +251 +252 +253 +254 +255 +256 +257 +258 +259 +260 +261 +262 +263 +264 +265 +266 +267 +268 +269 +270 +271 +272 +273 +274 +277 +278 @
>CP005383.1
+227 +228 +229 +230 +231 +232 +233 +234 +235 +236 +237 +238 -239 +240 +241 +242 +243 +244 +245 +246 +247 +248 +249 +250 +251 +252 +253 +254 +255 +256 +257 +258 +259 +260 +261 +262 +263 +264 +265 +266 +267 +268 +269 +270 +271 +272 +273 +274 +277 +278 +1 +2 +3 +6 +7 +8 +9 +10 +11 +12 +13 +14 +15 +16 +17 +18 +19 +20 +22 +23 +24 +25 +26 +27 +28 +29 +30 +31 +32 +33 +34 +35 +36 +37 +38 +39 +40 +41 +43 +44 +45 +46 +47 +48 +49 +50 +51 +53 +54 +55 +60 +61 +65 +66 +67 +68 +69 +70 +71 +72 +73 +74 +75 +76 +77 +78 +79 +80 +81 +82 +83 +84 +85 +86 +87 +88 +89 +91 +92 +93 +94 +95 +96 -291 -290 +97 +98 +99 +100 -177 -176 -175 -174 +183 +184 +185 +188 +189 +190 -173 -171 -170 -157 -156 -155 -154 -153 -152 -151 -150 -149 -148 -147 -146 -145 -144 -143 -142 -141 -140 -139 -136 -135 -134 -133 -132 -131 -130 -129 -128 -127 -126 -125 -124 -123 -122 -121 -120 -119 -118 -117 -116 -115 -112 -111 -109 -108 -107 -106 -105 -104 -103 -102 -101 +179 +180 +181 +182 +191 +192 +193 +194 +195 +196 +197 +198 +199 +200 +201 +202 +204 +205 +206 +207 +208 +209 +210 +211 +212 +213 +214 +215 +216 +217 +218 +219 +220 +221 +222 +223 +224 +225 +226 @
