>CP003497_1
+1 +2 +3 +4 +5 +6 +7 +8 +9 +10 +11 +12 +13 +14 +15 +16 +17 +18 +15 +19 +20 +21 +15 +15 +22
>CP003039_2
+1 +2 +3 +4 +5 +6 +7 +8 +9 +10 +11 +12 +13 +14 +15 +16 +17 +18 +15 +19 +20 +21 +15 +15 +22
>CP007522_1
+1 +2 +3 +4 +5 +6 +7 +8 +9 +10 +11 +12 +13 +14 +15 +16 +17 +18 +15 +15 +19 +20 +21 +15 +15 +22
>CP003498_1
+1 +2 +3 +4 +5 +6 +7 +8 +9 +10 +11 +12 +13 +14 +15 +16 +17 +18 +15 +19 +20 +21 +15 +15 +22
>CP001515_1
+1 +2 +3 +4 +5 +6 +7 +8 +9 +10 +11 +12 +13 +14 +15 +16 +17 +18 +15 +19 +20 +21 +15 +15 +22
>CP009045_1
+1 +2 +3 +4 +5 +6 +7 +8 +9 +10 +11 +12 +13 +14 +15 +16 +17 +18 +15 +19 +20 +21 +15 +15 +22
>CP007755_1
+1 +2 +3 +4 +5 +6 +7 +8 +9 +10 +11 +12 +13 +14 +16 +17 +18 +19 +20 +21 +15 +15 +22
>CP031154_1
+1 +2 +3 +4 +5 +6 +7 +8 +9 +10 +11 +12 +13 +14 +15 +16 +17 +18 +15 +19 +20 +21 +15 +22
>CP010433_1
+1 +2 +3 +4 +5 +6 +7 +8 +9 +10 +11 +12 +13 +14 +15 +16 +17 +18 +15 +19 +20 +21 +15 +21 +15 +15 +22
>CP017098_1
+1 +2 +3 +4 +5 +6 +7 +8 +9 +10 +11 +12 +13 +14 +15 +16 +17 +18 +15 +19 +20 +21 +15 +15 +22
>LR699002_1
+1 +2 +3 +4 +5 +6 +7 +8 +9 +10 +11 +12 +13 +14 +15 +16 +17 +18 +15 +19 +20 +21 +15 +21 +15 +15 +22
>CP001892_1
+1 +2 +3 +4 +5 +6 +7 +8 +9 +10 +11 +12 +13 +14 +15 +16 +17 +18 +15 +19 +20 +21 +15 +15 +22
>CP022724_1
+1 +2 +3 +4 +5 +6 +7 +8 +9 +10 +11 +12 +13 +14 +15 +16 +17 +18 +15 +19 +20 +21 +15 +15 +22
>CP035497_1
+1 +2 +3 +4 +5 +6 +7 +8 +9 +10 +11 +12 +13 +14 +15 +16 +17 +18 +15 +19 +20 +15 +22
>CP042940_1
+1 +2 +3 +4 +5 +6 +7 +8 +9 +10 +11 +12 +13 +14 +15 +16 +17 +18 +15 +19 +20 +21 +15 +15 +22
>CP001213_1
+1 +2 +3 +4 +5 +6 +7 +8 +16 +17 +18 -15 -21 +13 +14 +15 +19 +20 -12 -11 +9 +10 +22
>CP004053_1
+1 +2 +3 +4 +5 +6 +7 +8 +9 +10 +11 +12 +13 +14 +15 +16 +17 +18 +15 +19 +20 +21 +15 +15 +22
>CP031703_1
+1 +2 +3 +4 +5 +6 +7 +8 +9 +10 +11 +12 +13 +14 +15 +16 +17 +18 +15 +19 +20 +21 +15 +15 +22
>CP047190_1
+1 +2 +3 +4 +5 +6 +7 +8 +9 +10 +11 +12 +13 +14 +15 +16 +17 +18 +15 +19 +20 +21 +15 +22
>CP001853_1
+1 +2 +3 +4 +5 +6 +7 +8 +9 +10 +11 +12 +13 +14 +15 +16 +17 +18 +15 +19 +20 +21 +15 +15 +22
>CP001606_1
+1 +2 +3 +4 +5 +6 +7 +8 +9 +10 +11 +12 +13 +14 +15 +16 +17 +18 +15 +19 +20 +21 +15 +15 +22
>CP002915_1
+1 +2 +3 +4 +5 +6 +7 +8 +9 +10 +11 +12 +13 +14 +15 +16 +17 +18 +15 +19 +20 +21 +15 +15 +22
