>CP003497.1
+1 +2 +3 +4 +5 +6 +7 +8 +9 +10 +11 +12 +13 +14 +15 +16 +17 +18 +15 +19 +20 +21 +15 +15 +22 $
>CP003039.2
+1 +2 +3 +4 +5 +6 +7 +8 +9 +10 +11 +12 +13 +14 +15 +16 +17 +18 +15 +19 +20 +21 +15 +15 +22 $
>CP007522.1
+1 +2 +3 +4 +5 +6 +7 +8 +9 +10 +11 +12 +13 +14 +15 +16 +17 +18 +15 +15 +19 +20 +21 +15 +15 +22 $
>CP003498.1
+1 +2 +3 +4 +5 +6 +7 +8 +9 +10 +11 +12 +13 +14 +15 +16 +17 +18 +15 +19 +20 +21 +15 +15 +22 $
>CP001515.1
+1 +2 +3 +4 +5 +6 +7 +8 +9 +10 +11 +12 +13 +14 +15 +16 +17 +18 +15 +19 +20 +21 +15 +15 +22 $
>CP009045.1
+1 +2 +3 +4 +5 +6 +7 +8 +9 +10 +11 +12 +13 +14 +15 +16 +17 +18 +15 +19 +20 +21 +15 +15 +22 $
>CP007755.1
+1 +2 +3 +4 +5 +6 +7 +8 +9 +10 +11 +12 +13 +14 +16 +17 +18 +19 +20 +21 +15 +15 +22 $
>CP031154.1
+1 +2 +3 +4 +5 +6 +7 +8 +9 +10 +11 +12 +13 +14 +15 +16 +17 +18 +15 +19 +20 +21 +15 +22 $
>CP010433.1
+1 +2 +3 +4 +5 +6 +7 +8 +9 +10 +11 +12 +13 +14 +15 +16 +17 +18 +15 +19 +20 +21 +15 +21 +15 +15 +22 $
>CP017098.1
+1 +2 +3 +4 +5 +6 +7 +8 +9 +10 +11 +12 +13 +14 +15 +16 +17 +18 +15 +19 +20 +21 +15 +15 +22 $
>LR699002.1
+1 +2 +3 +4 +5 +6 +7 +8 +9 +10 +11 +12 +13 +14 +15 +16 +17 +18 +15 +19 +20 +21 +15 +21 +15 +15 +22 $
>CP001892.1
+1 +2 +3 +4 +5 +6 +7 +8 +9 +10 +11 +12 +13 +14 +15 +16 +17 +18 +15 +19 +20 +21 +15 +15 +22 $
>CP022724.1
+14 +15 +16 +17 +18 +15 +19 +20 +21 +15 +15 +22 +1 +2 +3 +4 +5 +6 +7 +8 +9 +10 +11 +12 +13 $
>CP035497.1
+1 +2 +3 +4 +5 +6 +7 +8 +9 +10 +11 +12 +13 +14 +15 +16 +17 +18 +15 +19 +20 +15 +22 $
>CP042940.1
+3 +4 +5 +6 +7 +8 +9 +10 +11 +12 +13 +14 +15 +16 +17 +18 +15 +19 +20 +21 +15 +15 +22 +1 +2 $
>CP001213.1
+1 +2 +3 +4 +5 +6 +7 +8 +16 +17 +18 -15 -21 +13 +14 +15 +19 +20 -12 -11 +9 +10 +22 $
>CP004053.1
+1 +2 +3 +4 +5 +6 +7 +8 +9 +10 +11 +12 +13 +14 +15 +16 +17 +18 +15 +19 +20 +21 +15 +15 +22 $
>CP031703.1
-4 -3 -2 -1 -22 -15 -15 -21 -20 -19 -15 -18 -17 -16 -15 -14 -13 -12 -11 -10 -9 -8 -7 -6 -5 $
>CP047190.1
+1 +2 +3 +4 +5 +6 +7 +8 +9 +10 +11 +12 +13 +14 +15 +16 +17 +18 +15 +19 +20 +21 +15 +22 $
>CP001853.1
+13 +14 +15 +16 +17 +18 +15 +19 +20 +21 +15 +15 +22 +1 +2 +3 +4 +5 +6 +7 +8 +9 +10 +11 +12 $
>CP001606.1
+1 +2 +3 +4 +5 +6 +7 +8 +9 +10 +11 +12 +13 +14 +15 +16 +17 +18 +15 +19 +20 +21 +15 +15 +22 $
>CP002915.1
+1 +2 +3 +4 +5 +6 +7 +8 +9 +10 +11 +12 +13 +14 +15 +16 +17 +18 +15 +19 +20 +21 +15 +15 +22 $
