>CP065432.1
+1 +3 +4 +5 +6 +7 +8 +9 +10 +11 +12 +13 +14 +15 +16 +17 +18 +19 +20 +21 +23 +24 +25 +26 +27 +28 +29 +30 +31 +32 +33 +34 +35 +36 +38 +39 +40 +41 +42 +43 +44 +45 +46 +47 +48 +49 +50 +51 +53 +54 +55 +56 +59 +60 +62 +63 +64 +65 +67 +68 +69 +70 +71 +72 +73 +74 +75 +76 +77 +78 +79 +80 +81 +82 +85 +86 +87 +88 +89 +90 +91 +95 +96 +97 +98 +99 +100 +101 +102 +103 +104 +105 +106 +107 +112 +113 +114 +115 +116 +117 +118 +119 +120 +121 +122 +123 +126 +127 +128 +129 +130 +132 +135 +136 +137 +138 +139 +140 +142 +143 +144 +145 +146 +147 +148 +149 +150 +151 +152 +153 +154 +155 +156 +157 +158 +159 +160 +161 +162 +163 +164 +165 +166 +167 +168 +169 +172 +173 +175 +176 +178 +179 +180 +181 +183 +184 +185 +186 +187 +188 +189 +190 +191 +192 +193 +194 +195 +198 +199 +200 +201 +202 +204 +205 +206 +207 +208 +209 +210 +211 +212 +213 +215 +216 +217 +219 +221 +222 +223 +225 +226 +227 +228 +230 +231 +232 +237 +238 +239 +240 +242 +243 +244 +245 +246 +247 +248 +249 +250 +251 +256 +257 +258 +259 +260 +261 +263 +264 +265 +266 +269 +270 +271 +272 @
>CP015121.1
+1 +3 +4 +5 +6 +7 +8 +9 +10 +11 +12 +13 +14 +15 +16 +17 +18 +19 +20 +21 +23 +24 +25 +26 +27 +28 +29 +30 +31 +32 +33 +34 +35 +36 +38 +39 +40 +41 +42 +43 +44 +45 +46 +47 +48 +49 +50 +51 +53 +54 +55 +56 +59 +60 +62 +63 +64 +65 +67 +68 +69 +70 +71 +72 +73 +74 +75 +76 +77 +78 +79 +80 +81 +82 +85 +86 +87 +88 +89 +90 +91 +95 +96 +97 +98 +99 +100 +101 +102 +103 +104 +105 +106 +107 +112 +113 +114 +115 +116 +117 +118 +119 +120 +121 +122 +123 +126 +127 +128 +129 +130 +132 +135 +136 +137 +138 +139 +140 +142 +143 +144 +145 +146 +147 +148 +149 +150 +151 +152 +153 +154 +155 +156 +157 +158 +159 +160 +161 +162 +163 +164 +165 +166 +167 +168 +169 +172 +173 +175 +176 +178 +179 +180 +181 +183 +184 +185 +186 +187 +188 +189 +190 +191 +192 +193 +194 +195 +198 +199 +200 +201 +202 +204 +205 +206 +207 +208 +209 +210 +211 +212 +213 +215 +216 +217 +219 +221 +222 +223 +225 +226 +227 +228 +230 +231 +232 +237 +238 +239 +240 +242 +243 +244 +245 +246 +247 +248 +249 +250 +251 +256 +257 +258 +259 +260 +261 +263 +264 +265 +266 +269 +270 +271 +272 @
>CP033243.1
+1 +3 +4 +5 +6 +7 +8 +9 +10 +11 +12 +13 +14 +15 +16 +17 +18 +19 +20 +21 +23 +24 +25 +26 +27 +28 +29 +30 +31 +32 +33 +34 +35 +36 +38 +39 +40 +41 +42 +43 +44 +45 +46 +47 +48 +49 +50 +51 +53 +54 +55 +56 +59 +60 +62 +63 +64 +65 +67 +68 +69 +70 +71 +72 +73 +74 +75 +76 +77 +78 +79 +80 +81 +82 +85 +86 +87 +88 +89 +90 +91 +95 +96 +97 +98 +99 +100 +101 +102 +103 +104 +105 +106 +107 +112 +113 +114 +115 +116 +117 +118 +119 +120 +121 +126 +127 +128 +129 +130 +132 +135 +136 +137 +138 +139 +140 +142 +143 +144 +145 +146 +147 +148 +149 +150 +151 +152 +153 +154 +155 +156 +157 +158 +159 +160 +161 +162 +163 +164 +165 +166 +167 +168 +169 +172 +173 +175 +176 +178 +179 +180 +181 +183 +184 +185 +186 +187 +188 +189 +190 +191 +192 +193 +194 +200 +201 +202 +204 +205 +206 +207 +208 +209 +210 +211 +212 +213 +215 +216 +217 +219 +221 +222 +223 +225 +226 +227 +228 +230 +231 +232 +237 +238 +239 +240 +242 +243 +244 +245 +246 +247 +248 +249 +250 +251 +256 +257 +258 +259 +260 +261 +263 +264 +265 +266 +269 +270 +271 +272 @
>CP027611.1
-82 -81 -80 -79 -78 -77 -76 -75 -74 -73 -72 -71 -70 -69 -68 -67 -65 -64 -63 -62 -60 -59 -56 -55 -54 -53 -51 -50 -49 -48 -47 -46 -45 -44 -43 -42 -41 -40 -39 -38 -36 -35 -34 -33 -32 -31 -30 -29 -28 -27 -26 -25 -24 -23 -21 -20 -19 -18 -17 -16 -15 -14 -13 -12 -11 -10 -9 -8 -7 -6 -5 -4 -3 -1 -272 -271 -270 -269 -266 -265 -264 -263 -261 -260 -259 -258 -257 -256 -251 -250 -249 -248 -247 -246 -245 -244 -243 -242 -240 -239 -238 -237 -232 -231 -230 -228 -227 -226 -225 -223 -222 -221 -219 -217 -216 -215 -213 -212 -211 -210 -209 -208 -207 -206 -205 -204 -202 -201 -200 -199 -198 -195 -194 -193 -192 -191 -190 -189 -188 -187 -186 -185 -184 -183 -181 -180 -179 -178 -176 -175 -173 -172 -169 -168 -167 -166 -165 -164 -163 -162 -161 -160 -159 -158 -157 -156 -155 -154 -153 -152 -151 -150 -149 -148 -147 -146 -145 -144 -143 -142 +128 +129 +130 +132 +135 +136 +137 +138 +139 +140 -123 -122 -121 -120 -119 -118 -117 -116 -115 -114 -113 -112 -107 -106 -105 -104 -103 -102 -101 -100 -99 -98 -97 -96 -95 -91 -90 -89 -88 -87 -86 -85 @
>CP046898.1
+1 +3 +4 +5 +6 +7 +8 +9 +10 +11 +12 +13 +14 +15 +16 +17 +18 +19 +20 +21 +23 +24 +25 +26 +27 +28 +29 +30 +31 +32 +33 +34 +35 +36 +38 +39 +40 +41 +42 +43 +44 +45 +46 +47 +48 +49 +50 +51 +53 +54 +55 +56 +59 +60 +62 +63 +64 +65 +67 +68 +69 +70 +71 +72 +73 +74 +75 +76 +77 +78 +79 +80 +81 +82 +85 +86 +87 +88 +89 +90 +91 +95 +96 +97 +98 +99 +100 +101 +102 +103 +104 +105 +106 +107 +112 +113 +114 +115 +116 +117 +118 +119 +120 +121 +122 +123 +126 +127 +128 +129 +130 +132 +135 +136 +137 +138 +139 +140 +142 +143 +144 +145 +146 +147 +148 +149 +150 +151 +152 +153 +154 +155 +156 +157 +158 +159 +160 +161 +162 +163 +164 +165 +166 +167 +168 +169 +172 +173 +175 +176 +178 +179 +180 +181 +183 +184 +185 +186 +187 +188 +189 +190 +191 +192 +193 +194 +195 +198 +199 +200 +201 +202 +204 +205 +206 +207 +208 +209 +210 +211 +212 +213 +215 +216 +217 +219 +221 +222 +223 +225 +226 +227 +228 +230 +231 +232 +237 +238 +239 +240 +242 +243 +244 +245 +246 +247 +248 +249 +250 +251 +256 +257 +258 +259 +260 +261 +263 +264 +265 +266 +269 +270 +271 +272 @
>CP026711.1
-34 -33 -32 -31 -30 -29 -28 -27 -26 -25 -24 -23 -21 -20 -19 -18 -17 -16 -15 -14 -13 -12 -11 -10 -9 -8 -7 -6 -5 -4 -3 -1 -272 -271 -270 -269 -266 -265 -264 -263 -261 -260 -259 -258 -257 -256 -251 -250 -249 -248 -247 -246 -245 -244 -243 -242 -240 -239 -238 -237 -232 -231 -230 -228 -227 -226 -225 -223 -222 -221 -219 -217 -216 -215 -213 -212 -211 -210 -209 -208 -207 -206 -205 -204 -202 -201 -200 -199 -198 -195 -194 -193 -192 -191 -190 -189 -188 -187 -186 -185 -184 -183 -181 -180 -179 -178 -176 -175 -173 -172 -169 -168 -167 -166 -165 -164 -163 -162 -161 -160 -159 -158 -157 -155 -154 -153 -152 -151 -150 -149 -148 -147 -146 -145 -144 -143 +132 +135 +136 +137 +138 +139 +140 -123 -122 -121 -120 -119 -118 -117 -116 -115 -114 -113 -112 -107 -106 -105 -104 -103 -102 -101 -100 -99 -98 -97 -96 -95 -91 -90 -89 -88 -87 -86 -85 -82 -81 -80 -79 -78 -77 -76 -75 -74 -73 -72 -71 -70 -69 -68 -67 -65 -64 -63 -62 -60 -59 -56 -55 -54 -53 -51 -50 -49 -48 -47 -46 -45 -44 -43 -42 -41 -40 -39 -38 -36 -35 @
>CP046654.1
-90 -89 -88 -87 -86 -85 -82 -81 -80 -79 -78 -77 -76 -75 -74 -73 -72 -71 -70 -69 -68 -67 -65 -64 -63 -62 -60 -59 -56 -55 -54 -53 -51 -50 -49 -48 -47 -46 -45 -44 -43 -42 -41 -40 -39 -38 -36 -35 -34 -33 -32 -31 -30 -29 -28 -27 -26 -25 -24 -23 -21 -20 -19 -18 -17 -16 -15 -14 -13 -12 -11 -10 -9 -8 -7 -6 -5 -4 -3 -1 -272 -271 -270 -269 -266 -265 -264 -263 -261 -260 -259 -258 -257 -256 -251 -250 -249 -248 -247 -246 -245 -244 -243 -242 -240 -239 -238 -237 -232 -231 -230 -228 -227 -226 -225 -223 -222 -221 -219 -217 -216 -215 -213 -212 -211 -210 -209 -208 -207 -206 -205 -204 -202 -201 -200 -199 -198 -195 -194 -193 -192 -191 -190 -189 -188 -187 -186 -185 -184 -183 -181 -180 -179 -178 -176 -175 -173 -172 -169 -168 -167 -166 -165 -164 -163 -162 -161 -160 -159 -158 -157 -156 -155 -154 -153 -152 -151 -150 -149 -148 -147 -146 -145 -144 -143 -142 -140 -139 -138 -137 -136 -135 -132 -130 -129 -128 -127 -126 -123 -122 -121 -120 -119 -118 -117 -116 -115 -114 -113 -112 -107 -106 -105 -104 -103 -102 -101 -100 -99 -98 -97 -96 -95 -91 @
>CP047973.1
+1 +3 +4 +5 +6 +7 +8 +9 +10 +11 +12 +13 +14 +15 +16 +17 +18 +19 +20 +21 +23 +24 +25 +26 +27 +28 +29 +30 +31 +32 +33 +34 +35 +36 +38 +39 +40 +41 +42 +43 +44 +45 +46 +47 +48 +49 +50 +51 +53 +54 +55 +56 +59 +60 +62 +63 +64 +65 +67 +68 +69 +70 +71 +72 +73 +74 +75 +76 +77 +78 +79 +80 +81 +82 +85 +86 +87 +88 +89 +90 +91 +95 +96 +97 +98 +99 +100 +101 +102 +103 +104 +105 +106 +107 +112 +113 +114 +115 +116 +117 +118 +119 +120 +121 +122 +123 +126 +127 +128 +129 +130 +132 +135 +136 +137 +138 +139 +140 +142 +143 +144 +145 +146 +147 +148 +149 +150 +151 +152 +153 +154 +155 +156 +157 +158 +159 +160 +161 +162 +163 +164 +165 +166 +167 +168 +169 +172 +173 +175 +176 +178 +179 +180 +181 +183 +184 +185 +186 +187 +188 +189 +190 +191 +192 +193 +194 +195 +198 +199 +200 +201 +202 +204 +205 +206 +207 +208 +209 +210 +211 +212 +213 +215 +216 +217 +219 +221 +222 +223 +225 +226 +227 +228 +230 +231 +232 +237 +238 +239 +240 +242 +243 +244 +245 +246 +247 +248 +249 +250 +251 +256 +257 +258 +259 +260 +261 +263 +264 +265 +266 +269 +270 +271 +272 @
>CP051862.1
+1 -270 -269 -266 -265 -264 -263 -261 -260 -259 -258 -257 -256 -251 -250 -249 -248 -247 -246 -245 -244 -243 -242 -240 -239 -238 -237 -232 -231 -230 -228 -227 -226 -225 -223 -222 -221 -219 -217 -216 -213 -212 -211 -210 -209 -208 -207 -206 -205 -204 -202 -201 -200 -199 -198 -195 -194 -192 -191 -190 -189 -188 -187 -186 -185 -184 -181 -180 -179 -178 -173 -172 -168 -164 -163 -162 -161 -160 -159 -158 -157 -156 -155 -154 -153 -152 -151 -150 -149 -148 -147 -146 -145 -144 -143 -142 -140 -139 -138 -137 -136 -135 -132 -130 -129 -128 -127 -126 -123 -122 -121 -120 -119 -118 -117 -116 -115 -114 -113 -112 -107 -106 -105 -104 -103 -102 -101 -100 -99 -98 -97 -96 -95 -91 -90 -89 -88 -87 -86 -85 -82 -81 -80 -79 -78 -77 -76 -75 -74 -73 -72 -71 -70 -69 -68 -67 -65 -64 -63 -62 -60 -59 -56 -55 -54 -53 -51 -50 -49 -48 -47 -46 -45 -44 -43 -42 -41 -40 -39 -38 -36 -35 -34 -33 -32 -31 -30 -29 -28 -27 -26 -25 -24 -23 -21 -20 -19 -18 -16 -15 -14 -13 -12 -11 -10 -9 -8 -7 -6 -5 -4 -3 +271 +272 @
>CP059040.1
+1 +3 +4 +5 +6 +7 +8 +9 +10 +11 +12 +13 +14 +15 +16 +17 +18 +19 +20 +21 +23 +24 +25 +26 +27 +28 +29 +30 +31 +32 +33 +34 +35 +36 +38 +39 +40 +41 +42 +43 +44 +45 +46 +47 +48 +49 +50 +51 +53 +54 +55 +56 +59 +60 +62 +63 +64 +65 +67 +68 +69 +70 +71 +72 +73 +74 +75 +76 +77 +78 +79 +80 +81 +82 +85 +86 +87 +88 +89 +90 +91 +95 +96 +97 +98 +99 +100 +101 +102 +103 +104 +105 +106 +107 +112 +113 +114 +115 +116 +117 +118 +119 +120 +121 +122 +123 +126 +127 +128 +129 +130 +132 +135 +136 +137 +138 +139 +140 +142 +143 +144 +145 +146 +147 +148 +149 +150 +151 +152 +153 +154 +155 +156 +157 +158 +159 +160 +161 +162 +163 +164 +165 +166 +167 +168 +169 +172 +173 +175 +176 +178 +179 +180 +181 +183 +184 +185 +186 +187 +188 +189 +190 +191 +192 +193 +194 +195 +198 +199 +200 +201 +202 +204 +205 +206 +207 +208 +209 +210 +211 +212 +213 +215 +216 +217 +219 +221 +222 +223 +225 +226 +227 +228 +230 +231 +232 +237 +238 +239 +240 +242 +243 +244 +245 +246 +247 +248 +249 +250 +251 +256 +257 +258 +259 +260 +261 +263 +264 +265 +266 +269 +270 +271 +272 @
>CP015364.1
-152 -151 -150 -149 -148 -147 -146 -145 -144 -143 -142 -140 -139 -138 -137 -136 -135 -132 -130 -129 -128 -127 -126 -121 -120 -119 -118 -117 -116 -115 -114 -113 -112 -107 -106 -105 -104 -103 -102 -101 -100 -99 -98 -97 -96 -95 -91 -90 -89 -88 -87 -86 -85 -82 -81 -80 -79 -78 -77 -76 -75 -74 -73 -72 -71 -70 -69 -68 -67 -65 -64 -63 -62 -60 -59 -56 -55 -54 -53 -51 -50 -49 -48 -47 -46 -45 -44 -43 -42 -41 -40 -39 -38 -36 -35 -34 -33 -32 -31 -30 -29 -28 -27 -26 -25 -24 -23 -21 -20 -19 -18 -17 -16 -15 -14 -13 -12 -11 -10 -9 -8 -7 -6 -5 -4 -3 -1 -272 -271 -270 -269 -266 -265 -264 -263 -261 -260 -259 -258 -257 -256 -251 -250 -249 -248 -247 -246 -245 -244 -243 -242 -240 -239 -238 -237 -232 -231 -230 -228 -227 -226 -225 -223 -222 -221 -219 -217 -216 -215 -213 -212 -211 -210 -209 -208 -207 -206 -205 -204 -202 -201 -200 -194 -193 -192 -191 -190 -189 -188 -187 -186 -185 -184 -183 -181 -180 -179 -178 -176 -175 -173 -172 -169 -168 -167 -166 -165 -164 -163 -162 -161 -160 -159 -158 -157 -156 -155 -154 -153 @
>CP045110.1
-1 -272 -271 -270 -269 -266 -265 -264 -263 -261 -260 -259 -258 -257 -256 -251 -250 -249 -248 -247 -246 -245 -244 -243 -242 -240 -239 -238 -237 -232 -231 -230 -228 -227 -226 -225 -223 -222 -221 -219 -217 -216 -215 -213 -212 -211 -210 -209 -208 -207 -206 -205 -204 -202 -201 -200 -199 -198 -195 -194 -193 -192 -191 -190 -189 -188 -187 -186 -185 -184 -183 -181 -180 -179 -178 -176 -175 -173 -172 -169 -168 -167 -166 -165 -164 -163 -162 -161 -160 -159 -158 -157 -156 -155 -154 -153 -152 -151 -150 -149 -148 -147 -146 -145 -144 -143 -142 -140 -139 -138 -137 -136 -135 -132 -130 -129 -128 -127 -126 -123 -122 -121 -120 -119 -118 -117 -116 -115 -114 -113 -112 -107 -106 -105 -104 -103 -102 -101 -100 -99 -98 -97 -96 -95 -91 -90 -89 -88 -87 -86 -85 -82 -81 -80 -79 -78 -77 -76 -75 -74 -73 -72 -71 -70 -69 -68 -67 -65 -64 -63 -62 -60 -59 -56 -55 -54 -53 -51 -50 -49 -48 -47 -46 -45 -44 -43 -42 -41 -40 -39 -38 -36 -35 -34 -33 -32 -31 -30 -29 -28 -27 -26 -25 -24 -23 -21 -20 -19 -18 -17 -16 -15 -14 -13 -12 -11 -10 -9 -8 -7 -6 -5 -4 -3 @
>CP033768.1
-237 -232 -231 -230 -228 -227 -226 -225 -223 -222 -221 -219 -217 -216 -215 -213 -212 -211 -210 -209 -208 -207 -206 -205 -204 -202 -201 -200 -199 -192 -191 -190 -189 -188 -187 -186 -185 -184 -183 -181 -180 -179 -178 -173 -172 -169 -168 -167 -166 -165 -164 -163 -162 -161 -160 -159 -158 -157 -156 -155 -154 -153 -152 -151 -150 -149 -148 -147 -146 -145 -144 -143 -142 -140 -139 -138 -137 -136 -135 -132 -130 -129 -128 -127 -126 -123 -122 -121 -120 -119 -118 -117 -116 -115 -114 -113 -112 -107 -106 -105 -104 -103 -102 -101 -100 -99 -98 -97 -96 -95 -91 -90 -89 -88 -87 -86 -85 -82 -81 -80 -79 -78 -77 -76 -75 -74 -73 -72 -71 -70 -69 -68 -67 -65 -64 -63 -62 -60 -59 -56 -55 -54 -53 -51 -50 -49 -48 -47 -46 -45 -44 -43 -42 -41 -40 -39 -38 -36 -35 -34 -33 -32 -31 -30 -29 -28 -27 -26 -25 -24 -23 -21 -20 -19 -18 -17 -16 -15 -14 -13 -12 -11 -10 -9 -8 -7 -6 -5 -4 -3 +271 +272 +1 -270 -269 -266 -265 -264 -263 -261 -260 -259 -258 -257 -256 -251 -250 -249 -248 -247 -246 -245 -244 -243 -242 -240 -239 -238 @
>CP018254.1
+1 +3 +4 +5 +6 +7 +8 +9 +10 +11 +12 +13 +14 +15 +16 +17 +18 +19 +20 +21 +23 +24 +25 +26 +27 +28 +29 +30 +31 +32 +33 +34 +35 +36 +38 +39 +40 +41 +42 +43 +44 +45 +46 +47 +48 +49 +50 +51 +53 +54 +55 +56 +59 +60 +62 +63 +64 +65 +67 +68 +69 +70 +71 +72 +73 +74 +75 +76 +77 +78 +79 +80 +81 +82 +85 +86 +87 +88 +89 +90 +91 +95 +96 +97 +98 +99 +100 +101 +102 +103 +104 +105 +106 +107 +112 +113 +114 +115 +116 +117 +118 +119 +120 +121 +122 +123 +126 +127 +128 +129 +130 +132 +135 +136 +137 +138 +139 +140 +142 +143 +144 +145 +146 +147 +148 +149 +150 +151 +152 +153 +154 +155 +156 +157 +158 +159 +160 +161 +162 +163 +164 +165 +166 +167 +168 +169 +172 +173 +175 +176 +178 +179 +180 +181 +183 +184 +185 +186 +187 +188 +189 +190 +191 +192 +193 +194 +195 +198 +199 +200 +201 +202 +204 +205 +206 +207 +208 +209 +210 +211 +212 +213 +215 +216 +217 +219 +221 +222 +223 +225 +226 +227 +228 +230 +231 +232 +237 +238 +239 +240 +242 +243 +244 +245 +246 +247 +248 +249 +250 +251 +256 +257 +258 +259 +260 +261 +263 +264 +265 +266 +269 +270 +271 +272 @
>CP018332.1
+1 -270 -269 -266 -265 -264 -263 -261 -260 -259 -258 -257 -256 -251 -250 -249 -248 -247 -246 -245 -244 -243 -242 -240 -239 -238 -237 -232 -231 -230 -228 -227 -226 -225 -223 -222 -221 -219 -217 -216 -215 -213 -212 -211 -210 -209 -208 -207 -206 -205 -204 -202 -201 -200 -199 -198 -195 -194 -193 -192 -191 -190 -189 -188 -187 -186 -185 -184 -183 -181 -180 -162 -161 -160 -159 -158 -157 -156 -155 -154 -153 -152 -151 -150 -149 -148 -147 -146 -145 -144 -143 -142 -140 -139 -138 -137 -136 -135 -132 -130 -129 -128 -127 -126 -123 -122 -121 -120 -119 -118 -117 -116 -115 -114 -113 -112 -107 -106 -105 -104 -103 -102 -101 -100 -99 -98 -97 -96 -95 -91 -90 -89 -88 -87 -86 -85 -82 -81 -80 -79 -78 -77 -76 -75 -74 -73 -72 -71 -70 -69 -68 -67 -65 -64 -63 -62 -60 -59 -56 -55 -54 -53 -51 -50 -49 -48 -47 -46 -45 -44 -43 -42 -41 -40 -39 -38 -36 -35 -34 -33 -32 -31 -30 -29 -28 -27 -26 -25 -24 -23 -21 -20 -19 -18 -17 -16 -15 -14 -13 -12 -11 -10 -9 -8 -7 -6 -5 -4 -3 +271 +272 @
>CP021347.1
+164 +168 +172 +173 +175 +176 +178 +180 +181 +184 +185 +186 +187 +188 +189 +190 +191 +192 +193 +194 +195 +198 +199 +200 +201 +202 +204 +205 +206 +207 +208 +209 +210 +211 +212 +213 +216 +217 +219 +221 +222 +223 +225 +226 +228 +230 +231 +232 +237 +238 +239 +240 +242 +243 +244 +245 +246 +247 +248 +249 +250 +251 +256 +257 +258 +259 +260 +261 +263 +264 +265 +269 +270 -1 -272 -271 +3 +4 +5 +6 +7 +8 +9 +10 +11 +12 +13 +14 +15 +16 +18 +19 +20 +21 +23 +24 +25 +26 +27 +28 +29 +30 +31 +32 +33 +34 +35 +36 +38 +39 +40 +41 +42 +43 +44 +45 +46 +47 +48 +49 +50 +51 +53 +54 +55 +56 +59 +60 +62 +63 +64 +65 +67 +68 +69 +70 +71 +72 +73 +74 +75 +76 +77 +78 +79 +80 +81 +82 +85 +86 +87 +88 +89 +90 +91 +95 +96 +97 +98 +99 +100 +101 +102 +103 +104 +105 +106 +107 +112 +113 +114 +115 +116 +117 +118 +119 +120 +121 +122 +123 +126 +127 +128 +129 +130 +132 +135 +136 +137 +138 +139 +140 +142 +143 +144 +145 +146 +147 +148 +149 +151 +152 +153 +154 +155 +156 +157 +158 +159 +160 +161 +162 +163 @
